6.280237980586458879e-02
6.276376743311221085e-02
6.264771860581813678e-02
6.245381259624661896e-02
6.218162867666190974e-02
6.183074611932827536e-02
6.140074419650997511e-02
6.089120218047126137e-02
6.030169934347639343e-02
5.963196426807094996e-02
5.888701169517156914e-02
5.807851821849093626e-02
5.721855796996141996e-02
5.631929690448035652e-02
5.539284434924383882e-02
5.445130963144795277e-02
5.350680207828879126e-02
5.257143101696246101e-02
5.165582732402213689e-02
5.076060894712872140e-02
4.988217014778720954e-02
4.901688728608860623e-02
4.816113672212390950e-02
4.731129688194728178e-02
4.646373564616459312e-02
4.561482937486682071e-02
4.476096541959772440e-02
4.389990781944697745e-02
4.303219596281128434e-02
4.215870853435432081e-02
4.128032421873980423e-02
4.039792170063138954e-02
3.951237966469280105e-02
3.862457679558768675e-02
3.773539132220993936e-02
3.684576498049101784e-02
3.595739249634986173e-02
3.507248191283009187e-02
3.419325129807268548e-02
3.332191872021857820e-02
3.246070224740878890e-02
3.161181994778425319e-02
3.077748988948594833e-02
2.995993031206127186e-02
2.916208981826044419e-02
2.838939574485883910e-02
2.764774803398674027e-02
2.694306382528939212e-02
2.628126025841203209e-02
2.566825447299989071e-02
2.510996360869821586e-02
2.461230480515225194e-02
2.418103710921018501e-02
2.381782697993208367e-02
2.351991372474589517e-02
2.328431024312841921e-02
2.310807975541680215e-02
2.298817955332391194e-02
2.292162253632653787e-02
2.290542160390148657e-02
2.293658965552555426e-02
2.301226460213299033e-02
2.313029050861456493e-02
2.328876370116733999e-02
2.348578095728406923e-02
2.371943905445750983e-02
2.398783477018041552e-02
2.428909251259904825e-02
2.462127806001724456e-02
2.498247572852334286e-02
2.536981896841185996e-02
2.577880532950287476e-02
2.620476845154941226e-02
2.664304197430452173e-02
2.708895953752123859e-02
2.753785478095259823e-02
2.798506134435164647e-02
2.842591286747142912e-02
2.885611977817702234e-02
2.927535628069279430e-02
2.968558181760649894e-02
3.008878429650636149e-02
3.048695162498060371e-02
3.088207171061745429e-02
3.127613246100514888e-02
3.167112178373188841e-02
3.206902652643190549e-02
3.247110182288941854e-02
3.287653782510060324e-02
3.328415933865563892e-02
3.369278726992728373e-02
3.410124551569632123e-02
3.450835797274354189e-02
3.491294853784972924e-02
3.531384110779565988e-02
3.570991938533209925e-02
3.610124480062820718e-02
3.648897312998753556e-02
3.687430304846420204e-02
3.725843323111233119e-02
