1.266768697743744440e-02
1.266768697743744440e-02
1.266768697743744440e-02
1.266768697743744440e-02
1.266768697743744440e-02
1.266768697743744440e-02
1.266768697743744440e-02
1.266768697743744440e-02
1.266768697743744440e-02
1.266519084410267122e-02
1.264754541050383194e-02
1.261272311610848497e-02
1.256075120379397496e-02
1.249144268349689293e-02
1.240438908559172299e-02
1.229916685727582178e-02
1.217523217357795694e-02
1.203186798337577308e-02
1.186820962424387470e-02
1.168329003796638420e-02
1.147580534189708394e-02
1.124425210505078376e-02
1.098580909984135483e-02
1.069789010404868443e-02
1.037804244279013147e-02
1.004496511629462269e-02
9.717358984687817988e-03
9.395077964477282703e-03
9.078352554238017930e-03
8.767000885409525698e-03
8.461023036623891228e-03
8.160623014739500081e-03
7.865548104251380082e-03
7.575911021581525906e-03
7.291776575267898235e-03
7.012967240350542579e-03
6.739682045754321650e-03
6.471813244988616938e-03
6.209269333477164185e-03
5.952336153296960974e-03
5.700732928102023207e-03
5.454533352277693252e-03
5.213873386688993271e-03
4.978535584899959274e-03
4.748690732289164058e-03
4.524293616816638108e-03
4.305221395729899939e-03
4.091728529352509948e-03
3.883596837285890370e-03
3.680840312244503150e-03
3.483649306494396823e-03
3.291783189998542022e-03
3.105362290129553161e-03
2.924453090634961377e-03
2.748852619687029101e-03
2.578799997135291979e-03
2.414139990361853765e-03
2.254823709146120715e-03
2.101104344947171861e-03
1.952709983721655738e-03
1.809745688739327913e-03
1.686119910110069585e-03
1.587555376654277255e-03
1.508190556990503381e-03
1.444612568147272133e-03
1.394395602580355067e-03
1.355777191270191376e-03
1.327522416028155752e-03
1.308784817726375664e-03
1.299028549974914166e-03
1.298027256771724534e-03
1.305709971605922620e-03
1.322296540704745232e-03
1.348218286436349885e-03
1.380774779517857575e-03
1.413784857093597878e-03
1.447185647958102025e-03
1.480977817350626708e-03
1.515165825162952682e-03
1.549735402989856547e-03
1.584701521628471528e-03
1.620057074475871051e-03
1.655799068047212079e-03
1.691943846961841379e-03
1.728470985616533664e-03
1.765384292335161337e-03
1.802685110969319288e-03
1.840377522006188520e-03
1.878461505092429143e-03
1.916942977567946986e-03
1.955802725434743067e-03
1.995052916375014695e-03
2.034688325486869870e-03
2.074722718720905471e-03
2.115162657510190249e-03
2.155980209791399579e-03
2.197181892405464937e-03
2.238776506882631835e-03
2.280758607093401943e-03
2.323140248418919997e-03
2.365909472207105256e-03
2.409061866587674551e-03
2.452600265345993100e-03
2.496531106824565437e-03
2.540850754777117856e-03
2.585578797836033619e-03
2.630675992266540055e-03
2.676172810184003752e-03
2.722044201323312474e-03
2.768314730610750736e-03
2.814987335353369338e-03
2.862073372718054037e-03
2.909532638222171123e-03
2.957361078089242902e-03
3.005578847559672254e-03
3.054185946633460047e-03
3.103202122651422222e-03
3.152588037454580241e-03
3.202363281861094965e-03
3.252527855870969865e-03
3.303089098655019422e-03
3.354057778504981099e-03
3.405401332262923512e-03
3.457131256724772957e-03
3.509250510789981275e-03
3.561790664278547108e-03
3.614724428436333001e-03
3.668023258267820615e-03
3.721700422912662017e-03
3.775766917160860558e-03
3.830222741012416672e-03
3.885067894467330359e-03
3.940324629585750110e-03
3.995952893908932650e-03
4.051974068212465911e-03
4.108384572119356745e-03
4.165184405629605152e-03
4.222373568743209397e-03
4.279975252719094014e-03
4.337975199744553353e-03
4.396363524335780877e-03
4.455110598029020375e-03
4.514247001325618312e-03
4.573796708328939538e-03
4.633711927354909436e-03
4.694016475984232571e-03
4.754711605323888243e-03
4.815802688675816130e-03
4.877303868603943479e-03
4.939177757491891585e-03
5.001436986176549873e-03
5.064085544464568336e-03
5.127123432355944373e-03
5.190582474984288888e-03
5.254461758947283692e-03
5.318668227814933938e-03
5.383264026285945227e-03
5.448249154360307149e-03
5.513623612038032716e-03
5.579387851926027007e-03
5.645573234139846484e-03
5.712123712666189457e-03
5.779063520795890002e-03
5.846392658528948988e-03
5.914111125865362077e-03
5.982246340826604877e-03
6.050743623892394264e-03
6.119661377399249202e-03
6.188980926378858348e-03
6.258646633898265997e-03
6.328707202405531827e-03
6.399174395135724148e-03
6.470008247987859597e-03
6.541234469002366395e-03
6.612854856577108330e-03
6.684864573755205236e-03
6.757292760601350812e-03
6.830081293508817944e-03
6.903259156019646986e-03
6.976826348133830999e-03
7.050782869851373452e-03
7.125169817658179652e-03
7.199974610597698749e-03
7.275099713291517146e-03
7.350614145588690515e-03
7.426517907489221457e-03
7.502811000594648318e-03
7.579532152251251473e-03
7.656611935000400687e-03
7.734081047352914413e-03
7.811939489308781376e-03
7.890187260868005911e-03
7.968841815634338660e-03
8.047882594103206860e-03
8.127298510995157460e-03
8.207131905682141584e-03
8.287384844351403101e-03
8.367974992410475224e-03
8.448975440797031750e-03
8.530320509719285099e-03
