568.055263201444
 568.05526342965
568.055263135467
568.055263620469
568.055262729376
568.055264428465
568.055261151154
568.055267494557
568.055255203681
568.055279024886
568.055094277679
568.054385340236
568.053255388889
568.051626181822
568.049504185499
568.046828086185
568.043559880233
568.039627135443
568.034944624963
568.029407308481
568.022866312133
568.015157266017
568.005997414699
567.995075661795
567.981822888837
567.965919002212
567.948380059288
567.929463557223
567.908772252246
567.886269978697
567.861645683927
567.834728754461
567.805229650452
567.772825316815
 567.73719708474
567.697927766137
567.654547021213
567.606568477319
567.553320686686
567.494126814469
567.428201497104
567.354475470481
567.271907068783
567.179141932921
  567.0745291511
566.956302680065
566.822094307074
 566.66920340431
 566.49449411378
566.293678681359
566.061985042385
565.793384246422
565.479827931199
565.111937117252
564.677131115126
564.158751192215
 563.53597580307
 562.77871597886
561.846381324193
560.682128615988
559.193996735334
557.271408402042
555.019161494014
552.560648495837
549.852176672868
546.886239363195
543.651904937288
540.136089788402
536.324586236833
532.196391072822
527.677645398172
517.724686394221
512.126151822011
506.318902979833
500.716544258297
 495.95052556917
491.704041326217
487.821738713319
484.214841856179
480.828639420008
477.623276675455
 474.57173071605
471.653403546372
468.850897003125
466.152933241817
463.548728842892
461.029519464356
458.587772609777
456.217324067064
453.912525819026
451.669868846758
449.484575057113
447.353336182735
445.272248790754
443.238183057912
441.249952364546
439.304872663991
437.400410397298
435.534876565432
 433.70598255982
431.912615066698
430.153430845541
428.426900907962
426.731473943876
425.066081775395
423.428895572803
 421.82027076373
420.238130219422
 418.68239478714
417.151359490993
415.644127616918
414.159596520483
412.698283545633
 411.25957067811
409.842173440436
408.445459968582
407.068287693732
405.711174831903
404.373026196077
403.053320840019
401.751376393252
400.466463073019
399.198938188741
397.948070883828
396.713369303012
395.493714561513
394.289370463885
393.100593292987
391.926710036817
390.767132450979
389.621529777451
388.489583285179
387.370544218628
386.264920453192
385.171997333815
384.091569239144
383.023368827553
381.967137633056
380.922213110341
379.888624210511
378.866314065381
377.855554331478
376.855590628499
375.865818808942
374.886818428522
373.917993768008
372.959130853974
372.009959766935
371.070089713015
370.139909522987
369.219050140605
368.307283153767
375.223208114223
536.576295046141
559.055925533297
557.720095673978
558.253361564667
558.525555904429
558.816515098741
559.090974310949
559.354554629847
559.607331454517
559.849811345834
560.082680633258
560.306449917046
560.521631256814
560.728724068947
560.928008304096
561.120065863858
561.305139455554
561.483473048321
 561.65554585377
561.821633599041
561.981938980946
562.136804259784
562.286460578742
562.431149086252
562.571117911646
562.706465607249
562.837469206267
562.964293775983
563.087133008499
563.206214110938
563.321613867251
563.433372381578
563.541767473543
563.646898288054
563.748915601655
563.847960899278
563.944060116114
564.037385941598
 564.12802562895
564.216088008226
564.301679310778
 564.38485710973
564.465717983636
564.544373549289
564.620959765225
564.694982931298
564.769369462126
564.990107984859