 1182199.1143506
 1182199.0496082
1182199.31096791
1182198.72618407
1182199.90470164
1182197.59438178
1182202.08761478
1182193.36932632
1182210.27389732
1182177.50313297
1182288.54757889
1182331.39171375
1182406.53137673
 1182457.5455151
1182519.76798573
 1182572.6406258
1182629.64874742
1182683.03246611
1182741.80258554
1182795.84382248
1182864.37590675
1182918.70107181
1183018.58651337
1183078.07072896
1183255.63017813
1183236.36709169
1183033.70741998
1182915.98469595
1182726.67806943
1182553.96390936
1182349.42613401
1182125.87934229
1181885.69201257
1181617.26310497
1181318.36713709
1180996.48461763
1180629.46152554
1180227.38404599
1179785.71909237
1179275.78506413
1178724.96257448
1178099.00395006
1177388.35797926
1176604.43776259
1175701.50332967
1174683.00007074
1173535.58070379
1172197.08034286
1170689.08161067
1168945.67392359
1166905.44837902
1164568.41461532
1161809.83272914
1158555.40084208
 1154736.9351468
1150118.36988664
1144594.16919177
1137867.60270043
1129501.72996273
1119087.83528644
1106053.98560455
1084605.78718001
1057492.55846733
1029597.63304101
999873.513523362
 968412.23758358
935262.323966389
900467.529877955
864103.305824385
826224.784834009
786501.231218695
711749.421388994
672496.778821763
633348.755022929
 597134.54205332
567592.842731021
542231.245612955
519819.269274772
499646.657598723
481266.720169959
464357.104404492
448692.648421852
434100.856173774
420439.771740879
407608.429530816
395516.010010278
384087.787836924
373259.972779149
362979.233671129
353198.057647405
343881.002722953
334989.616375713
326493.769473846
318362.793176771
310570.849320964
303100.929624623
295931.330554308
289042.108432844
282417.427381222
276040.162738027
269898.145450592
263979.004907542
258270.352880902
252760.337062164
247439.235321181
242295.370785115
237324.424546186
232514.760183503
227861.326138486
223354.436056745
218987.221530323
214752.519898267
210648.054825284
206668.421696024
202806.609562193
199057.681488222
195415.540655168
191878.702067992
188441.523469473
185100.065306545
181850.132475243
178687.578053956
175611.068506432
172616.667390655
 169701.16021182
166859.984306422
164091.958492676
161395.898369051
158768.547361919
156206.961476728
153708.869879233
151272.103999621
148893.650049632
146573.256742565
144308.108635214
142096.542475163
139936.820538258
137827.278055258
135765.502496457
133750.523006667
131781.223823701
129857.145209976
127975.888817327
126135.425577886
124335.982016538
122575.611637288
120853.124952718
119167.267998728
117516.612342475
115901.134754208
114319.491034395
 112770.62001787
111253.600672133
109766.809870756
108309.469469879
106882.844631472
105484.702636283
104114.273960464
102770.815565202
 101453.60083404
 100161.33292883
98894.4403735408
97651.7962204536
96432.7738236366
95236.7671098771
94062.7233905054
92911.0166752694
91780.1180594859
90669.8272962799
89580.5015351475
88510.8593048677
87460.2501300529
86428.7982288837
85415.6653464086
84420.3898224583
 83442.614429028
82481.5431809612
81537.5452096472
122259.414333275
299335.587526452
280393.347209038
283684.975721052
283947.110499832
284614.761558263
285197.028853766
285768.605986199
286319.517640726
 286851.48848412
287367.557960632
287865.851427348
288348.321686568
288815.503242812
289267.742971908
289706.437768079
290131.834926965
290543.599862573
290943.340974953
291331.046120585
291719.228546311
 291988.42442047
293110.018914684