0.0577325720282618
0.0577325322421678
0.0577325835307848
0.0577324989741613
0.0577326543297004
0.0577323581056554
0.0577329294800141
0.0577318235504013
 0.057733966362622
0.0577298132610793
0.0577620151539322
0.0578854187218941
0.0580815664528717
0.0583632213500008
0.0587280471081577
0.0591849369225151
0.0597381861389658
 0.060397224481405
0.0611726651438739
0.0620771899555443
0.0631290052843159
0.0643466237628435
0.0657641537310838
0.0674154866451564
0.0693666127840981
0.0716381033021473
0.0740625990305344
0.0765917836403013
 0.079266180075501
0.0820761045377544
0.0850450544486226
0.0881765591793282
0.0914859325272057
 0.094988996154103
0.0986978321026769
 0.102631304557966
 0.106809228149776
 0.111248428929504
 0.115977639831713
 0.121019695018223
  0.12640035166722
 0.132160534463223
 0.138329610957257
 0.144950670829193
  0.15207552176186
 0.159749930766529
 0.168042936107445
  0.17702424810391
 0.186767448456681
   0.1973835575406
 0.208975909232895
 0.221673662147592
 0.235653510346242
 0.251092384873585
 0.268231240769403
   0.2873783219897
 0.308878404148952
 0.333243327336384
 0.361109989322016
 0.393317339281922
 0.431250827885261
 0.476192567161596
  0.52447523110295
 0.573140349802837
 0.623031064703546
  0.67419453502244
 0.726743878063674
 0.780824478637861
 0.836595209806068
  0.89430742466974
 0.954897600854659
  1.08122374866306
  1.14907083126049
  1.21764431742524
  1.28242242741798
  1.33668352338018
  1.38450122203079
  1.42786232395111
  1.46789840276017
  1.50530725386032
   1.5405911752642
  1.57409185602239
  1.60606800818864
  1.63673476210106
  1.66623428711073
  1.69469904645212
  1.72223621605397
  1.74893708712974
  1.77487613970141
  1.80012077449654
  1.82471382624524
  1.84871112920314
  1.87215168225343
  1.89508046592644
  1.91753352187188
   1.9395250418914
  1.96108541186174
   1.9822431379453
  2.00301716095674
  2.02343294278548
  2.04350271012685
  2.06324111525678
  2.08266480487361
  2.10179063288855
  2.12062996626549
  2.13920276230131
  2.15750416075851
  2.17555689677705
  2.19336094433039
  2.21093484934615
  2.22828795599517
  2.24543200888433
  2.26236001575706
  2.27907803194144
  2.29559989718764
  2.31193191706002
   2.3280864179481
  2.34405625486556
  2.35985321917396
  2.37548239718571
  2.39095082089841
  2.40626614196747
  2.42142305674447
  2.43642923719252
  2.45128954562769
  2.46601646536722
  2.48060584164751
  2.49505353525357
  2.50936668279235
  2.52355145785492
  2.53761093330425
  2.55154805898129
  2.56537113033287
  2.57907294003907
    2.592661400209
  2.60613815634205
  2.61950563981571
  2.63276619376731
  2.64592728205296
  2.65898770656548
  2.67194733702359
  2.68480185122666
  2.69755997861343
  2.71022863120098
  2.72279958212825
  2.73527965942573
  2.74767083491507
   2.7599758296208
  2.77219897161447
  2.78433445464933
   2.7963863319942
  2.80835685792738
  2.82024746319906
  2.83206537054396
  2.84381154461889
  2.85547045651636
  2.86705477281694
  2.87856573223286
  2.89000453952089
  2.90137244385168
  2.91267585911715
  2.92390638806415
  2.93506923943485
  2.94616546745709
  2.95719609931834
  2.96816648715498
   2.9790688796145
  2.98991343573375
  3.00069805667534
  3.01141514818329
  3.02207312128736
  3.03267455668946
  3.04321434846393
  3.05369716134977
   3.0641240430019
   3.0744950693289
   3.0848151048154
  3.09507668539919
  3.10528466342719
  3.11543975654783
  3.12554266667958
  3.13559956461743
  3.14560929271218
  3.15555964377016
  3.16546047248039
  3.17531240896469
  3.18511607044604
  3.19487692673907
  3.20458678940433
  3.21425013431169
  3.22386753019006
  3.23343953442184
  3.24296878225348
  3.25245331243047
  3.26189235977645
  3.27129141234275
  3.28065112159719
   3.2899624868364
  3.29923443032554
   3.3084600021108
  3.30846000211077