310255.079594411
310255.062939943
310255.131097174
310254.978342192
310255.286317298
310254.682504474
310255.856871829
310253.578205904
310257.996502302
310249.431298436
310278.301282668
310288.499899378
310306.553153476
310317.538588177
310330.738532492
310340.667330691
310350.807820594
310359.016688488
310367.532760242
310373.546594412
310381.881849983
310384.765608889
310397.462714711
310396.959192955
310423.993079437
310395.478900414
310316.449439835
310257.677166547
310177.522928169
310099.063243894
310009.145761257
309910.884238956
309804.478174704
 309686.41715474
309555.657238694
309413.554532279
309253.625052313
 309077.81189455
308883.959658942
308663.589877651
308422.748387209
308150.942822398
307844.200870706
307503.588267356
307114.818654704
306676.325259659
306181.309621084
305609.811007029
304963.157100346
304218.291266568
303352.801831295
302358.635731292
301192.710536076
299823.611425862
  298217.5476354
296292.550697266
293996.047628977
291215.626142346
287792.593752306
283560.066188419
278273.656129398
270382.047860723
260797.494530781
250944.544073098
 240552.58586906
229684.599985926
218392.199443082
 206727.15270186
194750.971293338
182517.690674915
169958.640656398
146481.567120414
134631.812471888
123194.092569559
112949.520558158
104826.922334375
98024.0378945647
92145.1885106726
86961.7626215608
82329.2235438584
78144.2457763786
74334.0642239346
70843.1410131488
67626.4983276088
64651.2105973076
61888.4993495155
59314.7283173226
56909.8923718726
54657.2557994632
52542.1367000326
50553.0904797462
48678.5595576661
46909.2139585204
45236.0121691779
43651.2647412775
42149.3528597991
40723.9505111053
39369.3208637513
 38080.737113795
36853.4006365573
35683.6235238336
34567.8091255838
33502.4821469474
32484.3845329038
31510.7545273231
30578.5694552152
29686.2160406717
 28830.837391255
28010.8199121075
27223.7943433871
26467.9491561059
25741.4767013919
25043.4474780336
24372.4322002838
 23726.775697654
23105.2120626692
22506.3210862586
21929.4690878391
21373.3693340846
20837.0418215181
20319.4918218139
 19819.758257979
19337.3431178474
18871.3571324884
18421.0445388223
17985.4630453365
 17564.205672192
17156.8735679471
16762.7675821918
16381.2518394313
16011.8045736139
 15653.930946415
15307.0248869482
14970.8922508177
 14644.975428004
14328.8933762296
14022.2627628478
 13724.718766912
13435.8002195218
13155.2557453293
12882.8189557029
12618.3184343576
12361.3224504102
12111.4585507284
11868.6648194616
11632.5899714412
11402.9904577344
11179.6190392439
10962.2105173344
10750.6879799847
10544.8044286283
10344.3541764524
10780.8321794058
54327.4749263534
95877.8921727616
90518.1929190176
91646.2045159619
91934.0010273839
92316.1103057234
92668.7171188195
93009.5403657102
93337.7767627123
93653.3958295485
93957.4555306378
94250.5013469261
94532.8336170843
94805.7708819218
95068.5838561419
95322.6729013962
95568.4997840142
95805.5324957483
96034.7160319397
96256.6950561099
96471.1716761592
96678.8119422125
96879.9134714934
97074.4665236917
97263.4392842162
97446.2336613478
97623.5150598015
97795.4459991797
97962.0083876206
98123.7629543718
98281.3288753801
  98433.64368351
98581.6959423175
98725.5005900288
98864.9743390986
99000.9949319151
99132.8778132828
99261.1733226784
99385.9248676006
99507.1745168308
99625.2582816671
99740.1999983697
99851.8193857479
99960.7689132611
100065.750125797
100175.797202205
 100238.21538921
100540.503388467