  1.72969457431751
  1.72969448007789
  1.72969486185094
  1.72969400727724
  1.72969572968744
  1.72969235303991
  1.72969892018156
  1.72968617782326
  1.72971088499649
  1.72966298829661
  1.72982506571717
  1.72988624160085
  1.72999377257681
  1.73006494142811
  1.73015145919539
  1.73022311632202
  1.73029956215401
  1.73036928877593
  1.73044529808492
  1.73051256663526
  1.73059889682257
   1.7306619516145
  1.73078857007691
  1.73085232425079
  1.73108385232717
   1.7310217808724
  1.73068793385313
  1.73047542185682
  1.73015442488935
  1.72985386219773
  1.72950225103855
  1.72911798054548
  1.72870390635847
   1.7282423818683
   1.7277294866074
   1.7271752884862
  1.72654640588987
  1.72585657924486
  1.72509778106033
   1.7242266726285
  1.72328166832349
  1.72221048658567
   1.7209970356076
  1.71965522681815
  1.71811484028427
  1.71637734756962
  1.71441845938191
  1.71214195410348
  1.70957314543107
   1.7066072791947
  1.70314541277033
  1.69917592358091
  1.69450135764074
   1.6889957907372
  1.68253649854907
  1.67474917596656
  1.66544347683983
  1.65413535745188
  1.64012193092938
  1.62271907292662
  1.60095377292602
  1.56630389746962
  1.52306752974547
  1.47859608215274
  1.43136314653099
  1.38155947035314
  1.32931220587588
  1.27474356833964
  1.21802420318378
  1.15929193194472
  1.09808903626181
 0.983143537422562
  0.92347572463295
 0.864516523112511
 0.810461162058434
 0.766704168141031
 0.729384838380428
 0.696597741214264
 0.667242711259139
  0.64062674128919
 0.616251139107995
 0.593766714225764
 0.572906252010355
 0.553450898154737
 0.535243642342241
 0.518144463369441
 0.502038214466297
  0.48682684798946
 0.472428376858795
 0.458770087924341
 0.445797029441066
 0.433450822994025
 0.421685330693678
 0.410454246297363
 0.399718453189276
 0.389451397567457
 0.379620414344924
 0.370195597239088
 0.361152951896897
 0.352466983162796
 0.344119172296537
 0.336090913892716
 0.328363758752557
 0.320920152432867
 0.313745566553761
 0.306822976863635
 0.300145371167416
 0.293696008544471
 0.287467082137583
 0.281444669327347
 0.275618707847054
  0.26997882206156
  0.26452120169092
 0.259237923403649
 0.254118996284898
 0.249157239980662
 0.244343993914935
 0.239676732955871
 0.235147482089231
 0.230750555136099
 0.226479967626885
 0.222329835933112
 0.218297995085246
 0.214378893347064
 0.210567954436368
  0.20685887119246
 0.203249775300142
 0.199738806695822
 0.196321425263039
 0.192993521128006
 0.189751878966411
  0.18659343320805
 0.183514041376145
 0.180513150622561
 0.177586903482688
 0.174732946539552
 0.171948842339463
  0.16923225925366
 0.166579915893826
 0.163990396719008
  0.16146210742011
 0.158994302017798
 0.156583757021284
 0.154227734873099
 0.151926391688345
 0.149677109996466
 0.147478248562426
  0.14532809092715
 0.143224705562167
 0.141167956183176
 0.139156028862376
 0.137187476161036
 0.135261034124224
 0.133374553606535
 0.131526963640203
 0.129719783749721
 0.127950105179846
  0.12621687822142
 0.124519090468531
 0.122855753911901
 0.121225165082972
 0.119627800013572
 0.118062175396793
 0.116527442193815
 0.115022780128615
 0.113546810600292
 0.112099950429281
 0.110680228312221
 0.109287344512347
  0.10792169877334
  0.10658163852474
 0.105266305442907
 0.103975812414975
 0.102709069662743
 0.101465460784521
 0.100244501544109
0.0990451619757151
0.0978678671267791
 0.164697835529407
 0.433665074951309
  0.40539534814316
  0.41041765339357
 0.410898396354717
 0.411983595683183
 0.412938388368425
 0.413874684909387
 0.414777654227876
 0.415650022374057
 0.416496341840129
 0.417313932244409
 0.418105793934998
 0.418872801620016
 0.419615566977913
 0.420336227654282
  0.42103520676046
 0.421712109275843
 0.422369394255614
 0.423007118276453
 0.423643300757294
 0.424105937713885
 0.425487238951792