832.847546911502
832.847547580665
 832.84754671804
832.847548140201
832.847545527269
832.847550509467
832.847540899486
832.847559500098
832.847523459852
832.847593310212
832.847051580395
832.844972781711
832.841659460356
832.836882198513
 832.83065997004
832.822813004973
832.813229891366
832.801698273776
832.787968292907
832.771732009876
832.752552983492
832.729949371379
832.703092267568
832.671069753649
832.632213529818
832.585585618865
832.534165471599
832.478708417594
832.418050331798
 832.35208576673
832.279903571711
832.201004464201
 832.11454076243
832.019566829889
831.915150222321
831.800070176715
831.672950713279
831.532369540842
831.376362943569
831.202952558829
831.009843474619
830.793911050167
830.552113948785
830.280498241753
 829.97424599805
829.628207894314
829.235479661013
828.788194829983
828.277227671261
 827.69010327647
827.012958859537
826.228296959663
825.312777899344
824.239260478554
822.971383157598
821.461082841045
819.648460509282
817.447111004819
814.740885810021
811.367787712888
807.066527254714
801.526448889917
795.060703640525
788.032701680585
780.326277434233
771.930723460629
762.827187358227
752.992632576867
742.403050205479
731.018192465966
718.657110473509
691.802428447535
676.921397290036
661.656553141578
647.095257953217
634.835266001648
 624.01048975748
614.195505900859
605.146504255533
596.712299616718
588.783054386886
581.283591675901
574.156492649059
567.353629166695
 560.84283693367
554.593945055779
548.582314666501
542.786798779707
537.189951681282
531.775922300706
526.534186150595
521.451498810877
516.518279503998
 511.72377221106
507.059199691521
 502.52037801449
498.099809385277
493.790473650084
489.587375673936
485.484267152353
481.477628219779
477.563489658511
473.737538834947
469.995485493129
466.334169249932
462.748818185582
459.239491101266
455.800970680901
452.432436971722
449.129582462725
445.889897593052
442.710469454145
439.591878284968
436.532286680455
433.528473687906
430.578639228146
427.679935077832
424.833029767664
422.035215679369
419.285015976684
416.580638621426
413.920216921443
411.304148279823
408.730590063645
406.198212372556
403.704421880662
401.249471314507
398.833595166595
396.455145283991
394.112664354008
391.805230264859
389.531955919707
387.291104731539
385.083465667078
382.907388127807
380.762249478866
378.647312086737
376.561864063978
 374.50440686767
372.474814310371
370.472793737222
368.498696448953
 366.55087414622
364.627987479455
362.731001758828
360.858603854667
359.010229158215
 357.18521142288
355.382659645434
353.603181369681
 351.84593363461
 350.11034926857
348.395989083385
346.701592570714
345.026814055645
343.373644996964
341.740065496639
 340.12569543037
338.530165183873
336.953104605376
335.393438488044
 333.85213968145
332.328305798621
330.821614123295
329.331750393342
327.857825466406
 326.40071362911
324.958894128197
323.532493020174
322.122353284086
 320.72720921925
 319.34657674027
 317.98097346499
316.629648705964
315.292328206262
 313.96886550609
312.658509218335
311.362075280379
627.785476811503
809.247353001201
804.341179058076
805.886892784551
806.481831058102
807.177579267581
807.830178637885
 808.46224928829
809.071809540111
809.660465949245
810.229329697538
810.778842292081
811.310200564652
811.824176130991
812.321576693893
812.803209705588
 813.26959832487
813.721406120248
814.159479261233
814.584363704512
 814.99531308615
815.400956288873
816.331525460959