32.7952913988251
32.7952688112987
32.7952979290837
32.7952499242486
32.7953381233354
32.7951699497995
32.7954943328028
32.7948664698839
32.7960829960517
32.7937251800885
32.8120069639471
32.8820659522388
32.9934229016508
33.1533227970884
33.3604380415818
33.6198156893255
33.9338919151759
34.3080168744426
34.7482114575716
35.2616694178335
35.8587185290404
36.5498576161983
37.3544337341674
38.2916644378017
39.3989751767451
40.6880011775884
42.0637331423816
43.4987305957366
 45.015959007813
46.6098928603369
48.2938245764841
50.0697125641059
51.9461909284064
 53.932170720434
 56.034430556325
58.2635789215036
60.6307440230576
63.1453389931801
65.8234946119047
68.6779661517314
71.7231242151435
74.9818707082917
78.4705022118172
82.2129971035142
86.2381548985262
90.5712301007994
95.2504489779431
100.314189656301
  105.8027312304
111.777060910892
118.293318006421
125.421491504795
133.257306481988
141.895304011314
151.464047513129
162.126995253436
174.064092886588
187.542251866906
202.888340760606
220.526003010178
241.152874040594
265.368502572742
291.093802991155
316.694803366203
342.574987062077
368.707713857658
395.095693710848
421.751480702542
448.686579746976
475.947183918887
503.878117615378
559.776226198584
 588.46922298437
616.516335018394
642.130126136085
662.928895940067
680.764846093642
696.542281513089
710.778192953477
723.794838782749
735.822205146999
747.019496418609
757.507442389142
767.384561367306
776.720000404784
785.575588754168
794.001735091504
 802.04116322149
809.729243005089
 817.09736753106
824.168254583088
830.967136313265
 837.51330089623
843.826740702535
849.924074187172
855.815332344466
861.514377141174
867.033962044546
872.383831955782
877.574972594728
882.614599426814
887.510244389328
892.269627982134
896.900214694009
901.407870656007
905.800263047581
910.078989265076
914.251962487603
918.321612804879
922.294478150808
926.174803548945
929.967214813763
933.672095265262
937.292652958199
940.833651213072
944.298095279678
947.690151757221
951.009817033629
954.260987615978
957.446068782763
960.567783184565
963.628891086124
 966.62951315818
 969.57231478577
972.459334783264
975.294012057986
978.076515672281
980.807025005993
983.487828262857
986.120966778506
988.707853814031
991.249842165795
993.749210879847
996.205404027219
998.620569928831
1000.99569412347
1003.33187482503
1005.63016709042
1007.89247600869
1010.11918163986
1012.31083895498
1014.46729176547
1016.59055899621
1018.68230362583
1020.74167256261
1022.77028264695
1024.76892646277
1026.73849733498
1028.68012109934
1030.59330312567
1032.47910532511
1034.33828446952
1020.03513690871
446.963594519749
242.975273593305
259.926306934487
253.300322054347
  249.8479926635
246.102213990132
242.514004827217
239.015626683952
235.610266358375
232.295239924627
229.065066921645
225.916320555853
222.845249229221
219.847973498803
 216.92354808626
214.066367344982
211.275587404441
208.550226819143
205.885513425227
203.279568506263
200.731523031247
198.238143894938
195.797800218825
 193.40856145225
191.068234508028
188.777019845549
186.532008091988
184.332059583763
182.175435701466
180.059678786665
177.984900643721
175.951858460163
173.956912773565
171.999568940636
 170.07830394865
168.191676195001
166.340392135273
164.522291327931
162.736784848165
160.982803565824
159.259262606174
 157.56600549281
155.902042893335
154.266009473914
152.655949185099
151.083255235641
149.485963360849
148.227655451494