148.598938771646
148.597564012433
148.591040923144
148.575234036286
148.550869384381
148.516816443204
148.472112288223
148.415274763254
148.344428919187
148.257157604805
 148.15040646707
148.020339056923
147.862170695207
147.669972740582
147.436455121583
147.152739425858
146.808147496744
146.390046310326
145.883809380192
145.272974229232
144.539687585098
143.665523154208
142.632713227036
 141.42572058802
140.032751357123
138.444931349435
135.858177203823
134.353737970728
133.077690513484
131.817511567745
130.558536650095
129.304332339614
128.062873970747
126.843285429203
125.654670898567
124.505591227955
123.403812122581
122.356196417975
121.368683548937
120.446324209474
131.309836984983
143.576306350068
 144.03322271139
144.365080074216
144.638301561419
144.860659298841
145.038917482393
145.178077462652
145.281838666514
145.352862481244
145.392822196203
145.414136295429