16848.5430412303
16853.6506587781
16870.0330794952
16877.9399524393
16883.2370086564
16883.7976328491
 16879.719236319
16870.1900041324
16854.3784876755
16831.1026701221
16798.8384711236
16755.6061784096
16698.8646590428
 16625.376462369
 16531.058781627
16410.8314932692
16258.4917501054
16066.6658701142
15826.9170693937
15530.1127764288
15167.1600436456
14730.1733963558
14214.0175353179
13617.9598486169
12946.8769168183
12210.8752750771
11170.4072822023
10635.4734082066
 10194.487218805
9770.51916983833
 9358.4813782405
8959.52960566602
8576.01124687298
8210.30124993351
7864.42700707752
  7539.945470471
7237.92771076092
6958.99651013834
6703.39018993056
6471.03702963678
7706.68295581054
12057.4005910092
12256.0140258189
12390.3160648206
12505.4174393529
12602.9756721836
12685.0765123166
12753.2431694797
12808.6020375957
12851.9148603739
12884.3221030052
12894.6775064011