0.233397878790761
0.233598145970061
0.234546137707702
 0.23682810467051
0.240304475805994
0.245083364572606
0.251223867471083
0.258828402710219
0.268016888613326
0.278937020077764
0.291763974829683
0.306703239965553
0.323992232386919
0.343901487535266
0.366734560805455
0.392826040756134
0.422536826197065
0.456245778692287
0.494336923920791
0.537181659080545
0.585115985747978
0.638413694823845
0.697257862649429
0.761715913359202
0.831733780807592
0.907241662142364
 1.02320225553647
 1.08771482261485
  1.1411699129998
 1.19304001452684
 1.24411506005379
 1.29439609057246
 1.34369422628939
 1.39176590085688
 1.43835761630704
  1.4832241850549
 1.52613688103007
 1.56688694432923
  1.6052866496729
 1.64116900710642
 1.21371693285752
0.643657159401757
0.616439380142129
0.596063367819088
0.578859547375591
0.564546280989039
0.552853279802809
0.543580906616091
0.536580629596082
0.531744637202373
0.529007502591709
0.528197677177877