6638.16606900388
6640.00715420747
6645.64812465874
 6646.7913509868
 6645.8385881975
6641.81410402733
6634.64188976348
 6623.8275703517
  6608.826386538
6588.89770717413
6563.10162476518
6530.24416180507
6488.82709684394
6436.98901602091
6372.44742357175
6292.45183981805
6193.76739730034
6072.71878986914
5925.33569664965
5747.64697321754
5536.16198915295
5288.54023323028
 5004.3754575584
4685.91441978614
4338.40696460491
3969.51735211654
3455.27096305057
3195.57617607731
2988.19400312794
2794.49824748165
2611.56553817124
2439.41238902122
2278.51498871641
2129.27795920147
1991.89641092098
1866.33801697832
1752.36972499318
1649.60079970144
1557.52919599419
 1475.5848169509
2182.46913128914
4321.63938903319
4430.95507985019
4507.69370513994
4573.10899443363
4628.17430371851
4674.02265292788
4711.49434363608
 4741.2169163094
4763.62648833913
4779.23867827419
4784.14338469876