0.420866863100267
0.420991379426406
0.421386024564408
0.421548196577347
0.421626043547788
0.421563973384047
0.421362369606876
0.420997826123909
0.420445682166974
0.419671485109353
0.418631081858769
0.417267601916491
  0.4155086626255
0.413262895582342
0.410416238621303
0.406828372321708
0.402330178850114
0.396723667378173
0.389786510493262
0.381283897954554
0.370990340061812
0.358722593662772
0.344381357763519
0.327993764890889
0.309741274133607
0.289942326820317
0.262082835857488
 0.24784359659924
0.236225248684271
 0.22515710686933
0.214495614590237
0.204261778278868
0.194506194752986
0.185278672137414
0.176619036264884
0.168554607449509
0.161100402445248
0.154260579385642
0.148030412508932
0.142398400856173
0.177207305126641
0.293501961441047
0.299019855210593
0.302801569480648
0.306036313112399
0.308771229776734
0.311063997762211
0.312956969685436
0.314481574933084
0.315659278412755
0.316519756089775
0.316751709052861