 0.00161480773084725
 0.00161099226915275
 0.00160339143583862
 0.00158830964026848
 0.00156598472939002
 0.00153676878119429
 0.00150112254883127
 0.00145960819476578
 0.00141288042523033
 0.00136167616512451
 0.00130680293626755
   0.001249126122295
 0.00118955532104055
 0.00112902999963442
 0.00106850467854572
 0.00100893387822541
0.000951257065750115
0.000896383838867135
0.000845179581097139
0.000798451814122862
0.000756937462707931
 0.00072129123316772
 0.00069207529117912
0.000669750436115772
0.000654669381057795
 0.00064706849082372
0.000645795175958119
0.000648328728993978
0.000653356734267297
0.000660798424733466
0.000670537077312284
 0.00068241915420635
0.000696257271372157
0.000711833193698894
0.000728901279622368
0.000747192355250038
0.000766417959408471
0.000786274892848574
 0.00080644999987814
0.000826625107013518
0.000846482040765001
0.000865707645422518
0.000883998721708169
 0.00090106680841011
0.000916642731588595
0.000930480849610424
0.000942362927064763
0.000952101576463339
0.000959543213422828
0.000964570478612873
0.000967104089717582
0.000968375910282418