 54.956805883672
54.9557890254585
54.9509642673558
54.9392736907349
54.9212563336374
54.8960795580493
54.8630366533768
54.8210397786263
54.7687147619707
54.7042926357791
54.6255424000949
54.5296684283881
54.4131944318033
 54.271828892992
54.1003193101506
53.8923064224348
53.6401995306766
53.3351061690876
52.9668637114886
52.5242335525311
51.9953242588299
51.3682990123751
50.6323814895614
49.7790802484833
48.8033137198751
47.7028347843446
45.9368947564594
44.9251540734368
44.0758380099618
 43.245038217801
42.4229255654909
41.6117729263152
40.8165746382468
40.0428547995873
39.2959092051449
38.5804933972691
37.9006989705953
37.2599273316926
36.6609192294723
36.1058163652908
42.9125766277324
 51.304519027199
51.6315809970854
51.8697768661894
52.0662973583179
52.2265072486181
52.3551209170341
52.4556350815123
52.5306437190715
52.5820174999786
52.6109326684338
52.6263589709944