34.6826770998604
34.7121154489719
34.8514547464906
35.1867910777911
35.6974387979385
36.3990010695125
37.2997382606484
38.4140885047712
39.7588122820412
41.3544097474837
43.2249514634655
45.3983175695578
47.9061947691158
50.7839232897783
54.0700436157269
57.8054280150787
62.0318487031449
66.7898406716546
 72.115753578851
78.0379773160239
84.5724817810596
91.7180374556787
99.4517807685718
107.726221930187
116.469969723149
125.603009632646
139.010393348026
146.138552264472
151.864256505487
157.263565915674
162.429841664968
167.371022274479
 172.07734435652
 176.53615941302
180.736352911509
184.669704083863
188.331108939976
191.718326725108
194.831527389483
197.672774312482
159.372972599435
92.4139175026812
88.7877505280826
86.0507358245098
83.7252617750175
81.7805464687807
80.1852412291898
78.9160309679293
77.9554204605543
77.2906051264155
76.9138937647737
76.8074090200727