1.612900000000000444e-03
1.609084538305492621e-03
1.597698333371744533e-03
1.578920947165225524e-03
1.553048511614806091e-03
1.520489050773774810e-03
1.481756046888767914e-03
1.437460342642799980e-03
1.388300507817857941e-03
1.335051822431153421e-03
1.278554050103955161e-03
1.219698194486047022e-03
1.159412447595058746e-03
1.098647551673781215e-03
1.038361805417660532e-03
9.795059510331661536e-04
9.230081804670633950e-04
8.697594972672073425e-04
8.205996649270705249e-04
7.763039633186544436e-04
7.375709620972083257e-04
7.050115042382313181e-04
6.791390781200086621e-04
6.603617941115356863e-04
6.489769680040535435e-04
6.451600136433860997e-04
6.464303382728508410e-04
6.502271197151046579e-04
6.564863488194887719e-04
6.651105006474429971e-04
6.759636539771244268e-04
6.888746544355747606e-04
7.036398883087386768e-04
7.200264990890488642e-04
7.377760601556866303e-04
7.566086503443889954e-04
7.762272684725535351e-04
7.963225172245937990e-04
8.165774825316864539e-04
8.366727314953493208e-04
8.562913500346519980e-04
8.751239408103845705e-04
8.928735026059528160e-04
9.092601142142666846e-04
9.240253489629228793e-04
9.369363502579248527e-04
9.477895038716017658e-04
9.564136490550756691e-04
9.626727777905812102e-04
9.664681794351637255e-04
9.677399999999999197e-04
