0.000000000000000000e+00
5.080000000000000314e-03
1.016000000000000063e-02
1.524000000000000007e-02
2.032000000000000126e-02
2.540000000000000244e-02
3.048000000000000015e-02
3.556000000000000133e-02
4.064000000000000251e-02
4.572000000000000369e-02
5.080000000000000487e-02
5.588000000000000606e-02
6.096000000000000030e-02
6.604000000000000148e-02
7.112000000000000266e-02
7.620000000000000384e-02
8.128000000000000502e-02
8.636000000000000620e-02
9.144000000000000739e-02
9.652000000000000857e-02
1.016000000000000097e-01
1.066800000000000109e-01
1.117600000000000121e-01
1.168400000000000133e-01
1.219200000000000006e-01
1.270000000000000018e-01
1.320800000000000030e-01
1.371600000000000041e-01
1.422400000000000053e-01
1.473200000000000065e-01
1.524000000000000077e-01
1.574800000000000089e-01
1.625600000000000100e-01
1.676400000000000112e-01
1.727200000000000124e-01
1.778000000000000136e-01
1.828800000000000148e-01
1.879600000000000160e-01
1.930400000000000171e-01
1.981200000000000183e-01
2.032000000000000195e-01
2.082800000000000207e-01
2.133600000000000219e-01
2.184400000000000230e-01
2.235200000000000242e-01
2.286000000000000254e-01
2.336800000000000266e-01
2.387600000000000278e-01
2.438400000000000012e-01
2.489200000000000024e-01
2.540000000000000036e-01
