579.637999091596
579.636150032808
579.631710025927
579.618921383324
579.599428887769
579.572340449191
579.537462537306
579.494226923866
579.442028107277
579.380061859475
579.307503628384
579.224136377613
579.130256913851
579.026097675423
578.912036864877
  578.7885837009
  578.6564659932
578.516683187346
 578.37059305147
 578.21927214481
578.062209861652
577.898508345964
577.727176518249
 577.54701694744
577.356616743102
577.154299841666
576.938071636345
576.705626057747
576.454807279904
576.183874862026
575.890796506266
575.573283915843
575.228728822489
574.854150540389
574.446125537945
574.000699260138
573.513387804705
572.979480150849
572.393834543043
571.750558733503
571.042912546546
570.263134709349
569.402226524862
568.449655062108
567.393049951934
566.219096313451
564.916344649703
 563.47342948371
561.879271887828
 560.12391322811
558.199887540177
 556.10455042521
553.844171240654
551.439986942079
548.913599109729
546.272589151426
543.524226021844
540.677686757218
537.742233482206
534.728335868557
528.264290559848
524.928477668965
521.657567608012
518.379598211808
515.087594587101
511.785676372404
 508.48100325611
505.181345571636
501.895229460743
498.630668506707
495.402705334577
492.235803321137
489.150697364942
486.164418748877
483.291284054488
480.543574769792
477.932036266989
 475.46626797009
473.153093040994
470.979181303341
468.922426702632
466.963687745009
465.086276759791
463.275482908819
461.518222700737
459.802779851149
458.118613587659
456.459148265886
454.826537455971
453.224124424428
451.654950187007
450.121762581808
448.627061388594
 447.17312877356
445.762057344549
444.395574029009
443.071376233511
441.783774891387
440.527352997512
  439.2970695328
438.069446771932