2934079.08126867
 2933946.4974367
2934778.42429642
 2935110.2937505
 2935419.8362861
2935549.19671175
  2935545.146975
2935386.02747566
2935066.76919195
2934586.52796174
2933871.96998237
2932835.76475757
2931499.59189916
 2929854.2944131
2927902.77073225
2925644.34621168
 2923081.9322966
 2920223.1587757
2917074.54195919
2913830.50471344
2910517.54492625
2907113.53569747
2903605.81791829
2899974.87491217
2896198.66752928
2892249.07867439
2888096.97759127
2883678.66149979
2878890.51179713
2873703.95192354
2868077.37673444
2861965.83827183
2855317.76098799
2848074.40561397
2840168.37925648
 2831522.5830644
2822023.74183154
2811561.69192504
2800032.64341528
 2787315.6572838
2773273.59341145
2757749.61494602
2740563.36831665
2721507.96508608
2700311.07702765
 2676583.8100205
 2650073.6259711
2620548.39653425
2587791.35310811
2551621.70624154
2511925.57636223
2468704.06592416
2422158.76948447
2373059.07142858
 2322241.4442888
2270020.02332527
2216671.62951574
2162507.78726492
2107818.44420221
2052900.74995347
1944566.04314187
1891110.30968491
1839615.29498979
1788926.26268454
1738946.53930256
1689750.34583988
1641450.39710176
1594159.01515365
1547989.44863943
1503037.55227523
1459484.69038602
1417620.36069781
1377659.86183867
1339751.06857422
1303993.16400384
1270449.91018388
1239159.54305525
1210142.47228116
 1183384.8169669
 1158643.7361209
1135593.54456161
1113961.19488472
1093516.08654807
 1074061.4318279
 1055427.9162369
1037468.96498943
1020057.20372659
 1003111.8163542
986643.955867655
970675.865033202
955225.487882549
940306.829491357
925930.647787956
912104.964557133
898835.524084688
886124.319501986
873936.016080209
862205.780283475
850873.820840076
839886.015318622
829103.646811244