0.214449797817863
0.214551157281782
0.214757055806661
0.215302483262858
0.216117749565374
0.217235859014263
0.218659751435848
0.220405993077941
0.222490720637817
0.224935763547405
0.227761230743196
0.230961597010215
0.234510779091523
0.238385044771239
0.242555608157456
 0.24698989019394
0.251649128282742
0.256487430733797
0.261449806619628
0.266494278005107
0.271633093776851
0.276889881949227
0.282289420381523
0.287860901435348
0.293637683926689
0.299658148131435
0.305966600533284
0.312612208717033
0.319635351269526
0.327060914744947
0.334918353631166
0.343240019968694
0.352062167221901
0.361425465641928
0.371375793569064
0.381965230181665
0.393250723854518
0.405286150837469
0.418126518855273
0.431833964074304
0.446478156580009
0.462137997051683
0.478903694513908
0.496879786931753
0.516187503287646
0.536945614323268
0.559222605660965
0.583073390565713
0.608538763659655
0.635635900415161
0.664343321154777
 0.69457569737569
0.726139553529858
0.758670777357531
0.791848928668525
0.825570695262756
0.859751471821847
0.894295515017358
 0.92911756838624
0.964127678258344
 1.03708423712926
 1.07378205813087
 1.10923959928791
 1.14431584640434
 1.17913829143376
 1.21371022576576
 1.24800068712999
 1.28197072723139
 1.31557195189607
 1.34875936994618
 1.38141489242516
  1.4133243819542
 1.44431018898515
 1.47422928608085
 1.50296239855514
 1.53040679405615
 1.55647122927979
 1.58107220262687
 1.60415050110581
 1.62584504782697
 1.64638026122434
 1.66594972701948
 1.68472182116958
 1.70284481458044
 1.72045059136929
 1.73765740239164
 1.75457188788876
 1.77126106660578
 1.78770413569649
 1.80386796207116
  1.8197220656025
 1.83523854394566
 1.85039163801472
 1.86515744803768
 1.87951367566735
 1.89344145027917
 1.90696282857093
 1.92013460528678
 1.93301111780881
 1.94564317101933
 1.95826548860371