 1158711.0946493
 1158644.8078035
1158945.02480888
1159000.92914466
1159010.48021309
1158906.35693376
1158706.01602631
1158397.80927222
1157976.46623036
1157437.30411951
1156746.98037633
1155870.09993688
1154817.17029483
1153586.22261583
1152180.88410772
1150604.12939078
1148861.57371067
1146962.19172928
1144916.48126272
1142807.05385695
 1140641.7355132
1138407.17967277
1136093.30358915
1133686.28370084
1131170.22929872
1128525.56283925
1125730.73514386
1122749.23923731
1119530.15032373
1116054.32978919
1112296.29890259
1108228.27907896
1103818.66322086
 1099031.6436886
1093826.40715216
1088156.44693935
1081959.65175483
1075175.29837842
1067744.46715991
1059599.72896336
1050665.52369021
1040856.59266655
1030076.27032398
1018214.93802972
1005135.42701278
990660.506976206
974682.024797158
957109.360172276
937869.389860572
916918.401170234
894258.981263552
869965.080123215
844223.952968683
817476.797326288
790169.031942992
762494.508594013
734624.623210897
706739.970291132
679003.615915676
651573.964606657
 597798.16169213
571832.464728463
547294.634936174
523595.152905264
500667.399706929
 478524.92347667
457196.175214495
436706.329969359
417077.997861174
398323.805630966
 380488.81410215
363656.505675007
347874.372113817
333159.827113406
319510.065596113
306908.916396943
295331.779591755
 284749.28658265
275122.007540421
266332.810917012
258242.181914605
250735.623763223
  243718.4100757
237111.361589596
230847.759745281
224871.050945734
219133.127290574
213602.744161565
208279.271586259
203165.568122733
 198262.98538547
193571.560018467
189090.297741638
184817.386367824
180750.381109254
176885.796189423
173209.093066841
169697.425907869
166330.130130816
163088.807073039
159923.930810673