                   0
0.000200099801809683
0.000378078587516734
 0.00124718573665342
 0.00182832836340993
 0.00224889591138133
 0.00239568021496273
 0.00228121102339895
 0.00198986367985898
 0.00162303574598321
 0.00163758019442439
 0.00170331598901163
 0.00161152614172422
 0.00145915146588282
 0.00140529325573469
 0.00142981636915285
 0.00145480706749113
 0.00135034225935327
 0.00135693896968347
 0.00130943395833949
 0.00127111125880264
  0.0012839003009848
 0.00118585390547721
 0.00121567288432156
 0.00117428834383415
 0.00113161613924562
 0.00114253132109088
 0.00112894689656873
 0.00114649021650171
 0.00116384515773404
 0.00118056061245153
 0.00119667089409181
 0.00121221413623296
 0.00122723221241428
 0.00124193354079871
 0.00125691536711514
 0.00127155301179749
 0.00128589212180619
 0.00130049906955509
 0.00131545033553127
 0.00133021671916866
  0.0013455024022575
 0.00136095817673954
 0.00137623411529653
 0.00139164295735283
 0.00140726504358191
 0.00142258070572487
 0.00143754908425286
 0.00145212319889554
 0.00146625212228435
 0.00147988381394115
 0.00149296831558066
 0.00150546093069703
 0.00151732499218671
 0.00152853386676099
 0.00153908087113774
  0.0015497976053418
 0.00155989595735617
 0.00156936372925531
 0.00157819887878685
 0.00158640743104765
 0.00159412109554147
 0.00160214148625104
 0.00160953989086865
 0.00161632070803841
 0.00162249126919178
 0.00162814385516419
 0.00163417935450294
 0.00163960472684854
 0.00164442640262519
 0.00164864534024467
 0.00165274936235416
 0.00165814041374057
 0.00169102683129085
 0.00166566007799629
 0.00173156530182839
 0.00173522061828368
 0.00175109638249893
 0.00178647949113797
 0.00176136400281468
 0.00181690760512976
 0.00182166782398863
  0.0018275755575099
 0.00186196172562991
  0.0018366531102163
 0.00188316864056803
 0.00188586609232444
 0.00188703260234391
 0.00191745701215007
 0.00188912962471433
 0.00193289349164738
 0.00193072848264308
 0.00193387770289499
 0.00195753041531033
 0.00192349694808813
 0.00197075701971605
 0.00196086591836675
 0.00197184170260933
 0.00198574912437577
 0.00196238349819078
 0.00199926353341451
 0.00197875424976335
 0.00200271123987217
 0.00200387277169578
 0.00199744922913703
 0.00201955356166383
 0.00198561610395687
 0.00202686266561436
 0.00201227036793528
 0.00202696253558843
 0.00203106288523114
 0.00202101385545617
 0.00204286866171088
 0.00201012138064649
 0.00204857713966033
 0.00203142558519698
 0.00204904938237438
 0.00204719270009757
  0.0020450912519081
 0.00205748004647632
 0.00203743980336069
 0.00206288200215776
 0.00203396510652154
 0.00206385375882312
 0.00204644242060392
 0.00206060494017346
 0.00205353674462172
  0.0020534478555958
  0.0020554428559818
 0.00204268476045422
 0.00205238066863789
  0.0020285509098481
 0.00204452831686797
 0.00201123688042237
   0.002032038311645
   0.001999828649484
 0.00201505404823443
 0.00198619276193956
 0.00199372453888591
 0.00196679762947305
 0.00196831020007737
 0.00194189634476039
 0.00193979498594854
 0.00191254066718893
   0.001909276841074
 0.00187993482719162
 0.00187700575019312
 0.00184441210395647
 0.00184303319148382
  0.0018061080197449
 0.00180741577757959
 0.00176812573005902
  0.0017701508243182
 0.00173686428218356
 0.00173123020465749
  0.0017047197967901
 0.00169062654980512
 0.00167146605498636
 0.00164821109933311
 0.00163650077907218
 0.00160346346238882
 0.00159938177977093
 0.00156445531892058
 0.00155986114831241
 0.00151468895345896
 0.00149039232353676
 0.00146564199916244
 0.00143861860926064
 0.00144293730928746
 0.00141454885765502
 0.00141160153046405
 0.00139110975832946
 0.00137453358373674
 0.00136355451987191
 0.00133305951815554
 0.00133195757058191
 0.00130780023554677
 0.00129775345056826
   0.001286858890165
  0.0012617791032643
 0.00126475759558087
 0.00124790646399653
 0.00124170278564129
 0.00123963695994578
 0.00121883384579435
 0.00123107590188376
 0.00122581943026645
 0.00122268200695141
 0.00123486699582043
 0.00123117281746443
 0.00124679799170679
 0.00125987569285058
 0.00126047987378997
 0.00128802836757014
 0.00129188508960465
 0.00131299580545186
 0.00132590823573375
  0.0013327843967943
 0.00135398050066005
 0.00134734855272067
 0.00137554269188356
 0.00137634932976605
 0.00139032634316905
 0.00139916977387555
 0.00139812599128242
 0.00141570044708506
 0.00140610321123391
 0.00142575495824437
 0.00142544920252596
 0.00142903492732571
 0.00143891627485471
 0.00142515550908784
  0.0014460740993395
 0.00144161322030356
 0.00144644471381361
 0.00145359518598398
  0.0014395960376577
  0.0014590923740363
 0.00145432042215343
 0.00145765034726886
 0.00146511504299446
 0.00144950130443422
 0.00146936667222874
 0.00143336971268465
 0.00133707378820469
  0.0011820895153416
0.000977508794152926
0.000764822594836345
0.000768796795192705
0.000781988710552239
0.000793472341008017
0.000793970065075311
0.000813421226134481
0.000816503024700266
0.000828138146293012
0.000840966853176361
0.000836908844710327
0.000859752853853646
0.000864979779827968
0.000872190273362328
0.000889397819648086
0.000878047948811578
 0.00082425811745479
0.000742909031150873
0.000649830857998579
0.000624562371453585
0.000618965359759693
0.000613423468931451
0.000607925817936783
0.000602460123991122
0.000597014679552643
0.000591579318788726
0.000586145631108481
0.000580706846530221
 0.00057525776836731
0.000569794928994227
0.000564316911184637
0.000558824620840337
0.000553321274574525
0.000547859701830911
0.000542413108706619
0.000536971953788212
0.000531541442344796
0.000526125125013266
0.000520724625179936
0.000515339805462922
 0.00050996926654423
0.000504610999852773
0.000499263006594308
0.000493923742952429
0.000488592331352899
0.000483268559011929
0.000477952740089327
0.000472645532969995
0.000467347783319694
0.000462060423928268
0.000456784425317824
0.000451520771790559
0.000446270439154572
0.000441034364996762
0.000435813417692499
0.000430608376943642
0.000425419934599436
0.000420248714705584
0.000415126196522619
 0.00041004772367037
0.000404986553263376
0.000399942330314484
0.000394853206548085
0.000389788816284042
0.000384750205324691
0.000379737989173456
0.000374752783333099
0.000369786827930652
0.000364845792265589
0.000359933818777858
0.000355051565111841
0.000350199658257999
0.000345378716899658
0.000340585881654754
0.000335818195302595
0.000331083435846757
0.000326404150871484
0.000321779543342338
0.000317187733855917
0.000312629290255551
0.000308096978097527
0.000303597562759661
0.000299133325071699
0.000294704798451839
0.000290312483376853
0.000285956859983783
0.000281636642292415
0.000277347316665955
0.000273096153479369
0.000268883620972993
0.000264710111723243
0.000260590158588814
 0.00025652345943783
0.000252491370657637
0.000248494243159092
0.000244536326084566
0.000240617941086319
0.000236739349110948
0.000232900780664513
0.000229102435282513
0.000225339622233589
0.000221615473196657
0.000217932148867783
0.000214289740337881
0.000210688282568983
0.000207127769997095
0.000203608156603252
0.000200124046540129
0.000196679972458425
0.000193276652127317
0.000189913911665229
0.000186603845363731
0.000183334034422167
0.000180103513840013
0.000176906657815668
0.000173748720263989
 0.00017062953257807
0.000167548817074925
0.000164506286495669
0.000161501649648566
0.000158533243717285
 0.00015559875928739
0.000152701498239649
0.000149841231883663
 0.00014701770906056
0.000144230688532421
0.000141479937789901
0.000138761436957235
0.000136078447342092
0.000133431256842176
0.000130819641903868
0.000128243360981717
0.000125702153717766
0.000123192753631374
0.000120717200118303
0.000118275963117753
0.000115868669489316
0.000113494898767774
0.000111154190499008
 0.00010884286786994
0.000106563613867294
0.000104315998421534
0.000102099426920965
9.99132803878311e-05
 9.7756923350456e-05
9.56297108170023e-05
9.35309952860841e-05
 9.1460133474941e-05
 8.9416492487171e-05
8.78127058017153e-05
8.62269554351425e-05
8.46683423438854e-05
8.31193519752471e-05
8.15718264013388e-05
8.00495469410745e-05
7.85362443416204e-05
7.70234723597163e-05
7.55376235495042e-05
7.40577337048354e-05
7.25827590977168e-05
 7.1135852701909e-05
6.96881627400003e-05
6.82652153332075e-05
6.68503847991442e-05
6.54445808092596e-05
 6.4063147809712e-05
6.26800061587218e-05
6.13233806967539e-05
5.99737837809755e-05
5.86297114204548e-05
5.73141984778758e-05
5.59963620634374e-05
5.46976822721756e-05
 5.3414154600695e-05
5.21281596557177e-05
5.08692617668949e-05
 4.9617926668466e-05
4.83640677169106e-05
 4.7138096403998e-05
4.59194696467158e-05
4.46983484776453e-05
4.34985703432478e-05
4.23135635270189e-05
4.11261709747368e-05
 3.9945485660775e-05
3.87954179403849e-05
3.76431346982287e-05
3.64952203535385e-05
3.53817540017509e-05
3.42662884340594e-05
3.31922656500172e-05
 3.2132143782837e-05
3.11018059182544e-05
3.01156428397231e-05
2.91751605601132e-05
2.83112753853842e-05
2.75640576168357e-05
2.69188855701596e-05
2.66605599930081e-05
2.64197998323112e-05
2.61765068805264e-05
2.59307380141571e-05
2.56825508453407e-05
2.54320036896516e-05
2.51791555345715e-05
2.49240660055161e-05
2.46667953311963e-05
2.44074043111997e-05
2.41459542791311e-05
2.38825070693061e-05
2.36171249796691e-05
2.33498707384872e-05
2.34874703011201e-05
2.42191968851113e-05
2.49471739961482e-05
2.56715443587296e-05
2.63924472292398e-05
2.71100183384387e-05
2.78243898181874e-05
2.85356901117417e-05
2.92440438764974e-05
2.99495718736331e-05
3.06523908606415e-05
3.13526134869679e-05
3.20503481980872e-05
3.27456991560116e-05
3.34387661764524e-05
3.46199145033754e-05
3.59433656242913e-05
3.72621791238092e-05
3.85763063792677e-05
3.98856961218996e-05
4.11902945054443e-05
4.24900451827526e-05
4.37848893808379e-05
4.50747659792583e-05
4.63649129702759e-05
4.76535347566642e-05
4.89367177005651e-05
 5.0214385457048e-05
5.14864601086629e-05
5.27528622464857e-05
5.40135110431716e-05
5.52683243146834e-05
5.65172185755802e-05
5.77601090772095e-05
5.89969098383492e-05
6.02275336576419e-05
6.14518921164819e-05
 6.2669895569023e-05
6.38814531241927e-05
6.50864726188249e-05
6.62848605901267e-05
 6.7476522246368e-05
6.86613614455656e-05
6.98392806783854e-05
7.10101810676989e-05
 7.2173962381239e-05
7.33305230644632e-05
7.44797602922898e-05
7.56215700410401e-05
 7.6755847183696e-05
7.78824855982574e-05
7.90013782989707e-05
 8.0112417576661e-05
8.12154951495003e-05
8.23105023204374e-05
 8.3397330134849e-05
8.44758695359715e-05
8.55460115130047e-05
 8.6607647239445e-05
8.76606682003178e-05
8.87049663038653e-05
8.97404339794683e-05
9.07669642582487e-05
9.17844508407928e-05
9.27927881495538e-05
9.37918713721508e-05
9.47815964891241e-05
9.57618602999144e-05
9.67325604392943e-05
9.76935953913571e-05
9.86448645046156e-05
9.95862680011061e-05
0.000100517706994152
0.000101439083505461
0.000102350300486664
0.000103251261842185
0.000104141872462327
0.000105022038252134
0.000105895346998564
0.000106764240741297
0.000107622718573008
0.000108470685870721
0.000109308049100587
0.000110134715859633
0.000110950594923942
0.000111755596292618
 0.00011254963123708
 0.00011333261234503
0.000114104453567299
0.000114865070262704
0.000115614379242457
 0.00011635229881124
 0.00011707874880984
0.000117793650654008
0.000118496927373313
0.000119188503648227
0.000119868305846316
0.000120539650699358
0.000121209632103048
0.000121867846029966
0.000122514219219383
0.000123148680192697
 0.00012377115929163
0.000124381588707978
0.000124979902517586
0.000125566036711655
0.000126139929229385
0.000126701519983952
0.000127250750895813
0.000127787565917359
0.000128311911062884
 0.00012882373443257
0.000129322986239577
0.000129809618833132
0.000130289023216879
0.000130766509901514
0.000131231373612373
0.000131683568215024
0.000132123049799704
0.000132549776705959
0.000132963709539968
0.000133364811196746
0.000133753046874796
0.000134128384095211
0.000134490792715436
0.000134840244944812
0.000135176715356344
 0.00013550018089914
0.000135810620907506
 0.00013610801711228
0.000136392353645709
0.000136669484746887
0.000136944987629173
0.000137207434288245
0.000137456811541536
0.000137693108668069
0.000137916317412001
0.000138126431984409
0.000138323449065281
0.000138507367803076
0.000138678189815167
0.000138835919183844
0.000138980562453872
0.000139112128627161
0.000139230629156994
0.000139336077943364
0.000139428491321869
0.000139507888055945
 0.00013957428932776
0.000139627718725555
0.000139685027108705
0.000139729955156653
0.000139761944910166
0.000139781023529739
0.000139787220590382
0.000139780568067849
0.000139761100322211
  0.0001397288540812
0.000139683868422225
0.000139626184754382
0.000139555846796924
0.000139472900561932
0.000139377394329232
0.000139269378627738
0.000139148906210362
0.000139016032031147
0.000138870813219283
0.000138713309057126
0.000138543580950223
 0.00013836713489046
  0.0001381896544983
0.000138000032027685
0.000137798332662475
0.000137584623672637
0.000137358974382273
0.000137121456143863
 0.00013687214230651
0.000136611108185747
0.000136338431033556
0.000136054190005952
0.000135758466133229
0.000135451342285986
0.000135132903142932
0.000134803235159131
0.000134462426530479
0.000134110567162393
0.000133747748634283
0.000133374064165581
0.000132989608582434
0.000132594478280179
0.000132189805001071
 0.00013178856439322
0.000131376789838544
0.000130954580902731
0.000130522038642722
0.000130079265569627
0.000129626365610314
0.000129163444075209
0.000128690607616555
0.000128207964194882
0.000127715623041036
0.000127213694617767
0.000126702290585534
0.000126181523761204
0.000125651508084523
0.000125112358578372
 0.00012456419131146
0.000124007123361913
0.000123441272779745
0.000122866758548223
0.000122283700547232
 0.00012169221951619
0.000121092437016523
0.000120485364608847
0.000119882393815773
0.000119271315677683
0.000118652253494833
 0.00011802533128491
0.000117390673747053
0.000116748406224776
0.000116098654667773
0.000115441545595285
0.000114777206059236
0.000114105763607153
0.000113427346245754
0.000112742082403194
0.000112050100895322
0.000111351530886594
 0.00011064650185677
0.000109935143562945
0.000109217586005794
0.000108493959393829
0.000107764394107868
0.000107029020666838
 0.00010628796969403
0.000105541371880902
 0.00010478935795577
0.000104034513618068
0.000103283469160997
0.000102527230213534
0.000101765927303932
0.000100999690892722
0.000100228651340739
9.94529388740339e-05
9.86726835541241e-05
9.78880152444628e-05
9.70990635793534e-05
 9.6305957933529e-05
9.55088273901783e-05
9.47078007116353e-05
9.39030063087376e-05
9.30945722112941e-05
9.22826260389975e-05
9.14672949727802e-05
9.06487057266148e-05
8.98269845190924e-05
8.90022570476656e-05
 8.8174648458228e-05
8.73442833229099e-05
8.65112856112127e-05
8.56846316450444e-05
8.48573161729149e-05
8.40275807658664e-05
8.31955473383772e-05
8.23613371199183e-05
8.15250706336368e-05
8.06868676710426e-05
7.98468472684721e-05
7.90051276846615e-05
7.81618263807626e-05
7.73170599950301e-05
7.64709443250577e-05
 7.5623594306462e-05
7.47751239911221e-05
7.39256465298599e-05
7.30752741529006e-05
7.22241181516647e-05
7.13722888598944e-05
7.05243878087458e-05
6.96824724037981e-05
6.88400635147079e-05
6.79972681880692e-05
6.71541924610608e-05
6.63109413481244e-05
 6.5467618825199e-05
6.46243278143999e-05
6.37811701720281e-05
6.29382466736939e-05
6.20956570034359e-05
6.12534997412872e-05
6.04118723503966e-05
5.95708711670362e-05
  5.873805607437e-05
5.79104434990096e-05
5.70835949622595e-05
5.62576028206863e-05
5.54325582822202e-05
5.46085513979389e-05
5.37856710547402e-05
5.29640049666824e-05
5.21436396687669e-05
5.13246605116091e-05
5.05183877990145e-05
4.97152700276171e-05
4.89136376971011e-05
4.81135718832792e-05
4.73151524791326e-05
4.65184581899258e-05
4.57235665312083e-05
4.49371476982652e-05
4.41598076277305e-05
4.33843373528475e-05
4.26108100568534e-05
4.18392977525883e-05
4.10698712787205e-05
4.03062687255318e-05
3.95557728782858e-05
3.88073970192249e-05
3.80612077979237e-05
3.73172707246461e-05
3.65766888763552e-05
3.58527959756216e-05
3.51850593132141e-05
3.45722977672658e-05
3.39614774402808e-05
3.33520909781004e-05
3.27441994896205e-05
3.21378631573666e-05
3.15331563471855e-05
3.09453932159087e-05
 3.0359200697383e-05
2.97746352821981e-05
2.91917525523377e-05
2.86193272793778e-05
2.80547231052974e-05
 2.7491811236624e-05
 2.6931708526079e-05
2.63867457264144e-05
2.58434830769927e-05
2.53041785801544e-05
2.47784596008049e-05
2.42544461551697e-05
2.37410430078411e-05
2.32341150375737e-05
2.27368104276371e-05
2.22478922035085e-05
2.17725716908923e-05
2.13375731277221e-05
2.09767333706479e-05
2.06244012003198e-05
2.02782612728214e-05
1.99364438904226e-05
1.96004245894832e-05
1.92688827940213e-05
1.89407500481575e-05
1.86183226900116e-05
1.82985346818265e-05
1.79849545102195e-05
1.76755356255942e-05
1.73704226910099e-05
1.70703827988561e-05
1.67764847109897e-05
1.64879508245397e-05
1.62053861031408e-05
1.59300798940887e-05
 1.5661097352293e-05
1.53976006971313e-05
1.51388507902972e-05
1.48842140207939e-05
1.46320689001223e-05
1.43801690751788e-05
1.41285444358319e-05
1.38772245282248e-05
1.36262385503905e-05
1.33756153486431e-05
1.31253834126377e-05
1.28755708713735e-05
1.26262054894188e-05
1.23773146634698e-05
1.21289254191304e-05
1.18810644070821e-05
1.16337579006975e-05
1.13870317928755e-05
 1.1140911593599e-05
1.08954224274371e-05
1.06505890316022e-05
1.04064357537847e-05
1.06798208781012e-05
1.11594891922806e-05
1.16346086336261e-05
1.21051788330995e-05
1.25711997722711e-05
1.30326717784346e-05
1.34895955155034e-05
1.39419719791256e-05
1.43898024900224e-05
1.48362076637376e-05
1.52800565931255e-05
  1.571930172517e-05
 1.6153946105657e-05
1.65839930854617e-05
1.70094463125547e-05
1.74303097288941e-05
1.78465875622091e-05
1.82582843204493e-05
1.86654047882318e-05
1.90679540190697e-05
1.94659373311534e-05
1.98593603022434e-05
2.02482574107599e-05
2.06365303756506e-05
2.10202129009573e-05
2.13993120579126e-05
2.17738351560026e-05
2.21437897378607e-05
2.25091835730495e-05
 2.2870024655619e-05
2.32263211970007e-05
2.35780816237874e-05
2.39253145724039e-05
2.42680288846664e-05
2.46062336033415e-05
2.49399379701476e-05
2.52691514184278e-05
2.55938835733716e-05
2.59141442446875e-05
2.62299434259372e-05
2.65412912887619e-05
2.68481981813284e-05
2.71506746238881e-05
2.74487313063343e-05
2.77423790846498e-05
2.80316289782423e-05
2.83190564263069e-05
 2.8602279253942e-05
 2.8881110419654e-05
2.91555619913453e-05
2.94256461845777e-05
2.96913753565775e-05
2.99527620053475e-05
3.02098187687783e-05
3.04625584197638e-05
3.07109938646466e-05
3.09551381427742e-05
3.11950044216136e-05
3.14306059974179e-05
3.16619562916731e-05
3.18890688495443e-05
3.21119573392092e-05
3.23306355480835e-05
3.25451173832647e-05
3.27554168695343e-05
3.29615481466927e-05
3.31635254700036e-05
 3.3361363207085e-05
  3.355507583791e-05
3.37446779534734e-05
3.39301842537942e-05
3.41116095479155e-05
3.42889687519055e-05
3.44622768893021e-05
3.46315490877824e-05
3.47968005811605e-05
3.49580467062793e-05
3.51153029043427e-05
 3.5268584718029e-05
3.54179077917127e-05
 3.5563287871021e-05
3.57047408023892e-05
3.58422825326166e-05
3.59759291068684e-05
 3.6107562733978e-05
3.62354684948496e-05
3.63595187864441e-05
3.64797301792841e-05
3.65961193349307e-05
3.67087030042068e-05
3.68174980294178e-05
3.69225213412427e-05
3.70237899602888e-05
3.71213209970911e-05
3.72151316501146e-05
3.73052392073081e-05
3.73916610452163e-05
3.74744146292016e-05
3.75535175118902e-05
3.76289873349478e-05
3.77008418299685e-05
3.77690988133672e-05
3.78337761923753e-05
3.78948919605993e-05
3.79524642004636e-05
3.80065110812122e-05
 3.8057050861573e-05
3.81041018859829e-05
 3.8147682587919e-05
3.81878114878997e-05
3.82245071941512e-05
3.82577884021629e-05
3.82876738955762e-05
3.83141825446298e-05
 3.8337333307048e-05
3.83571452275966e-05
3.83736374385268e-05
3.83868291595757e-05
3.83967396959672e-05
3.84033884410773e-05
3.84067948739908e-05
3.84069785610563e-05
3.84039591545537e-05
3.83977563929161e-05
3.83883901013959e-05
3.83758801891787e-05
3.83602466529354e-05
3.83415095732698e-05
3.83196891173831e-05
3.82948055359655e-05
3.82682920996302e-05
3.82393055062824e-05
3.82073128819549e-05
3.81723346609686e-05
3.81343913575805e-05
3.80935035668717e-05
3.80496919623052e-05
 3.8002977297058e-05
3.79533804040211e-05
 3.7900922194023e-05
3.78456236567182e-05
3.77875058579225e-05
3.77265899431656e-05
3.76628971328063e-05
3.75964487242531e-05
3.75272660906312e-05
3.74553706801173e-05
3.73807840154949e-05
3.73035276934885e-05
3.72236233845413e-05
3.71410928308169e-05
3.70559578470875e-05
3.69682403200677e-05
3.68779622050841e-05
3.67851455287393e-05
3.66898123855819e-05
3.65919849383278e-05
3.64916854169728e-05
3.63889361181258e-05
3.62837594027887e-05
3.61761776979108e-05
3.60662134917256e-05
3.59538893361933e-05
3.58392278450026e-05
3.57222516913502e-05
3.56029836072747e-05
3.54814463838782e-05
3.53576628688845e-05
3.52316559661947e-05
3.51040868558083e-05
3.49758753033225e-05
3.48455013994275e-05
3.47129880229335e-05
3.45783581017223e-05
3.44416346147458e-05
3.43028405875856e-05
3.41619990940067e-05
3.40191332521833e-05
3.38742662253644e-05
3.37274212187655e-05
3.35786214806788e-05
3.34278902969221e-05
3.32752509937251e-05
3.31207269341771e-05
3.29643415173386e-05
3.28061181753547e-05
3.26460803745654e-05
3.24842516112867e-05
3.23206554126987e-05
3.21553153317389e-05
3.19882549504324e-05
3.18194978738973e-05
3.16490677310099e-05
3.14769881719634e-05
3.13032828671567e-05
3.11279755049743e-05
 3.0951089789788e-05
3.07726494419569e-05
3.05926781933863e-05
 3.0412499327559e-05
3.02319707905507e-05
3.00499700800483e-05
2.98665207303372e-05
2.96816462834748e-05
2.94953702859591e-05
2.93077162876187e-05
2.91187078409472e-05
2.89283684968833e-05
2.87367218054779e-05
2.85437913127851e-05
2.83496005590855e-05
2.81541730773327e-05
  2.795753239071e-05
2.77597020115206e-05
2.75607054396332e-05
2.73605661587073e-05
2.71593076361931e-05
2.69569533219993e-05
2.67535266436081e-05
2.65490510062971e-05
2.63435497915854e-05
2.61392866471866e-05
2.59345514939113e-05
2.57288445348891e-05
 2.5522188814131e-05
2.53146073454502e-05
2.51061231100191e-05
2.48967590554816e-05
2.46865380917338e-05
2.44754830931448e-05
2.42636168921173e-05
2.40509622799756e-05
2.38375420043013e-05
2.36233787671569e-05
2.34084952226432e-05
2.31929139757892e-05
2.29770113751027e-05
2.27632286646795e-05
2.25487966649673e-05
2.23337375429011e-05
2.21180734099047e-05
2.19018263203363e-05
2.16850182701567e-05
2.14676711962625e-05
2.12498069707134e-05
2.10314474029527e-05
2.08126142362541e-05
  2.059332914639e-05
2.03759522217073e-05
 2.0159318399271e-05
1.99422754312284e-05
1.97248444770981e-05
1.95070466224578e-05
1.92889028791665e-05
1.90704341835879e-05
1.88516613941481e-05
1.86339756611531e-05
1.84184460316761e-05
1.82026507864474e-05
1.79866102174575e-05
1.77703445338739e-05
1.75538738624859e-05
1.73372182443732e-05
1.71233435888318e-05
1.69103391223224e-05
1.66971845285691e-05
1.64838992477989e-05
1.62705026316434e-05
1.60570139406957e-05
1.58469610767042e-05
1.56374518731628e-05
1.54278822281917e-05
1.52182707744419e-05
1.50086360517498e-05
1.48017117929111e-05
1.45963319539977e-05
 1.4390957704169e-05
1.41856069288959e-05
1.39805051582176e-05
1.37796405883517e-05
 1.3578825929228e-05
1.33780783855286e-05
1.31786011094981e-05
1.29825613772727e-05
1.27912850578227e-05
1.26001853184565e-05
1.24091741156018e-05
1.22182673552018e-05
1.20274808552701e-05
1.18368303405614e-05
1.16463314459025e-05
1.14559997117514e-05
 1.1265850585751e-05
1.10758994180671e-05
1.08861614629419e-05
1.06966518775842e-05
1.05073857183946e-05
  1.031837794363e-05
1.01296434102949e-05
 9.9411968725871e-06
9.75305298189788e-06
9.56522628503542e-06
9.37773122400287e-06
9.19058213444401e-06
9.00379324475509e-06
8.81737867453047e-06
 8.6313524345627e-06
 8.4457284261763e-06
8.26052043856329e-06
 8.1238715402554e-06
8.03869788990053e-06
7.95681833132278e-06
7.88132934481656e-06
 7.8081544366837e-06
7.73585689040068e-06
7.66336374380394e-06
7.59068180855582e-06
7.51781788399519e-06
7.44477875846972e-06
 7.3715712071154e-06
 7.2982019928558e-06
7.22467786451464e-06
7.15100555648274e-06
7.07719178882904e-06
7.00324326585733e-06
6.92916667544008e-06
6.85496868979563e-06
6.78065596260158e-06
  6.706235129883e-06
6.63171281034547e-06
6.55709560370976e-06
6.48239009015672e-06
6.40760282977215e-06
6.33274036265785e-06
6.25780920682217e-06
 6.1828158585131e-06
6.10776679221825e-06
6.03266845833339e-06
5.95752728482779e-06
5.88234967524581e-06
5.80714200892896e-06
5.73191064079381e-06
5.65666189977776e-06
5.58140208772873e-06
5.50613748095952e-06
5.43087432791634e-06
5.35561884906777e-06
5.28037723634966e-06
5.20515565316515e-06
5.12996023349643e-06
5.05479708179379e-06
4.97967227186535e-06
 4.9045918469881e-06
4.82956181824257e-06
4.75458816540097e-06
4.67967683581705e-06
4.60483374364884e-06
4.53006476941464e-06
4.45537575943789e-06
4.38077252662428e-06
4.30626084879648e-06
4.23184646836106e-06
4.15753509197536e-06
4.08333238977043e-06
4.12774841662689e-06
4.26983822832128e-06
4.41065024325837e-06
4.55165344459552e-06
4.69174620443269e-06
4.83053745159445e-06
4.96802356875214e-06
5.10420108401632e-06
5.23906666716201e-06
5.37261712918458e-06
5.50484942341001e-06
5.63576064194216e-06
5.76534801832729e-06
5.89394982641878e-06
6.02248942827011e-06
6.14968683243511e-06
6.27553973253647e-06
6.40004596075272e-06
6.52320348559776e-06
6.64501041236498e-06
6.76546497979658e-06
6.88456556297012e-06
7.00231066841361e-06
7.11869893610384e-06
7.23372913791209e-06
7.34740017471758e-06
7.45971107907195e-06
7.57066101164661e-06
7.68070010370714e-06
7.79027532105125e-06
7.89847838111868e-06
8.00530888422912e-06
8.11076655682363e-06
8.21485125102051e-06
8.31756294261687e-06
8.41890173108872e-06
8.51886783714839e-06
8.61746160429888e-06
8.71468349550319e-06
8.81053409274024e-06
8.90501409678279e-06
8.99812432519909e-06
9.08986571390713e-06
9.18023931073542e-06
9.26924628075199e-06
 9.3568879016015e-06
  9.443165562395e-06
9.52808076437606e-06
9.61163511892238e-06
9.69383034687965e-06
9.77515157929432e-06
9.85572382372624e-06
9.93493488765651e-06
1.00127868769562e-05
1.00892820011911e-05
1.01644225767306e-05
1.02382110220844e-05
1.03106498587913e-05
 1.0381741710308e-05
1.04514892995677e-05
1.05198954500896e-05
1.05869630828703e-05
1.06526952166064e-05
1.07170949661395e-05
1.07801655422346e-05
1.08419102491375e-05
1.09023324836865e-05
 1.0961435736867e-05
1.10192235887041e-05
1.10756997100392e-05
1.11308678616417e-05
1.11847318908787e-05
1.12372957328244e-05
1.12885634084847e-05
1.13385390232423e-05
1.13872267670789e-05
1.14346309116886e-05
1.14807558118102e-05
1.15256059027846e-05
1.15691856987787e-05
1.16114997936734e-05
 1.1653360877828e-05
1.16940228795936e-05
1.17334271587666e-05
 1.1771578589892e-05
1.18084821227882e-05
1.18441427803262e-05
1.18785656588738e-05
1.19117559260751e-05
1.19437188197402e-05
1.19744596474014e-05
1.20039837847585e-05
1.20322966759012e-05
1.20594038310884e-05
1.20853108265262e-05
1.21100233019256e-05
1.21335469616124e-05
1.21558875720851e-05
1.21770509620145e-05
1.21970430200236e-05
1.22158696949093e-05
1.22335369940885e-05
1.22500509829315e-05
1.22654177832082e-05
1.22796435733097e-05
1.22927345858059e-05
 1.2304697108112e-05
1.23155374798234e-05
1.23252620924941e-05
1.23338773900805e-05
1.23413898660552e-05
1.23478060634064e-05
1.23531325728621e-05
1.23573760344442e-05
1.23605431323615e-05
1.23626405987842e-05
1.23636752091816e-05
1.23636537836536e-05
1.23625831849328e-05
1.23607569790796e-05
1.23583360673862e-05
1.23548819219721e-05
1.23504015503428e-05
1.23449019997501e-05
1.23383903554153e-05
1.23308737403072e-05
  1.232235931381e-05
1.23128542712791e-05
1.23023658415988e-05
1.22909012896244e-05
1.22784679124077e-05
1.22650730391971e-05
1.22507240305492e-05
1.22354282776627e-05
1.22191932026006e-05
1.22020262551814e-05
1.21839349147557e-05
 1.2164926686431e-05
1.21450091035147e-05
1.21241897244051e-05
1.21024761323696e-05
1.20798759355445e-05
1.20563967647147e-05
1.20320462742018e-05
1.20068321394218e-05
1.19807620575507e-05
 1.1953843745971e-05
1.19260849416047e-05
 1.1897493400026e-05
1.18680768956825e-05
1.18378432196753e-05
 1.1806800180203e-05
1.17749556012292e-05
1.17423173222608e-05
1.17088931961273e-05
1.16746910903132e-05
1.16397188858475e-05
1.16039844750837e-05
1.15674957623657e-05
1.15306433954299e-05
1.14933603767575e-05
1.14553425067943e-05
1.14165977049829e-05
1.13771338987601e-05
1.13369590233336e-05
1.12960810227936e-05
1.12545078452264e-05
1.12122474460463e-05
1.11693077857744e-05
1.11256968282625e-05
1.10814225431355e-05
1.10364929011286e-05
1.09909158771959e-05
1.09446994471796e-05
1.08978515889202e-05
1.08503802800364e-05
1.08022934988128e-05
1.07535992235341e-05
1.07043054293765e-05
 1.0654420091738e-05
 1.0603951182242e-05
1.05529066702914e-05
1.05012945206262e-05
1.04491226953218e-05
1.03963991509026e-05
1.03431318374536e-05
1.02893287001748e-05
1.02349976780491e-05
1.01801467016216e-05
1.01247836945539e-05
1.00689165718482e-05
1.00125532407347e-05
9.95613346743696e-06
9.89953836927349e-06
9.84246617652396e-06
9.78492472181181e-06
9.72692182732438e-06
9.66846530348064e-06
9.60956294826509e-06
9.55022254700566e-06
9.49045187148556e-06
9.43025868060943e-06
9.36965071796081e-06
9.30863571246832e-06
 9.2472213788497e-06
9.18541541450324e-06
9.12322550172817e-06
9.06065930528221e-06
8.99772447326974e-06
8.93442863536542e-06
8.87077940259218e-06
8.80678436865345e-06
8.74245110749072e-06
8.67778717239531e-06
8.61280009756271e-06
8.54749739609417e-06
 8.4823354979946e-06
 8.4172553345141e-06
8.35187676151428e-06
8.28620716664119e-06
8.22025391511438e-06
8.15402434906076e-06
8.08752578795868e-06
8.02076552730568e-06
7.95375083950667e-06
7.88648897076527e-06
7.81898714485862e-06
7.75125255825238e-06
7.68329238276522e-06
7.61511376401458e-06
7.54672382052846e-06
7.47812964463357e-06
7.40933830112311e-06
7.34093677601244e-06
7.27272090728093e-06
7.20432287959483e-06
7.13574960053975e-06
7.06700794927961e-06
6.99810477611251e-06
6.92904690291485e-06
6.85984112069882e-06
6.79049419161082e-06
6.72101284737714e-06
6.65140378841578e-06
6.58167368516871e-06
6.51245900362696e-06
6.44357690160469e-06
6.37458672092528e-06
6.30549495506116e-06
6.23630806573239e-06
6.16703248290662e-06
6.09767460368893e-06
6.02824079320996e-06
 5.9588372944841e-06
5.89043841148218e-06
5.82197501008963e-06
5.75345326758736e-06
5.68487932839368e-06
5.61625930384224e-06
5.54759927040571e-06
5.47949989448959e-06
5.41199973835838e-06
5.34446968258884e-06
 5.2769156118071e-06
5.20934337600032e-06
5.14175878985057e-06
5.07507337177415e-06
5.00874399889106e-06
4.94241126380857e-06
4.87608078736379e-06
4.80975815442264e-06
4.74430894725764e-06
4.67931272707389e-06
4.61433240617204e-06
4.54937337379668e-06
4.48458295787546e-06
4.42099254849282e-06
4.35743082483064e-06
 4.2939029822886e-06
4.23041418118331e-06
4.16746309861438e-06
4.10534689287978e-06
4.04327665770587e-06
3.98125736311705e-06
3.91929394605306e-06
3.85739130637219e-06
3.79555430973788e-06
3.73378778584232e-06
 3.6720965284065e-06
3.61048529562424e-06
3.54898128573922e-06
3.48865281241117e-06
3.42841178069264e-06
3.36826276314817e-06
3.30821029370654e-06
3.24825887121349e-06
3.18841295743333e-06
3.12867697771502e-06
3.06905532077018e-06
3.00955233645261e-06
 2.9501723395331e-06
2.89091960636867e-06
2.83179837601288e-06
2.77281284999376e-06
 2.7139671925358e-06
2.65526552856166e-06
2.59671194657862e-06
2.56456256741977e-06
2.53657359916559e-06
2.50913049337775e-06
2.48232062038944e-06
 2.4562187896926e-06
2.43136392852339e-06
 2.4073511214473e-06
2.38385523054774e-06
2.36075675108527e-06
2.33771059920951e-06
2.31461360578056e-06
2.29146804942015e-06
2.26827619731473e-06
2.24504030643669e-06
2.22176262398843e-06
2.19844538618119e-06
 2.1750908179019e-06
2.15170113371244e-06
2.12827853673936e-06
2.10482522022826e-06
 2.0813433648792e-06
2.05783513962388e-06
2.03430270240279e-06
2.01074819983216e-06
 1.9871737670929e-06
1.96358152682041e-06
1.93997359076992e-06
1.91635205781804e-06
1.89271901540611e-06
1.86907653809687e-06
1.84542668879573e-06
1.82177151786256e-06
1.79811306377786e-06
1.77445335225457e-06
1.75079439679315e-06
1.72713819757142e-06
1.70348674144449e-06
1.67984200272198e-06
1.65620594227978e-06
1.63258050878134e-06
1.60896763812257e-06
1.58536925343178e-06
1.56178726362644e-06
1.53822356474542e-06
1.51468003861677e-06
1.49115855385684e-06
1.46766096509321e-06
1.44418911429689e-06
1.42074482967214e-06
1.39732992598951e-06
1.37394620391973e-06
1.35059544925653e-06
1.32727943413791e-06
1.30399991715713e-06
1.28075864236354e-06
1.26269536737666e-06
1.30734254955023e-06
1.35159254321948e-06
1.39544410293624e-06
1.43918854855762e-06
1.48280400447121e-06
1.52601394032281e-06
 1.5688172527728e-06
1.61121288133614e-06
1.65319980727219e-06
1.69477705336263e-06
1.73594368435559e-06
1.77669880629949e-06
 1.8170415667651e-06
1.85697115373529e-06
1.89678674611393e-06
1.93637634149368e-06
1.97554743897044e-06
2.01429936530495e-06
2.05263148878032e-06
2.09054321809177e-06
2.12803400079231e-06
2.16510332617936e-06
2.20175072085382e-06
2.23797575338303e-06
2.27377803008189e-06
2.30915719656721e-06
2.34411293797976e-06
2.37864497676377e-06
2.41275307466537e-06
2.44655933467897e-06
2.48023170046352e-06
 2.5134769838786e-06
2.54629507789872e-06
 2.5786859130239e-06
2.61064945683565e-06
2.64218571466301e-06
2.67329472847244e-06
2.70397657686772e-06
2.73423137420181e-06
 2.7640592716871e-06
2.79346045695128e-06
2.82243515203895e-06
2.85098361541003e-06
2.87910613994136e-06
2.90680305381485e-06
2.93407471985141e-06
2.96092153573291e-06
2.98734393222588e-06
3.01334237473583e-06
3.03891736219697e-06
3.06406942685022e-06
3.08879913335502e-06
3.11342870529252e-06
3.13765170689706e-06
3.16145203060891e-06
3.18483035544048e-06
3.20778739304473e-06
3.23032388616085e-06
3.25244060994656e-06
3.27413836975765e-06
3.29541800225819e-06
3.31628037564258e-06
3.33672638741511e-06
3.35675696594429e-06
3.37637306979666e-06
3.39557568551641e-06
3.41436583073396e-06
3.43274455194553e-06
 3.4507129227368e-06
3.46827204711353e-06
3.48542305617094e-06
3.50216710942597e-06
3.51850539415111e-06
3.53443912382012e-06
3.54996954055053e-06
3.56509791132886e-06
3.57982553200742e-06
3.59415372286342e-06
3.60808382993127e-06
3.62161722589072e-06
3.63475530873458e-06
3.64749950065857e-06
3.65997286255748e-06
3.67220849439853e-06
 3.6840528199189e-06
3.69550734635737e-06
3.70657360537763e-06
3.71725315195803e-06
3.72754756394755e-06
3.73745844295392e-06
3.74698741301138e-06
3.75613611902637e-06
3.76490623099635e-06
3.77329943801463e-06
3.78131745204513e-06
3.78896200614598e-06
3.79623485335934e-06
3.80313776893182e-06
3.80967254698383e-06
3.81584100273002e-06
3.82164497092496e-06
3.82708630497497e-06
3.83216687827037e-06
3.83688858285325e-06
3.84125332986152e-06
3.84526304797461e-06
3.84891968407963e-06
3.85222520304929e-06
3.85518158685372e-06
3.85779083500459e-06
3.86005496322284e-06
 3.8619760047709e-06
3.86355600845434e-06
3.86479703928799e-06
3.86570117760776e-06
3.86627052018085e-06
3.86650717731918e-06
3.86641327598802e-06
3.86599095647533e-06
3.86524237394603e-06
3.86436416177638e-06
3.86320303280563e-06
3.86172060706791e-06
3.85991908458116e-06
3.85780067801988e-06
3.85536761315919e-06
3.85262212820869e-06
3.84956647292434e-06
3.84620291016269e-06
3.84253371432663e-06
3.83856117003312e-06
3.83428757477766e-06
3.82971523538167e-06
3.82484647021286e-06
3.81968360785301e-06
3.81422898665384e-06
3.80848495495911e-06
3.80245387021638e-06
3.79613810008728e-06
3.78954002022702e-06
3.78266201517263e-06
3.77550647856495e-06
3.76807581159433e-06
3.76037242322269e-06
 3.7523987306276e-06
3.74415715831411e-06
3.73565013767063e-06
3.72688010674693e-06
3.71784951114229e-06
3.70856080111892e-06
3.69901643537673e-06
3.68921887661244e-06
 3.6791705941841e-06
 3.6688740616686e-06
 3.6583317588601e-06
3.64754617021568e-06
3.63651978418922e-06
3.62525509434164e-06
3.61375646251716e-06
3.60224381878993e-06
3.59049890197305e-06
3.57852421206672e-06
 3.5663222517357e-06
3.55389552741947e-06
 3.5412465473339e-06
3.52837782324755e-06
3.51529186959354e-06
3.50199120169314e-06
3.48847833819832e-06
 3.4747557986492e-06
3.46082610458431e-06
3.44669177820833e-06
3.43235534305819e-06
3.41781932378105e-06
3.40308624457997e-06
3.38815863143438e-06
3.37303900921349e-06
3.35772990345262e-06
3.34223383946508e-06
3.32655334167598e-06
3.31069093362224e-06
3.29464913817468e-06
3.27843047709386e-06
 3.2620374712522e-06
3.24547263907959e-06
3.22873849767369e-06
3.21183756235577e-06
3.19477234533849e-06
3.17754535794634e-06
3.16015910772904e-06
3.14261609957178e-06
3.12497704757497e-06
3.10735963737763e-06
3.08959144001975e-06
3.07167493907023e-06
3.05361261387915e-06
3.03540693979976e-06
3.01706038885463e-06
2.99857542906956e-06
 2.9799545233633e-06
 2.9612001311019e-06
2.94231470698847e-06
2.92330069995295e-06
2.90416055515053e-06
2.88489671174119e-06
2.86551160311177e-06
2.84600765843024e-06
2.82638730020324e-06
2.80665294516425e-06
2.78680700471767e-06
2.76685188338455e-06
2.74678997969069e-06
2.72662368461241e-06
2.70635538424102e-06
 2.6859874568963e-06
2.66552227334849e-06
 2.6452191441706e-06
2.62482392532348e-06
2.60433682286454e-06
2.58376016848416e-06
2.56309628543505e-06
2.54234749097471e-06
 2.5215160928127e-06
2.50060439133115e-06
2.47961467869651e-06
2.45854923952571e-06
2.43741034955391e-06
2.41620027496836e-06
2.39492127529495e-06
2.37357559962348e-06
2.35216548838402e-06
2.33069317356893e-06
2.30916087740063e-06
2.28781531586009e-06
2.26646287027066e-06
2.24505513091167e-06
2.22359427093366e-06
2.20208245216291e-06
2.18052182821005e-06
 2.1589145418055e-06
2.13726272657588e-06
2.11556850593375e-06
2.09383399263352e-06
2.07206128921555e-06
2.05025248778412e-06
2.02862289588879e-06
2.00707899655761e-06
1.98550305263723e-06
1.96389709961053e-06
1.94226316319046e-06
1.92060325798771e-06
1.89891938817688e-06
1.87721354549808e-06
   1.85549860654e-06
1.83411612186823e-06
1.81271523813642e-06
 1.7912978875767e-06
1.76986599154105e-06
1.74842146183352e-06
1.72696619693546e-06
1.70563001344881e-06
1.68453740578833e-06
1.66343723551066e-06
1.64233133981284e-06
1.62122154434563e-06
1.60010966321344e-06
1.57918337184704e-06
 1.5584646173572e-06
1.53774660538453e-06
1.51703108719481e-06
1.49631980250753e-06
1.47574914111104e-06
1.45545466678776e-06
1.43516696438084e-06
1.41488770832865e-06
1.39461856241141e-06
1.37466884142512e-06
 1.3548332848945e-06
1.33501010357584e-06
1.31520089641235e-06
1.29554236760754e-06
 1.2761737078204e-06
1.25682110851955e-06
1.23748610492136e-06
1.21817022025184e-06
1.19887496641269e-06
1.17960184486954e-06
1.16043576370295e-06
1.14158721942204e-06
1.12276275765488e-06
1.10396381480804e-06
1.08519181685196e-06
1.06644817798873e-06
1.04773430109617e-06
 1.0290515781719e-06
1.01040138766884e-06
 9.9178509849196e-07