                   0
 0.00171033229570265
 0.00167581583030672
 0.00161494295899628
 0.00156799010502739
 0.00153174223161723
 0.00150092712485077
 0.00147820238314001
 0.00145622723616262
 0.00143751543252942
 0.00142141432169256
 0.00140684995744456
 0.00139321982899167
 0.00138053063808975
 0.00136877207691773
 0.00135786311106968
 0.00134786580527582
 0.00133885196499554
 0.00133084395081007
 0.00132378492542134
 0.00131756578366435
 0.00131221612074232
 0.00130762460641638
  0.0013035954031778
 0.00130006387613762
 0.00129697283803229
  0.0012942706922946
 0.00129191013813246
 0.00128984772203693
 0.00128804481767851
  0.0012864690352424
 0.00128509451848664
 0.00128404825490566
 0.00128318658324697
 0.00128245052077626
 0.00128182718052426
 0.00128130482194616
 0.00128087186960057
 0.00128051621964195
 0.00128022490802154
 0.00127998415051375
 0.00127977969401293
 0.00127959737791641
 0.00127942378624907
  0.0012792468667467
 0.00127905640786881
 0.00127884430259712
 0.00127860457934564
 0.00127833322829793
 0.00127802788324954
 0.00127768743097351
 0.00127731161513966
 0.00127690068533196
 0.00127645511974106
 0.00127597542869545
 0.00127546203048517
 0.00127491518386638
 0.00127433496314189
 0.00127372126900877
 0.00127307387720305
 0.00127239207374807
  0.0012716716616841
 0.00127090530167365
 0.00127008611641116
  0.0012692084491383
 0.00126826803804808
 0.00126726226323923
   0.001266190393233
 0.00126505373867317
 0.00126385565615023
 0.00126260139154094
 0.00126129777826076
 0.00125995418865599
 0.00125858415520982
 0.00125720342809552
  0.0012558273241271
 0.00125447024672284
 0.00125314515385941
 0.00125199923505154
 0.00125101918024387
 0.00125008335393451
 0.00124918535239377
 0.00124831568079575
 0.00124746182366561
 0.00124660846262548
  0.0012457377378948
 0.00124482938799825
 0.00124386071913804
 0.00124280648224809
  0.0012416387953334
 0.00124032733484353
 0.00123884004311742
 0.00123714440857131
 0.00123520911770247
 0.00123300573742877
 0.00123051009072472
 0.00122807938140362
 0.00122543064272757
 0.00122246986937841
 0.00121918346836547
 0.00121556431168102
  0.0012116116014364
 0.00120732973271859
 0.00120294399068016
 0.00119852727562741
 0.00119379191968388
 0.00118874630202237
 0.00118339649146593
 0.00117774219144279
 0.00117177169426408
  0.0011657717284051
 0.00115969891107137
 0.00115327879094235
 0.00114645448791156
 0.00113913500817747
 0.00113180378775268
 0.00112437735892101
 0.00111630153686521
 0.00110753541240211
 0.00109934254124239
 0.00109027082264124
 0.00108058435835956
 0.00108568266454639
 0.00108720380332872
 0.00109276957362903
 0.00109867000292657
 0.00109915052735055
 0.00110893621288849
 0.00110488986399498
 0.00111804250096093
 0.00110998725423905
 0.00112597216097676
 0.00111960254647314
 0.00113264581278089
 0.00112852322632573
 0.00113792385702527
  0.0011355144290553
 0.00114162064624207
 0.00114038224623209
 0.00114353214471158
 0.00114292141368955
 0.00114354615080026
 0.00114302323047316
 0.00114166020649636
 0.00114069604255584
 0.00113788754820471
  0.0011359707971052
 0.00113225215917018
  0.0011288922724238
 0.00112478405320687
 0.00111951362907803
 0.00111551463212756
 0.00110789176330778
 0.00110447815946785
 0.00109408857922494
 0.00109170792485552
 0.00107816705025604
 0.00107722709332086
  0.0010601821270918
 0.00106103695134319
 0.00104556072652923
 0.00104314143612905
 0.00103050899383356
 0.00102355566825518
 0.00101802890723868
 0.00100711522596691
0.000997846363981425
0.000981411798720133
0.000976508390918063
0.000958873393917758
0.000953955891213498
 0.00094084900207303
0.000930005193539252
0.000921720951563398
0.000904721160371436
0.000901652634413996
0.000887991792812126
 0.00088080357862852
0.000873263913201971
0.000859288259858038
0.000858093401510829
0.000847371315705669
0.000842515256923082
0.000838508631798573
  0.0008265711564584
0.000829456186123734
0.000823050370645617
0.000820244492623079
0.000820780337765947
0.000811642093208775
0.000818219185072577
0.000815235655685531
 0.00081494633035134
0.000817755914052365
0.000810437177647283
 0.00081869675376961
0.000814719087350202
0.000817673388652407
0.000818467460701966
0.000814425893460591
0.000820089724504869
0.000813144635590901
0.000819468526756684
 0.00081739466242764
0.000816511253495023
0.000819613121610552
 0.00081106096734368
0.000819603094484478
0.000815780518169829
0.000817074577275811
0.000818785329921967
0.000811673563840043
0.000819189258912834
0.000814743181774602
 0.00081660450774107
0.000817993237835657
0.000810693718660438
0.000818188837304001
0.000813888084882392
0.000815032162202134
0.000816689617774702
0.000808380484296489
0.000816304620857938
0.000798279966591375
0.000750810784182404
0.000674709881528235
0.000574422266097829
0.000487775447684247
0.000484893427417754
0.000491155351457107
0.000492708834894939
 0.00049282522178673
0.000498916162806062
0.000497665443308537
0.000503095147523502
0.000506977286824029
0.000504719261971043
0.000513749409646658
0.000514420791805026
0.000517556182034085
0.000524194804990552
0.000518243937099261
0.000491557002632648
0.000451417222570916
0.000405566998809337
0.000360672994068834
0.000321393272913306
  0.0003109414456966
0.000307705459366425
0.000304495810861005
0.000305962468655163
0.000305905165502773
0.000306807795080688
0.000307393208795581
0.000307035434728542
 0.00030835145244168
0.000307172313171011
0.000308740166797272
0.000308460034749825
0.000308543796737337
0.000303790167817841
0.000295180785584326
0.000284245972807184
0.000272675157664604
0.000261937771752541
  0.0002559100909581
0.000253137428636918
0.000250384680885674
0.000247650346188566
0.000244933163799754
0.000242232218217286
0.000239578416123376
0.000236952978415972
0.000234342400424081
0.000231746652318232
0.000229165759112526
 0.00022659977607975
0.000224048775057717
0.000221512831183435
0.000218992006211338
0.000216486331623911
0.000213995797795241
0.000211520353456784
0.000209095702837059
0.000206694106653915
0.000204306710342272
0.000201933404306742
0.000199573625170535
0.000197196098630392
0.000194835151432926
0.000192490913892396
0.000190163318098568
0.000187852299885771
0.000185553597015553
0.000183295742236356
0.000181070106162806
0.000178860245462487
0.000176666123794189
0.000174487709344529
0.000172323220002657
0.000170170822179072
0.000168034127002559
0.000165913158256092
0.000163807921635395
0.000161724178726175
0.000159689410154651
0.000157665655899364
0.000155656098456525
0.000153661653104209
0.000151682360398087
0.000149718259311704
0.000147769393070818
0.000145834905314723
 0.00014391227150895
0.000142014281560854
0.000140157643869931
0.000138315778681564
 0.00013648875584571
0.000134676647373322
  0.0001328775347888
0.000131091489449842
0.000129320656852505
0.000127565138590635
0.000125825022606552
0.000124124249067936
0.000122445390716763
0.000120778731655946
0.000119125944989307
0.000117488215514716
0.000115865644369495
0.000114258322888028
0.000112666339209477
0.000111089777877105
0.000109538672774356
0.000108015785068805
0.000106507810013423
0.000105014833077344
0.000103536932520187
0.000102074182431411
0.000100626652465685
9.91913846081216e-05
9.77715014205405e-05
9.63753495785702e-05
9.50080974784218e-05
9.36556781017672e-05
9.23181439149157e-05
9.09947539916023e-05
8.96843714096041e-05
8.83890722891412e-05
8.71089046348694e-05
 8.5843895169635e-05
8.46038714973907e-05
8.33867821621315e-05
8.21819749928232e-05
8.09914974124193e-05
7.98156510263826e-05
7.86544376796261e-05
7.75078482948555e-05
7.63758645919155e-05
7.52566371094443e-05
7.41650298277663e-05
 7.3088591693582e-05
7.20261470035233e-05
7.09776509433269e-05
6.99430481589935e-05
6.89202608175621e-05
6.79112187980113e-05
 6.6915917228072e-05
6.59408502405312e-05
6.49846707447832e-05
6.40415336945477e-05
6.31113374782166e-05
6.21939725470311e-05
6.12893225238609e-05
6.03972654702467e-05
5.95176752881121e-05
5.86565111903026e-05
5.84499120579729e-05
5.87357814355871e-05
5.90231766052218e-05
5.93067697042815e-05
5.95865117503369e-05
5.98623538271836e-05
 6.0134247087007e-05
6.04021427683954e-05
6.06659922237907e-05
6.09257469554592e-05
6.11813586572918e-05
6.14327792591018e-05
6.16799609730323e-05
 6.1922856339075e-05
6.21614182703956e-05
6.23956000971315e-05
6.26253556084699e-05
6.28506390930317e-05
 6.3071405377757e-05
6.32876098650148e-05
6.34992085684905e-05
6.37061581474085e-05
6.39084159403669e-05
6.41059399971722e-05
6.42986891106756e-05
6.44866228471652e-05
 6.4669701576342e-05
6.48478864997415e-05
6.50211396791556e-05
6.51894240637219e-05
6.53527035164025e-05
6.55109428394363e-05
 6.5664107799096e-05
6.58121651493093e-05
6.59550826551114e-05
6.60928291139062e-05
6.62253743771157e-05
6.63526893699695e-05
6.64747461109338e-05
6.65915177294196e-05
6.67029784833517e-05
6.68091037750729e-05
6.69098701663873e-05
6.70052553924938e-05
  6.709523837517e-05
6.71797992345124e-05
6.72589192996231e-05
6.73325811187953e-05
6.74007684680622e-05
6.74634663593576e-05
 6.7520661047038e-05
 6.7572340034544e-05
6.76184920794243e-05
6.76591071980537e-05
6.76941766691586e-05
6.77236930375913e-05
6.77476501168006e-05
6.77660429905524e-05
6.77788680151503e-05
 6.7786122819935e-05
6.77878063082837e-05
6.77839186571938e-05
6.77744613172548e-05
6.77594370111223e-05
6.77388497319908e-05
6.77127047412074e-05
6.76810085652735e-05
 6.7643768991682e-05
6.76009950643097e-05
6.75526970780882e-05
 6.7498886572176e-05
6.74395763228808e-05
6.73747803354718e-05
6.73045138345485e-05
6.72287932547422e-05
6.71476362294754e-05
6.70610615796929e-05
6.69690893016217e-05
6.68717405540031e-05
6.67690376447427e-05
6.66610040173932e-05
6.65476642370266e-05
6.64290439759407e-05
6.63051699987816e-05
6.61760701483327e-05
6.60417733299445e-05
6.59023094969902e-05
6.57577096350725e-05
6.56080057470643e-05
6.54532308369815e-05
6.52934188947463e-05
6.51286048796718e-05
6.49588247041977e-05
6.47841152175421e-05
6.46045141885487e-05
6.44200602886724e-05
6.42307930743824e-05
6.40367529694263e-05
6.38379812465673e-05
6.36345200095978e-05
 6.3426412174411e-05
6.32137014502376e-05
6.29964323210497e-05
6.27746500258264e-05
6.25484005397636e-05
6.23177305547062e-05
6.20826874599689e-05
6.18433193225187e-05
6.15996748678516e-05
6.13518034602023e-05
6.10997550833103e-05
 6.0843580320713e-05
6.05833303363446e-05
 6.0319056854885e-05
6.00508121425536e-05
5.97786489874019e-05
5.95026206799687e-05
5.92227809939616e-05
 5.8939184166551e-05
5.86518848793016e-05
5.83609382388828e-05
5.80663997574449e-05
5.77683253338013e-05
5.74667712338328e-05
5.71617940718361e-05
  5.685345079115e-05
5.65417986454209e-05
 5.6226895179784e-05
5.59087982119066e-05
5.55875658136695e-05
5.52632562921818e-05
5.49359281721284e-05
5.46056401767026e-05
5.42724512101189e-05
5.39364203388237e-05
5.35976067746469e-05
5.32560698560391e-05
5.29118690313357e-05
5.25650638406872e-05
5.22157138990176e-05
 5.1863878879066e-05
5.15134083124702e-05
5.11626970319534e-05
5.08096462150942e-05
5.04543141829072e-05
5.00967592597379e-05
4.97370397573027e-05
4.93752139588688e-05
4.90113401037384e-05
4.86454763723443e-05
4.83419214471759e-05
4.81103908196445e-05
4.79136576352901e-05
4.77325470856216e-05
4.75589853098923e-05
 4.7390971890271e-05
4.72309680284999e-05
4.70715226556506e-05
4.69205653449434e-05
4.67702930385117e-05
4.66240127426909e-05
4.64835380696305e-05
4.63396452859421e-05
4.62079070355226e-05
4.60743026469701e-05
 4.5940564650071e-05
4.58178526404618e-05
4.56914649415996e-05
4.55674574581511e-05
4.54523956472941e-05
4.53335344663408e-05
4.52170759325798e-05
4.51099310940228e-05
4.49988644349308e-05
4.48881694133374e-05
4.47891606568107e-05
4.46861105514174e-05
4.45799720986684e-05
4.44892682224807e-05
4.43944077492819e-05
4.42954089342473e-05
4.42098648724132e-05
4.41233161309618e-05
4.40325189823287e-05
4.39508895469509e-05
4.38727226093061e-05
4.37902029550297e-05
4.37125069689404e-05
4.36427392193073e-05
4.35685205645298e-05
4.34949733167933e-05
4.34335690910892e-05
4.33676219761536e-05
4.32976611174918e-05
4.32445328210629e-05
4.31867757862969e-05
4.31244070510095e-05
 4.3071689869556e-05
4.30219898983619e-05
4.29675977120514e-05
4.29087369649417e-05
4.28669061682263e-05
4.28203090179213e-05
4.27689619239557e-05
4.27137001152156e-05
4.26746610147632e-05
4.26308035311185e-05
4.25821443283403e-05
4.25287013322007e-05
4.24848366026298e-05
4.24433168480509e-05
4.23969499649957e-05
4.23457541524064e-05
4.22897488702167e-05
4.22461517867734e-05
4.22016431633754e-05
4.21522675345121e-05
4.20980446649843e-05
4.20389955751443e-05
4.19829662198778e-05
4.19349477522313e-05
  4.188205235367e-05
4.18243013916575e-05
4.17617174797713e-05
4.16943244609391e-05
4.16270768401339e-05
4.15701480125374e-05
4.15083667210103e-05
4.14417572068837e-05
4.13703449259062e-05
4.12941565311464e-05
4.12132198545079e-05
4.11333144739734e-05
4.10622019996199e-05
4.09863062863502e-05
 4.0905655606216e-05
4.08202793890644e-05
4.07302082039429e-05
4.06354737391146e-05
 4.0536108782796e-05
 4.0444693514663e-05
4.03544669050349e-05
4.02595841453857e-05
4.01600784780132e-05
4.00559842170245e-05
3.99473367284076e-05
3.98341724088258e-05
3.97165286643575e-05
3.96068212841771e-05
3.94976638168343e-05
3.93840114539246e-05
3.92659020407304e-05
3.91433743987535e-05
 3.9016468303732e-05
 3.8885224464269e-05
3.87496844993507e-05
3.86175580527892e-05
3.84898940281597e-05
3.83579293008474e-05
3.82217058891854e-05
3.80812666841979e-05
3.79366554272287e-05
3.77879166869599e-05
3.76350958370963e-05
3.74782390336059e-05
3.73308779186843e-05
3.71812969597318e-05
3.70276870074737e-05
3.68700945340139e-05
3.67085667515865e-05
3.65431515891301e-05
3.63738976701944e-05
3.62008542892922e-05
3.60240713895843e-05
3.58537770179246e-05
3.56837765128071e-05
3.55100568981692e-05
3.53326682926425e-05
3.51516614167102e-05
  3.496708756906e-05
3.47789986042124e-05
3.45874469100949e-05
3.43924853842825e-05
3.41941674118496e-05
3.39977916651857e-05
3.38060065503409e-05
3.36109002619378e-05
3.34125260403884e-05
3.32109375629774e-05
 3.3006188920881e-05
3.27983345969063e-05
3.25874294443973e-05
3.23735286640314e-05
3.21566877820034e-05
3.19369626290422e-05
3.17144093178734e-05
 3.1489084222347e-05
3.12712767412404e-05
 3.1053077024501e-05
3.08321437195169e-05
 3.0608532392451e-05
3.03822988270142e-05
3.01534990026497e-05
2.99221890753265e-05
2.96884253560559e-05
2.94522642916295e-05
2.92340232591615e-05
2.90167143043307e-05
2.87969206235195e-05
2.85746964173161e-05
2.83500960425176e-05
2.81304569945684e-05
2.79119148779983e-05
 2.7691044728273e-05
2.74679000998312e-05
2.72425346610206e-05
2.70150021755566e-05
2.67853564829279e-05
 2.6553651480743e-05
2.63289041795289e-05
2.61033497546692e-05
2.58757849725955e-05
 2.5646262748813e-05
2.54148360172568e-05
2.51815577128611e-05
2.49464807537958e-05
2.47142509304243e-05
 2.4485399359897e-05
2.42547983800856e-05
2.40224997887784e-05
2.37885553306949e-05
2.35530166808884e-05
2.33159354292578e-05
2.30818008247757e-05
2.28510034981366e-05
2.26187118663179e-05
2.23849762757133e-05
2.21498469542003e-05
2.19133739954858e-05
2.16756073446733e-05
2.14445906756566e-05
2.12131483701139e-05
2.09804586737694e-05
2.07465701836385e-05
2.05115313179904e-05
2.02753903033592e-05
2.00444926536369e-05
1.98146982347547e-05
 1.9583846321003e-05
1.93519837171086e-05
1.91191570089733e-05
 1.8885412551406e-05
1.86588691631906e-05
 1.8431469901381e-05
1.82031952377093e-05
 1.7974090046613e-05
1.77441989480664e-05
1.75185597073857e-05
1.72949913199161e-05
1.70706777835039e-05
1.68456622036128e-05
1.66199874103712e-05
1.63992389798362e-05
 1.6179832769303e-05
1.59598060885391e-05
1.57392002316792e-05
1.55208380542282e-05
 1.5306407721849e-05
1.50914358291732e-05
1.48759621330652e-05
1.46637896985546e-05
1.44543604295166e-05
1.42444655699125e-05
1.42249444060327e-05
1.43009020290297e-05
1.43751449144802e-05
1.44476800710003e-05
1.45185145212778e-05
1.45876553021007e-05
1.46551094643843e-05
1.47208840733104e-05
1.47849862083549e-05
1.48474229634821e-05
1.49082014475055e-05
1.49673287841989e-05
 1.5024812112463e-05
1.50806585866026e-05
1.51348753767155e-05
1.51874696686372e-05
1.52384486647172e-05
1.52878195838757e-05
1.53355896618246e-05
1.53817661517064e-05
1.54263563240664e-05
1.54693674676853e-05
1.55108068896903e-05
1.55506819158879e-05
1.55889998913195e-05
 1.5625768180566e-05
1.56609941683594e-05
1.56946852596096e-05
1.57268488802376e-05
1.57574924773696e-05
1.57866235200033e-05
1.58142494990354e-05
1.58403779281224e-05
1.58650163439022e-05
1.58881723065774e-05
1.59098534001367e-05
1.59300672331053e-05
1.59488214385717e-05
1.59661236750486e-05
1.59819816266393e-05
1.59964030035376e-05
1.60093955425544e-05
1.60209670072575e-05
1.60311251889145e-05
1.60398779062154e-05
1.60472330060779e-05
1.60531983641465e-05
1.60577818848762e-05
1.60609915021703e-05
1.60628351794923e-05
1.60633209103644e-05
1.60624567188405e-05
1.60602506595331e-05
1.60567108182241e-05
1.60518453120317e-05
1.60456622897709e-05
1.60381699320367e-05
1.60293764519814e-05
1.60192900950928e-05
1.60079191394991e-05
1.59952718963852e-05
1.59813567102707e-05
1.59661819589541e-05
1.59497560536792e-05
1.59320874397462e-05
1.59131845962057e-05
1.58930560362203e-05
1.58717103071471e-05
1.58491559907048e-05
1.58254017028625e-05
1.58004560941449e-05
 1.5774327849688e-05
1.57470256891279e-05
1.57185583666564e-05
 1.5688934671132e-05
1.56581634261632e-05
1.56262534895812e-05
1.55932137540504e-05
 1.5559053146541e-05
 1.5523780628357e-05
1.54874051954412e-05
1.54499358774041e-05
1.54113817381896e-05
1.53717518755758e-05
1.53310554209529e-05
1.52893015392674e-05
1.52464994289392e-05
1.52026583211118e-05
  1.515778748018e-05
1.51118962027907e-05
1.50649938179259e-05
1.50170896868196e-05
1.49681932020418e-05
1.49183137878317e-05
1.48674608991817e-05
1.48156440217539e-05
1.47628726716587e-05
1.47091563946766e-05
1.46545047659818e-05
1.45989273899194e-05
1.45424338991729e-05
1.44850339546254e-05
1.44267372448048e-05
 1.4367553485134e-05
1.43074924178754e-05
1.42465638109934e-05
1.41847774582371e-05
1.41221431782801e-05
1.40586708139434e-05
1.39943702319734e-05
1.39292513222089e-05
 1.3863323997082e-05
1.37965981908406e-05
 1.3729083859243e-05
1.36607909782815e-05
 1.3591729544099e-05
1.35219095719619e-05
1.34513410958437e-05
1.33800341674262e-05
1.33079988553497e-05
 1.3235245244908e-05
1.31617834368547e-05
 1.3087623546737e-05
1.30127757044241e-05
1.29372500528302e-05
1.28661986060763e-05
 1.2892948396459e-05
1.29184089761036e-05
1.29425889617285e-05
1.29686173016008e-05
1.29952157326141e-05
1.30205242893644e-05
1.30445514989752e-05
 1.3067305859038e-05
1.30927808304482e-05
1.31177733939669e-05
1.31414854284695e-05
1.31639253428406e-05
1.31851015172102e-05
1.32050223031754e-05
1.32269063461976e-05
1.32488550270149e-05
1.32695428627927e-05
1.32889781125911e-05
1.33071690077702e-05
1.33241237522119e-05
1.33398505221538e-05
1.33557296655429e-05
1.33732624249538e-05
1.33895643492643e-05
1.34046435154023e-05
1.34185079738169e-05
1.34311657489228e-05
 1.3442624839044e-05
1.34528932172473e-05
1.34620294789389e-05
1.34738922967781e-05
1.34845641480141e-05
1.34940528984107e-05
 1.3502366389806e-05
1.35095124402795e-05
1.35154988448183e-05
1.35203333753164e-05
1.35240237811307e-05
1.35265777895244e-05
1.35313280532068e-05
 1.3535285012245e-05
 1.3538107629496e-05
1.35398035210343e-05
1.35403802825063e-05
1.35398454901847e-05
1.35382067014134e-05
1.35354714548286e-05
1.35316472714142e-05
 1.3526994809665e-05
1.35244268714141e-05
1.35207742145704e-05
1.35160442446547e-05
1.35102443516444e-05
 1.3503381910418e-05
1.34954642812546e-05
1.34864988108885e-05
1.34764928327313e-05
1.34654536673717e-05
1.34533886236854e-05
1.34424015737489e-05
1.34314777520128e-05
1.34195339288601e-05
1.34065773008674e-05
1.33926150556185e-05
1.33776543716491e-05
1.33617024190569e-05
1.33447663606678e-05
1.33268533523689e-05
1.33079705436079e-05
1.32881250781147e-05
1.32699633978994e-05
1.32511783318412e-05
1.32314378116782e-05
1.32107488777233e-05
1.31891185670141e-05
1.31665539142567e-05
1.31430619522699e-05
1.31186497119296e-05
 1.3093324223723e-05
1.30670925175269e-05
1.30404478164148e-05
1.30152059328315e-05
1.29890662119436e-05
 1.2962035596531e-05
1.29341210310385e-05
1.29053294623538e-05
1.28756678405284e-05
1.28451431189447e-05
1.28137622551483e-05
1.27815322110147e-05
1.27484599535821e-05
1.27145524557726e-05
 1.2679816696004e-05
1.26442596594667e-05
1.26078883381231e-05
1.25707097317074e-05
1.25327308475587e-05
1.24939587013984e-05
1.24544003177185e-05
 1.2414062729782e-05
 1.2372952980455e-05
1.23310781225405e-05
1.22884452190553e-05
1.22450613433966e-05
1.22009335797313e-05
  1.215606902355e-05
1.21112500241494e-05
1.20702856062915e-05
1.20285839809164e-05
1.19861519831677e-05
1.19429964599571e-05
1.18991242699651e-05
1.18545422839733e-05
1.18092573855311e-05
1.17632764705111e-05
1.17167389180883e-05
1.16716926606975e-05
1.16259618025416e-05
1.15795531618335e-05
1.15324735698863e-05
1.14847298712251e-05
1.14363289235864e-05
 1.1387277598196e-05
1.13375827802686e-05
 1.1287251368397e-05
1.12362902753294e-05
1.11849782922224e-05
1.11350176342229e-05
1.10844388758191e-05
1.10332488469367e-05
1.09814543912123e-05
1.09290623662162e-05
1.08760796438401e-05
1.08225131091877e-05
1.07683696616845e-05
1.07136562145227e-05
1.06583796944948e-05
 1.0603845919166e-05
1.05496389997684e-05
1.04948806291527e-05
1.04395776439614e-05
 1.0383736893993e-05
1.03273652427016e-05
1.02704695664202e-05
1.02130567543601e-05
    1.0155133709e-05
1.00967073454195e-05
1.00391815568979e-05
 9.9818896741044e-06
9.92410606137639e-06
9.86583753437298e-06
9.80709092085474e-06
9.74787306040614e-06
9.68819080421346e-06
9.62805101489828e-06
9.56746056629543e-06
9.50721657638764e-06
9.44781866363265e-06
9.38798157784637e-06
9.32771208445038e-06
9.26701695891374e-06
9.20590298669755e-06
 9.1443769628663e-06
9.08244569164385e-06
9.02011598669095e-06
8.95898970898479e-06
8.89790648245237e-06
8.83643603727391e-06
 8.7745850693155e-06
8.71236028249234e-06
8.64976838793607e-06
8.58681610421685e-06
8.52351015662167e-06
8.46159902595511e-06
8.39958323611834e-06
8.33722470028331e-06
8.27453001822631e-06
8.21150579521923e-06
8.14815864169649e-06
8.08449517319954e-06
8.02173931885308e-06
7.95939890896324e-06
7.89675281182012e-06
7.83380751068208e-06
7.77056949241572e-06
7.70704524655219e-06
7.64351849980027e-06
7.58133713629761e-06
  7.518879908186e-06
7.45615316860571e-06
7.39316327241779e-06
7.32991657581561e-06
7.26756686841856e-06
7.20567033646313e-06
 7.1435269973219e-06
7.08114306752217e-06
7.01852476331366e-06
6.95744922080133e-06
6.89617271426579e-06
6.83467151579853e-06
6.77323946157715e-06
6.71305411259482e-06
6.65265365851209e-06
6.59222472537691e-06
6.53310514020511e-06
6.47377988760578e-06
6.41551981533928e-06
6.35765243639508e-06
6.30125784678581e-06
6.24853125963387e-06
6.19777497923302e-06
6.14801266191067e-06
6.09883884095108e-06
6.05068397563358e-06
6.00272198936214e-06
  5.955344308195e-06
5.90819810514231e-06
5.86157412890698e-06
5.81488779594075e-06
5.76899775939221e-06
5.72290276740217e-06
5.67740795909266e-06
 5.6320336696003e-06
5.58697161168187e-06
 5.5422999435395e-06
5.49789616510754e-06
 5.4539080327487e-06
5.41036436901843e-06
5.36703983960996e-06
5.32453523399701e-06
5.28242637160004e-06
5.24090469311567e-06
5.20014602983787e-06
5.16030331476625e-06
5.12134986391244e-06
5.08310789576472e-06
5.04540670454023e-06
5.00808800546482e-06
4.97111781627702e-06
4.93396994605266e-06
4.89664791530897e-06
4.90256142607337e-06
4.92215077724234e-06
4.94119130800552e-06
4.95968503927413e-06
4.97763402601548e-06
4.99504035644804e-06
5.01190615184721e-06
5.02823356585136e-06
5.04402478407329e-06
5.05928202365613e-06
5.07400753274601e-06
5.08820358990913e-06
5.10187250393757e-06
5.11501661315528e-06
5.12763828500185e-06
5.13973991561611e-06
5.15132392922557e-06
5.16239277806307e-06
5.17294894147868e-06
5.18299492560659e-06
 5.1925332630598e-06
5.20156651234727e-06
5.21009725751309e-06
5.21812810760913e-06
5.22566169636196e-06
5.23270068142345e-06
5.23924774450957e-06
5.24530559040115e-06
5.25087694674964e-06
5.25596456379951e-06
5.26057121358336e-06
5.26469968994969e-06
5.26835280770244e-06
5.27153340251774e-06
 5.2742443303333e-06
5.27648846701534e-06
5.27826870810877e-06
 5.2795879680323e-06
5.28044917993964e-06
5.28085529527544e-06
 5.2808092836365e-06
5.28031413182806e-06
5.27937284397484e-06
5.27798844060512e-06
5.27616395898378e-06
5.27390245219639e-06
5.27120698864958e-06
5.26808065232087e-06
5.26452654178722e-06
5.26054777008622e-06
5.25614746435532e-06
5.25132876558199e-06
5.24609482771554e-06
5.24044881813901e-06
5.23439391655889e-06
5.22793331503291e-06
5.22107021755369e-06
5.21380783966019e-06
 5.2061494081046e-06
5.19809816046379e-06
5.18965734500054e-06
5.18083021988636e-06
5.17162005334026e-06
5.16203012310146e-06
5.15206371595744e-06
 5.1417241277163e-06
5.13101466259602e-06
5.11993863297477e-06
5.10849935916879e-06
5.09670016918262e-06
 5.0845443980152e-06
5.07203538771539e-06
5.05917648699339e-06
5.04597105072113e-06
5.03242244001556e-06
5.01853402135044e-06
5.00430916683392e-06
4.98975125365342e-06
 4.9748636637148e-06
4.95964978344809e-06
4.94411300350217e-06
4.92825671841168e-06
4.91208432631951e-06
4.89559922892124e-06
4.87880483060477e-06
4.86170453878332e-06
4.84430176336814e-06
4.82659991643541e-06
4.80860241194869e-06
4.79031266567564e-06
4.77173409468845e-06
4.75287011730829e-06
4.73372415252249e-06
4.71429962012326e-06
4.69459994009713e-06
4.67462853276368e-06
4.65438881791513e-06
4.63388421509392e-06
 4.6131181432596e-06
4.59209402026151e-06
4.57081526278325e-06
 4.5492852861484e-06
4.52750750393194e-06
4.50548532790473e-06
4.48322216758945e-06
4.46072142995524e-06
4.43798651955651e-06
4.41502083795009e-06
4.39182778352865e-06
4.37250299950565e-06
4.37854173968022e-06
4.38416664527708e-06
4.39116206735202e-06
4.39774674387827e-06
4.40391235517756e-06
4.41137067214159e-06
4.41849330767852e-06
4.42519156362842e-06
4.43180431602963e-06
4.43944712474886e-06
4.44666033438956e-06
4.45344621968768e-06
4.45980707874938e-06
 4.4667636999729e-06
 4.4740319696257e-06
4.48087026932997e-06
4.48728091173578e-06
4.49326623169766e-06
4.49882858605255e-06
4.50558840897619e-06
4.51200567885834e-06
4.51799552486642e-06
4.52356031843681e-06
4.52870245276626e-06
4.53342434242332e-06
4.53788278070855e-06
 4.5434012719836e-06
4.54849576608796e-06
4.55316869102385e-06
 4.5574224956102e-06
4.56125964881648e-06
4.56468263948517e-06
4.56769397561008e-06
4.57049544572152e-06
4.57423166300153e-06
4.57755332461396e-06
4.58046295026548e-06
4.58296307848105e-06
4.58505626615979e-06
4.58674508813095e-06
4.58803213687631e-06
4.58892002186406e-06
4.58999789482162e-06
4.59153905729703e-06
 4.5926790576134e-06
4.59342051395417e-06
4.59376606065653e-06
4.59371834832245e-06
4.59328004320803e-06
4.59245382683493e-06
4.59124239554631e-06
4.58971497274696e-06
4.58909411304997e-06
4.58808694925317e-06
4.58669618214058e-06
4.58492452654058e-06
4.58277471165891e-06
4.58024947969093e-06
4.57735158609918e-06
4.57408379878066e-06
 4.5704488980669e-06
4.56659047631813e-06
4.56349020128144e-06
4.56002259868749e-06
4.55619044820166e-06
4.55199654125771e-06
4.54744368033611e-06
4.54253467874199e-06
4.53727236038315e-06
4.53165955943691e-06
4.52569911962852e-06
4.51939389445322e-06
4.51352002200922e-06
4.50770322135696e-06
4.50154222708665e-06
4.49503988558808e-06
4.48819905196629e-06
4.48102258981953e-06
4.47351337118373e-06
4.46567427558886e-06
4.45750818989232e-06
4.44901800827902e-06
4.44020663187272e-06
4.43194039878581e-06
4.42358532593001e-06
4.41491036368147e-06
4.40591839873106e-06
4.39661232409794e-06
4.38699503851891e-06
4.37706944644844e-06
4.36683845755903e-06
 4.3563049866302e-06
4.34547195266033e-06
4.33434227958829e-06
 4.3237044549671e-06
4.31301503084347e-06
4.30203082218972e-06
4.29075473024065e-06
4.27918966000584e-06
4.26733852043615e-06
4.25520422303594e-06
4.24278968280678e-06
4.23009781741479e-06
4.21713154652448e-06
4.20389379257591e-06
4.19038747961897e-06
 4.1766155328693e-06
4.16258087942989e-06
4.14828644740295e-06
4.13373516583437e-06
4.11892996415864e-06
4.10387377230981e-06
 4.0885695203885e-06
4.07302013821775e-06
4.05722855528756e-06
4.04119770053279e-06
4.02493050211117e-06
4.00907892267321e-06
 3.9942315890884e-06
3.97914397548549e-06
3.96381894218756e-06
3.94825934862952e-06
3.93246805358016e-06
 3.9164479150311e-06
3.90020178997474e-06
3.88418460617324e-06
3.86830686871509e-06
 3.8522062213997e-06
3.83588548735769e-06
3.81934748799884e-06
3.80259504306757e-06
3.78563097019891e-06
3.76845808452986e-06
3.75107919942108e-06
3.73349712534665e-06
3.71571466983855e-06
3.69836513736121e-06
3.68096368341675e-06
3.66336505874809e-06
 3.6455720314188e-06
3.62758736649482e-06
3.60941382554492e-06
3.59105416652961e-06
3.57251114357915e-06
3.55378750704904e-06
3.53488600329799e-06
3.51611373489158e-06
3.49760676704447e-06
3.47892522406523e-06
3.46007180823671e-06
3.44104921706778e-06
3.42186014351542e-06
3.40250727587366e-06
3.38299329727398e-06
3.36332088574087e-06
3.34349271419176e-06
3.32387527990363e-06
3.30445581248062e-06
3.28488387496551e-06
3.26516209209204e-06
3.24529308320942e-06
3.22527946156059e-06
3.20512383450433e-06
3.18482880379278e-06
3.16439696468329e-06
3.14396688660956e-06
3.12395704932245e-06
3.10381365981049e-06
3.08353926214977e-06
3.06313639397704e-06
3.04260758637875e-06
3.02195536372452e-06
3.00118224344503e-06
2.98029073636519e-06
2.95962559737628e-06
2.93916841115349e-06
2.91859599738098e-06
2.89791081303781e-06
2.87711530755352e-06
2.85621192325225e-06
2.83520309490859e-06
2.81409124985865e-06
2.79318982271404e-06
2.77252234009984e-06
2.75175489761192e-06
2.73088986701975e-06
2.70992961204364e-06
2.68887648890992e-06
2.66773284574029e-06
   2.64655655835e-06
2.62586472610238e-06
2.60508533422854e-06
2.58422067384023e-06
2.56327302783355e-06
2.54224467099995e-06
2.52113786974872e-06
2.50023625264495e-06
2.47958585847252e-06
2.45885984812011e-06
2.43806043032091e-06
2.41718980481531e-06
2.39625016346112e-06
2.37571639777334e-06
 2.3552331079868e-06
2.33468351468202e-06
2.31406975154114e-06
2.29341871127442e-06
2.27325632140563e-06
2.25303243206465e-06
2.23274911892446e-06
2.21247555115545e-06
 2.1926352599122e-06
2.17273815350527e-06
2.15278625070869e-06
2.13330664239342e-06
 2.1137864629206e-06
2.09450897781238e-06
2.07540558183616e-06
2.05668688180172e-06
2.03874052773223e-06
2.02166252255553e-06
2.00499685348854e-06
1.98859873901114e-06
1.97235612769964e-06
1.95643799577594e-06
1.94052466828687e-06
1.92489985301192e-06
1.90921380743836e-06
1.89384952503646e-06
1.87842966226093e-06
1.86316675904186e-06
1.84800666469531e-06
1.83278881471516e-06
1.81787996794691e-06
1.80291711643354e-06
1.78810448364652e-06
1.77339073054172e-06
1.75874787000652e-06
1.74427696408852e-06
  1.729869619993e-06
1.71563501633054e-06
1.70152137657364e-06
1.68751629026076e-06
1.67374777576557e-06
1.66010286356544e-06
 1.6466369925916e-06
1.63339815040242e-06
1.62039306822459e-06
 1.6076164125467e-06
 1.5949944122684e-06
1.58247335030337e-06
1.57012745577445e-06
1.55788320782557e-06
1.54570999832959e-06
1.54993826495531e-06
1.55583495006772e-06
1.56156136957297e-06
1.56711812637766e-06
1.57250583410207e-06
1.57772511721888e-06
1.58277661069239e-06
1.58766096003404e-06
1.59237882085828e-06
1.59693085921564e-06
1.60131775109318e-06
1.60554018244219e-06
1.60959884912271e-06
1.61349445651493e-06
1.61722771976902e-06
 1.6207993633055e-06
1.62421012092628e-06
1.62746073567588e-06
1.63055195959161e-06
1.63348455364809e-06
1.63625928756295e-06
1.63887693988007e-06
1.64133829763657e-06
1.64364415622398e-06
  1.645795319416e-06
1.64779259909098e-06
1.64963681523189e-06
1.65132879578755e-06
1.65286937647835e-06
1.65425940051867e-06
1.65549971897772e-06
 1.6565911900579e-06
 1.6575346793446e-06
1.65833105975066e-06
1.65898121093355e-06
1.65948601979493e-06
1.65984637981453e-06
 1.6600631912167e-06
1.66013736072057e-06
 1.6600698015401e-06
1.65986143307872e-06
1.65951318104041e-06
 1.6590259770688e-06
1.65840075896928e-06
1.65763846993183e-06
1.65674005922489e-06
1.65570648147373e-06
1.65453869685472e-06
1.65323767073455e-06
1.65180437383672e-06
1.65023978185297e-06
1.64854487541555e-06
1.64672064018045e-06
1.64476806632785e-06
1.64268814856205e-06
1.64048188644461e-06
1.63815028353387e-06
1.63569434788458e-06
1.63311509138175e-06
1.63041353026805e-06
1.62759068442209e-06
1.62464757774705e-06
1.62158523761557e-06
1.61840469498076e-06
 1.6151069842929e-06
1.61169314336074e-06
1.60816421310161e-06
1.60452123751376e-06
1.60076526373176e-06
1.59689734166579e-06
1.59291852402932e-06
1.58882986614484e-06
1.58463242580509e-06
1.58032726349511e-06
1.57591544167057e-06
1.57139802536843e-06
1.56677608140199e-06
1.56205067877724e-06
1.55722288841531e-06
1.55229378295818e-06
1.54726443671316e-06
1.54213592554187e-06
1.53690932686024e-06
1.53158571936096e-06
1.52616618323553e-06
1.52065179950811e-06
1.51504365047961e-06
1.50934281936688e-06
1.50355039021943e-06
 1.4976674478917e-06
1.49169507776548e-06
1.48563436602744e-06
1.47948639916962e-06
1.47325226398931e-06
1.46693304783896e-06
1.46052983782119e-06
1.45404372139946e-06
1.44747578609272e-06
1.44082711908688e-06
1.43409880756784e-06
1.42729193824964e-06
1.42040759740225e-06
1.41344687124012e-06
1.40641084495075e-06
1.39930060330529e-06
1.39211723024224e-06
1.38486180883968e-06
  1.377535421343e-06
1.37013914894291e-06
 1.3626740716921e-06
1.36336632100553e-06
1.36511796317018e-06
1.36674728551389e-06
1.36857133298252e-06
1.37049832271696e-06
1.37229600849498e-06
1.37426547885955e-06
1.37635909303047e-06
1.37832182517394e-06
1.38015434397731e-06
1.38228231166826e-06
1.38440394609196e-06
1.38639382113448e-06
1.38825260881381e-06
1.39005663440939e-06
1.39219491063214e-06
1.39420064615425e-06
1.39607451721258e-06
1.39781720753795e-06
1.39942940780013e-06
 1.4011573720718e-06
1.40303278384213e-06
1.40477640386827e-06
 1.4063889269833e-06
 1.4078710554033e-06
1.40922349756156e-06
1.41044696921888e-06
1.41181951407443e-06
1.41328651975803e-06
1.41462346953114e-06
1.41583108320686e-06
1.41691008692657e-06
1.41786121349297e-06
 1.4186852023701e-06
1.41938279923925e-06
1.42019987231512e-06
1.42111961054514e-06
1.42191213248211e-06
1.42257818719349e-06
1.42311853007504e-06
1.42353392268424e-06
1.42382513235173e-06
1.42399293229234e-06
1.42403810193814e-06
1.42428599597677e-06
 1.4245321870443e-06
1.42465519742396e-06
1.42465580904583e-06
1.42453480916904e-06
 1.4242929907704e-06
1.42393115210027e-06
1.42345009673805e-06
1.42285063359227e-06
1.42227316346499e-06
1.42185640583659e-06
1.42132096297987e-06
1.42066764508009e-06
1.41989726742953e-06
1.41901065020544e-06
1.41800861830355e-06
1.41689200172657e-06
1.41566163458506e-06
1.41431835576356e-06
1.41302290285195e-06
1.41184612378886e-06
1.41055641345034e-06
1.40915461083191e-06
1.40764155875939e-06
1.40601810433294e-06
1.40428509926016e-06
1.40244339869033e-06
1.40049386215813e-06
 1.3984373526954e-06
1.39629446649359e-06
1.39439169233313e-06
1.39238216317894e-06
1.39026674050857e-06
1.38804628901923e-06
1.38572167740492e-06
1.38329377741275e-06
1.38076346423155e-06
1.37813161621425e-06
1.37539911509998e-06
1.37256684490383e-06
1.36977846054709e-06
1.36708997522383e-06
1.36430214264793e-06
1.36141584389238e-06
1.35843196241714e-06
1.35535138490184e-06
1.35217500030205e-06
1.34890369990481e-06
1.34553837793927e-06
1.34207993057744e-06
1.33852925626732e-06
1.33514802924672e-06
 1.3317342925645e-06
1.32822891862894e-06
1.32463280061446e-06
1.32094683341633e-06
1.31717191426128e-06
1.31330894215242e-06
1.30935881759164e-06
1.30532244280168e-06
1.30120072172613e-06
1.29699455980736e-06
1.29270486354249e-06
1.28833254126048e-06
1.28387850206746e-06
 1.2793436563463e-06
 1.2747289155346e-06
1.27003519206914e-06
1.26526339916389e-06
1.26041445092095e-06
1.25548926183106e-06
1.25048874705103e-06
1.24541382251486e-06
1.24026540448963e-06
 1.2350444093534e-06
1.23017531011849e-06
 1.2253998054601e-06
1.22055058099368e-06
1.21562852894996e-06
 1.2106345421703e-06
1.20556951366257e-06
1.20043433660122e-06
1.19527129266439e-06
1.19025241829274e-06
1.18516440505978e-06
1.18000813603691e-06
1.17478449440656e-06
1.16949436312908e-06
1.16413862505382e-06
1.15871816314117e-06
1.15323386012944e-06
1.14768659820186e-06
1.14207725954163e-06
1.13656928901751e-06
1.13108038451992e-06
1.12553044256947e-06
1.11992033308139e-06
1.11425092497175e-06
1.10852308699005e-06
1.10273768688662e-06
1.09689559185666e-06
1.09099766837373e-06
1.08504478180116e-06
1.07914812952359e-06
 1.0733200828672e-06
1.06743812861021e-06
1.06150311834918e-06
1.05551590257047e-06
1.04947733087224e-06
1.04338825124284e-06
1.03724951094897e-06
1.03106195570302e-06
1.02482642994062e-06
1.01871301888545e-06
1.01260688456506e-06
1.00645382605791e-06
1.00025467236753e-06
9.94010251109678e-07
9.87721388401308e-07
9.81388908805059e-07
9.75013635218236e-07
9.68596388595255e-07
9.62269203486077e-07
 9.5598555482912e-07
 9.4966096142457e-07
9.43296228295143e-07
9.36892158187597e-07
9.30449551850288e-07
9.23969208421749e-07
9.17451925097623e-07
  9.109128454865e-07
9.04532790668711e-07
 8.9811680253904e-07
8.91665660973651e-07
8.85180143461728e-07
 8.7866102527201e-07
8.72109079730343e-07
8.65525077720086e-07
8.58943190185091e-07
8.52499515369143e-07
8.46024753864416e-07
8.39519658735188e-07
8.32984980547735e-07
8.26421467481353e-07
8.19829865550403e-07
8.13210918104712e-07
 8.0673891833527e-07
8.00262753175573e-07
  7.937601617658e-07
7.87231868859539e-07
7.80678596989937e-07
7.74101065914579e-07
7.67566799619868e-07
7.61133214788323e-07
7.54676260650289e-07
7.48196638200582e-07
7.41695045713975e-07
7.35172179022747e-07
7.28769135593943e-07
7.22390113117033e-07
7.15990667143895e-07
7.09571474577508e-07
7.03142241598176e-07
6.96865266547331e-07
6.90569381123218e-07
6.84255243188492e-07
6.77951020044976e-07
6.71776422600523e-07
 6.6558438821529e-07
6.59379643552782e-07
6.53323389832039e-07
 6.4725050463732e-07
6.41261310385666e-07
6.35319663988554e-07
6.29502515780977e-07
6.23892685180927e-07
6.18561359855274e-07
6.13354065592819e-07
6.08226608411755e-07
6.03183192837697e-07
5.98203554746934e-07
 5.9324932411009e-07
5.88374621690591e-07
5.83506745255313e-07
5.78698528264088e-07
5.73914596013747e-07
5.69138490780219e-07
5.64436467453966e-07
5.59716622938744e-07
5.55052549644497e-07
 5.5041309116044e-07
5.45779605509722e-07
 5.4121866022161e-07
5.36640957615742e-07
5.32153846100059e-07
5.27652953052904e-07
5.23236658167558e-07
5.18820327422009e-07
5.14482698110719e-07
5.10172927514763e-07
5.05905417669261e-07
5.01715957446081e-07
 4.9757769321479e-07
4.93505280863005e-07
4.89496148725621e-07
4.85533295180307e-07
4.81644309824336e-07
4.77783905938889e-07
4.79375093259682e-07
4.81270378910326e-07
4.83112649884987e-07
4.84902088260242e-07
4.86638879582113e-07
4.88323212477493e-07