                   0
 5.7171371945608e-05
0.000108019614731877
0.000357019448014778
0.000527943580261384
0.000645828151864092
0.000691267633009862
0.000662975823049528
0.000584561225768443
0.000484580144694657
0.000462686157556402
0.000482270644969973
0.000457681062601467
0.000406369380820504
0.000390832763043636
0.000398218986918719
0.000405480694188665
0.000376630752635387
0.000374848940143169
 0.00036160346919234
0.000349082845848003
0.000352736185066926
0.000325644793977453
0.000331309636330324
0.000319930660463097
0.000311493308140287
 0.00031681062968858
0.000322114907146231
0.000327230573951232
0.000332150982145285
0.000336884879615029
0.000341441814738941
0.000345840394671337
0.000350330738030924
0.000354690895672527
0.000358933400654016
 0.00036307083704662
 0.00036741632781645
0.000371707574399138
0.000375930964599813
0.000380400193518204
0.000384819962409966
0.000389178806978141
0.000393698300956369
0.000398186620036656
0.000402591336245539
0.000406904015172738
0.000411114377091515
0.000415210653874953
0.000419180159418553
0.000423010025943249
0.000426688027662436
0.000430203393870454
0.000433547509465115
0.000436714413467043
0.000439701033583151
0.000442507132870751
0.000445134986422291
0.000447588843794255
0.000449874258812155
0.000452174020663887
0.000454343168725169
0.000456353964376821
0.000458209001714338
0.000459910546658837
0.000461459850355284
0.000462856423897873
0.000464246139702196
0.000465558626430274
0.000466716543442991
0.000467713454687324
0.000468536698011057
0.000472708734200245
0.000481964837779736
 0.00047579654371499
0.000493548034580904
0.000495178078891767
0.000499557508915172
0.000509329279123283
0.000503512091386771
0.000517890737382287
0.000519723970272001
0.000521149425208089
0.000530509817551872
0.000524618521090314
 0.00053613314426515
0.000537350936938297
0.000537094409133299
0.000545298432141683
0.000538627396686642
  0.0005488992163033
0.000548821306544767
0.000548644125349274
0.000555021640160525
0.000546933306335373
0.000557587668204906
0.000555539338709776
0.000556923790373309
 0.00056077996454118
0.000553469424979913
0.000562975242341945
0.000558294487333133
0.000562484797109297
0.000563143326817173
0.000559670343404872
0.000565441764725172
0.000557513801412002
0.000565474235277641
0.000562284692494086
0.000563543861463955
0.000564889714916639
0.000559943059384893
0.000565553187214518
0.000557905946201531
0.000564492584616438
0.000560749233718072
0.000561907267422668
0.000561822674108203
0.000557971660403167
0.000561257757985212
0.000552832379568047
0.000559170869613101
0.000552761105452548
0.000555628193363855
0.000551948271872105
0.000550620859873119
0.000549368499081382
0.000544186502370592
0.000545036656991682
0.000536371297380933
0.000538985669407854
0.000529595081480871
0.000531245924872359
 0.00052329955213537
0.000521856604930704
0.000515041420709239
0.000510877619348815
0.000504872450467597
0.000498401436428098
0.000492880011190411
0.000484593642879338
0.000479231940904323
0.000469882192989768
0.000464379729074649
0.000454722061656032
0.000448811434703267
0.000439265165710911
0.000432701495215571
0.000423594529260718
0.000416154366704224
0.000407797401403009
 0.00039928047615817
0.000391939936504548
0.000382169447524672
0.000376083760861401
0.000364907561347549
 0.00036027829735108
 0.00035324168975559
0.000350154842998496
 0.00034514086771531
 0.00034022194763822
0.000335570025968956
 0.00033494750172125
0.000334055392643973
0.000333561704477736
0.000332654966934909
0.000331395652670818
0.000330297178868788
0.000329137100255283
0.000327693349532754
0.000326063130734355
0.000324343602306376
0.000322745155617477
0.000321068378994482
0.000319407969437857
0.000317984903479229
0.000316693463976891
0.000315520529164837
0.000314532254766964
0.000313555638321361
0.000312567335050695
0.000311554681700188
0.000310533107690358
0.000309543890087527
0.000308524967623791
0.000307474169150557
 0.00030639375563446
0.000305289013346144
0.000304166867162725
0.000303034682433312
0.000301899357348145
0.000300766745134906
0.000299641393305072
0.000298526549185052
 0.00029742435798541
0.000296336170581779
0.000295262880675273
0.000294205222195476
0.000293163974846244
 0.00029214004604261
0.000291134418932915
0.000290147976962363
0.000289181233795621
0.000289828588254992
0.000291180479326247
0.000296760443114302
  0.0002991034909329
0.000301831796166135
0.000305426403797548
0.000305065930546911
0.000310186262314632
0.000309989230613594
0.000313402963444648
0.000315088267168195
0.000315082590831656
0.000318905385106899
0.000318101214055705
0.000321403046016244
0.000322877921680537
0.000322547794318229
0.000326451604619055
0.000325950543707959
0.000328789493000664
0.000320804274987235
0.000301202415962987
0.000270354584614108
0.000261618629937566
0.000260253880554506
  0.0002589584424878
0.000257734737600823
0.000256571415533036
0.000255457971087392
0.000254377584813392
0.000253309184590211
0.000252230355163197
0.000251120609701894
0.000249964398678859
0.000248753240885691
0.000247486538872854
0.000246170946895385
  0.0002448185029994
0.000243444012177463
0.000242062296388235
0.000240685886505609
0.000239323552354231
0.000237979815407852
0.000236655338754277
0.000235347904100958
0.000234053606240625
0.000232767930602007
0.000231486504286615
0.000230205472963374
0.000228921593903197
0.000227632203410488
0.000226335202450301
0.000225029130149212
0.000223713304919326
0.000222387950148284
0.000221054209767368
0.000219713996561066
0.000218369680263342
0.000217023683101614
0.000215678083496762
0.000214334324569188
0.000212993088624214
0.000211654347638035
0.000210317551387895
0.000208981884018411
0.000207646513675663
0.000206310776815211
0.000204974270065494
0.000203636855576894
0.000202298609168206
0.000200959748067109
0.000199620567547631
0.000198281399961364
0.000196942594315908
0.000195604506172953
 0.00019426748792406
0.000192931875478974
0.000191601487036674
0.000190277557985397
0.000188955354294751
0.000187635061776437
 0.00018631684497461
0.000185000859243889
0.000183687259517451
0.000182375778334798
0.000181037937236228
0.000179705154780607
0.000178377742838798
0.000177055896918299
0.000175739808864317
0.000174425716259363
0.000173116119896233
0.000171812838085872
0.000170516063901838
0.000169225978785104
0.000167942758797501
0.000166664877163658
0.000165390709384372
0.000164123894052182
0.000162864610733116
0.000161613019408757
0.000160369273195959
0.000159133518002452
0.000157901902383184
0.000156677676672823
0.000155461845817384
0.000154254540871257
0.000153055881212949
0.000151865977967902
0.000150683999839973
0.000149507346424604
0.000148339724158175
0.000147181232899585
0.000146031948008551
0.000144891933661961
0.000143761242286655
0.000142640206803879
0.000141529997215506
0.000140429267112774
0.000139338021823421
0.000138256249094137
0.000137183929213802
0.000136121036661607
0.000135064629657733
0.000134016397326686
0.000132977511922538
 0.00013194794989424
0.000130927682173598
0.000129916679266096
0.000128914911741274
0.000127918956311701
0.000126931674957587
0.000125953577247984
0.000124984645461623
0.000124024858614291
 0.00012307419344626
0.000122132622967563
0.000121196421262737
0.000120269228987446
0.000119351051498739
 0.00011844183792642
 0.00011754152561072
0.000116650039577504
0.000115766290098351
0.000114888643777178
0.000114023376478478
0.000113169325980489
0.000112323214034982
0.000111484888459801
0.000110654193673509
0.000109827969975274
0.000109008724989423
0.000108196687015782
0.000107391711135163
0.000106593654684684
0.000105802379376518
0.000105015209700299
0.000104233933820197
0.000103459097083092
0.000102690586582077
0.000101928289678255
  0.0001011720955858
0.000100418963082993
9.96716521726171e-05
9.89301613363303e-05
9.81943838685995e-05
 9.7464210338738e-05
9.67395286416428e-05
 9.6020223839588e-05
9.53061781666653e-05
9.45972711735577e-05
9.38933800016528e-05
9.31943797577439e-05
9.25001439626705e-05
9.18105450423701e-05
9.11254548255913e-05
9.04447450202905e-05
8.97682876488393e-05
8.90959554242787e-05
8.84276220599611e-05
8.77631625116893e-05
8.71024531529097e-05
8.64497197434755e-05
8.58033350982224e-05
8.51607042500202e-05
8.45217067513282e-05
8.38862237469984e-05
 8.3254137965616e-05
8.26253336866367e-05
8.19996966945347e-05
8.13771142270658e-05
8.07574749279727e-05
8.01406688050177e-05
7.95265872015616e-05
7.89151227804652e-05
7.83061695213139e-05
7.76996227287441e-05
7.71059572330923e-05
7.65155471295076e-05
 7.5927531393849e-05
7.53418086015811e-05
7.47582786371215e-05
7.41768427229283e-05
7.35974034471454e-05
7.30198647926894e-05
7.24441321636737e-05
   7.18701124095e-05
7.12977138473958e-05
7.07400082853304e-05
7.01845477857344e-05
6.96306861425189e-05
6.90783352698121e-05
6.85274085012733e-05
 6.7977820611409e-05
6.74294878414416e-05
6.68823279263986e-05
6.63362601293072e-05
6.57969895464516e-05
6.52681918814624e-05
6.47404586251454e-05
6.42137129156506e-05
6.36878794209039e-05
6.31628843869025e-05
6.26386556875635e-05
 6.2115122874129e-05
6.15922172249039e-05
6.10783653237634e-05
6.05728536050565e-05
6.00679442277485e-05
5.95635727146382e-05
5.90596763139217e-05
5.85561940311674e-05
5.80530666546286e-05
5.75502367727854e-05
5.70476487863347e-05
5.65605346133369e-05
5.60753339258202e-05
5.55903607377672e-05
5.51055636616171e-05
5.46208930046754e-05
5.41363007601214e-05
5.36517405954617e-05
5.31671678392076e-05
5.26826076208131e-05
5.22153014731463e-05
5.18632525549623e-05
5.15701798292079e-05
5.12764830298273e-05
5.09821191060911e-05
5.06870462967379e-05
5.03912241297533e-05
5.00946134164848e-05
4.97971762412619e-05
4.94988759458526e-05
4.91996771115333e-05
4.88995455378283e-05
4.85984482208046e-05
4.82963533307013e-05
4.79932301902797e-05
4.76890492557835e-05
4.73837820991196e-05
4.70774013944242e-05
4.67698809070716e-05
4.64611954867356e-05
4.61513210633369e-05
4.58402346470987e-05
4.55279143309895e-05
4.52143392951077e-05
4.48994898138988e-05
4.45833472642598e-05
4.42658941344765e-05
4.39471140332159e-05
4.36269916993526e-05
4.33055130100168e-05
4.29826649893106e-05
4.26584358149684e-05
4.23328148244639e-05
4.20057925205053e-05
4.16773605744769e-05
4.13475118297701e-05
4.10162403041703e-05
4.06835411904671e-05
4.03494108577318e-05
4.00138468512057e-05
3.96768478919118e-05
3.93384138759334e-05
3.89985458731368e-05
3.86572461254509e-05
3.83145180455347e-05
3.79703662143349e-05
 3.7624796378477e-05
 3.7277815447212e-05
 3.6929431488919e-05
3.65796537272201e-05
3.62284925358169e-05
3.58759594333291e-05
3.55220670766876e-05
3.51668292546403e-05
3.48102608794254e-05
3.44523779780004e-05
3.40931976827719e-05
3.37327382217145e-05
3.33710189068248e-05
3.30080601238514e-05
3.26438833200826e-05
3.22785109932444e-05
3.19119666800094e-05
3.15442749450057e-05
3.11754613709914e-05
3.08055525489181e-05
3.04345760702152e-05
 3.0062560519295e-05
2.96895354676696e-05
2.93155314699534e-05
2.89405800592557e-05
2.85647137457379e-05
2.81879660141149e-05
2.78103713221567e-05
2.74319650984678e-05
2.70527837401002e-05
2.66728646086123e-05
2.62922460244619e-05
2.59109672591795e-05
 2.5529068524377e-05
2.51465909582582e-05
 2.4763576608744e-05
2.43800684129325e-05
2.39961101728969e-05
2.36117465288732e-05
2.32270229292286e-05
2.28419855972106e-05
 2.2456681496752e-05
2.20711582953892e-05
2.16854643272368e-05
2.12996485550176e-05
2.09137605323151e-05
2.05278503667139e-05
2.07054444248955e-05
2.09141839060401e-05
2.11188343189894e-05
2.13194115825655e-05
2.15159318335267e-05
2.17084114267907e-05
2.18968669335462e-05
2.20813151402544e-05
2.22617730472052e-05
2.24382578679627e-05
2.26158358068718e-05
2.27948141551249e-05
2.29696977627203e-05
2.31405061936751e-05
2.33072592191741e-05
2.34699768156821e-05
2.36286791618356e-05
2.37833866360004e-05
2.39341198142728e-05
2.40808994665942e-05
2.42265637468986e-05
2.43757563701541e-05
2.45208797536867e-05
2.46619567259021e-05
2.47990103084961e-05
2.49320637133454e-05
2.50611403379564e-05
2.51862637625777e-05
2.53074577458712e-05
2.54247462218027e-05
2.55402507053359e-05
2.56597958747662e-05
2.57753250382242e-05
2.58868639793075e-05
2.59944386596933e-05
2.60980752122553e-05
 2.6197799938843e-05
2.62936393033986e-05
2.63856199291812e-05
2.64737685927718e-05
2.65599483513235e-05
2.66501206822589e-05
2.67363559348643e-05
2.68186826020145e-05
2.68971293340137e-05
2.69717249345991e-05
2.70424983549455e-05
2.71094786882253e-05
2.71726951645013e-05
2.72321771457307e-05
2.72884993943734e-05
2.73497082572405e-05
2.74070838377494e-05
2.74606571356584e-05
2.75104592877273e-05
2.75565215618334e-05
 2.7598875351198e-05
2.76375521681693e-05
2.76725836386715e-05
2.77040014962093e-05
2.77318375763169e-05
2.77624661600973e-05
2.77915627522329e-05
2.78169880472134e-05
2.78387754911735e-05
2.78569586358302e-05
2.78715711341526e-05
2.78826467322579e-05
2.78902192640818e-05
2.78943226456052e-05
2.78949908677495e-05
2.78934669786235e-05
2.78950355850904e-05
2.78930890086349e-05
2.78876628297953e-05
 2.7878792707825e-05
2.78665143739198e-05
2.78508636241126e-05
2.78318763130558e-05
2.78095883475826e-05
2.77840356803782e-05
2.77552543033188e-05
 2.7723721970907e-05
2.76953869142726e-05
2.76637559507575e-05
 2.7628866645979e-05
2.75907566033018e-05
2.75494634588425e-05
2.75050248735864e-05
2.74574785271708e-05
2.74068621110013e-05
2.73532133215904e-05
2.72965698548955e-05
2.72369693986585e-05
2.71754053685624e-05
2.71157769654584e-05
2.70531403342433e-05
 2.6987534691103e-05
2.69189992389007e-05
2.68475731604045e-05
2.67732956118483e-05
2.66962057156039e-05
2.66163425547417e-05
 2.6533745164703e-05
2.64484525287489e-05
2.63605035709658e-05
2.62699371503805e-05
2.61767920540779e-05
2.60856754843442e-05
2.59920224695565e-05
2.58957594608811e-05
2.57969266623803e-05
2.56955641942946e-05
2.55917120867144e-05
2.54854102735846e-05
2.53766985863768e-05
2.52656167475385e-05
2.51522043649421e-05
 2.5036500925335e-05
 2.4918545789232e-05
2.47983781848093e-05
2.46760372019095e-05
2.45515617878223e-05
2.44273132977701e-05
 2.4302044993596e-05
2.41746318121461e-05
2.40451139076336e-05
2.39135312726235e-05
 2.3779923732703e-05
2.36443309409307e-05
2.35067923725074e-05
2.33673473190033e-05
2.32260348829172e-05
2.30828939732364e-05
 2.2937963299885e-05
2.27912813688391e-05
2.26428864773531e-05
2.24928167096294e-05
2.23411099319337e-05
 2.2187803788043e-05
2.20329356958038e-05
2.18765428413592e-05
2.17195492177025e-05
 2.1562271220632e-05
2.14034810189778e-05
2.12432166440957e-05
2.10815158750988e-05
2.09184162341947e-05
2.07539549825775e-05
2.05881691167642e-05
2.04210953644868e-05
2.02527701810284e-05
2.00832297461151e-05
1.99125099601405e-05
1.97406464406136e-05
 1.9567674519827e-05
1.93936292409713e-05
1.92185453555815e-05
1.90424573206505e-05
1.88653992964083e-05
 1.8687405143325e-05
1.85085084196679e-05
1.83287423796141e-05
1.81481399709194e-05
1.79667338324752e-05
1.77845562931989e-05
 1.7601639369369e-05
1.74180147637371e-05
1.72337138630851e-05
1.70487677380038e-05
1.68632071402275e-05
1.66770625023016e-05
1.64903639360281e-05
1.63031412319103e-05
1.61157776739085e-05
1.59280390900074e-05
1.57398133469044e-05
1.55511303985278e-05
1.53620198578563e-05
  1.517251099592e-05
 1.4982632741356e-05
1.47924136796318e-05
1.46018820533778e-05
1.44110657610552e-05
1.42199923586217e-05
1.40286890576435e-05
1.38371827265171e-05
1.36454998904689e-05
1.34536667321106e-05
1.32617090912168e-05
1.30696524658358e-05
 1.2877522012622e-05
1.26853425478357e-05
1.24931385480087e-05
1.23009341507219e-05
1.21087531558262e-05
 1.1916619026775e-05
1.17245548906242e-05
1.15327274520238e-05
 1.1341271680898e-05
 1.1149973796365e-05
1.09588545962325e-05
1.07679345708878e-05
1.05772339042964e-05
 1.0386772476334e-05
1.01965698646733e-05
1.00066453458947e-05
9.81701789859457e-06
9.62770620382969e-06
9.43872864922479e-06
9.25010332863963e-06
9.06218777985135e-06
8.87536070737216e-06
8.68894284533628e-06
8.50295045962124e-06
8.31739955453603e-06
8.13338139460384e-06
 7.9501830764217e-06
7.76747041242309e-06
7.58677191514678e-06
7.40680321476006e-06
7.22866947178158e-06
7.05175470216979e-06
6.87707744484456e-06
6.70359933607756e-06
6.53303430198093e-06
6.36432788636565e-06
 6.1977879145525e-06
6.03450653424709e-06
5.87423453102254e-06
5.71721568032313e-06
5.56435538778821e-06
5.46726243122464e-06
5.37311584125622e-06
5.28365058316549e-06
5.19439426949209e-06
5.10804465314596e-06
 5.0233840425129e-06
4.93889980068829e-06
4.85622181911616e-06
4.77593067205184e-06
4.69578545381211e-06
4.61578874366708e-06
 4.5386921029289e-06
4.46249948582444e-06
 4.3864287617712e-06
4.31048268600964e-06
4.23562894558138e-06
4.16317260387711e-06
4.09081951857626e-06
4.01857268761407e-06
3.94643514267656e-06
3.87440994842336e-06
  3.804953889186e-06
3.73616804050236e-06
3.66747947444512e-06
3.59889150214343e-06
3.53040746514655e-06
3.46203073486873e-06
3.39611088273628e-06
 3.3308591536052e-06
3.26570551245631e-06
3.20065351466781e-06
3.13570673882158e-06
3.07100890772904e-06
3.00920668583338e-06
2.94750462925819e-06
2.88590639718755e-06
2.82441566434866e-06
2.76386343101009e-06
2.70562521687001e-06
2.64749143485954e-06
 2.5894657170733e-06
2.53451325205045e-06
2.50587124639434e-06
2.48386213685947e-06
2.46177332852149e-06
2.43960644630281e-06
2.41736312889262e-06
 2.3950450278587e-06
2.37265380842455e-06
2.49125408136042e-06
2.62331717659769e-06
2.75432095875328e-06
2.88426230521388e-06
3.01313821593485e-06
3.14094581099766e-06
3.26768232805641e-06
3.39334511967326e-06
3.51793165220826e-06
3.64143950259965e-06
3.76386635658754e-06
3.88521000693753e-06
4.00546835066518e-06
4.12463938781471e-06
4.24272121890557e-06
4.35971204348906e-06
4.47561015770592e-06
4.59041395295401e-06
4.70412191355685e-06
 4.8167326160975e-06
4.92824472608788e-06
5.03865699774675e-06
5.14796827189024e-06
5.25617747382245e-06
 5.3632836128914e-06
5.46928577982442e-06
5.57418314617308e-06
5.67797496220379e-06
5.78066055623161e-06
5.88223933262189e-06
5.98271077134616e-06
6.08207442553965e-06
6.18032992139028e-06
 6.2774769560292e-06
6.37351529764185e-06
 6.4684447828034e-06
6.56226531681181e-06
6.65497687168948e-06
6.74657948585011e-06
6.83707326265548e-06
6.92645836986028e-06
 7.0147350383909e-06
 7.1019035617903e-06
7.18796429532986e-06
7.27291765512117e-06
7.35676411756092e-06
 7.4395042182207e-06
7.52113855129188e-06
7.60166776936355e-06
7.68109258253435e-06
7.75941375730227e-06
7.83663211667562e-06
7.91274853928492e-06
7.98776395927181e-06
8.06167936484581e-06
8.13449579872838e-06
8.20621435759783e-06
8.27683619142316e-06
8.34636250302001e-06
8.41479454738447e-06
8.48213363269235e-06
8.54838111818967e-06
8.61353841508095e-06
8.67760698564091e-06
8.74058834332558e-06
8.80248405255024e-06
8.86329572791222e-06
8.92302503463505e-06
8.98167368756919e-06
9.03924345252438e-06
 9.0957361439381e-06
9.15115362665198e-06
9.20549781491253e-06
9.25877067192715e-06
 9.3109742106412e-06
9.36211049296087e-06
9.41218162975321e-06
9.46118978117916e-06
9.50913715624946e-06
9.55602601282468e-06
9.60185865750418e-06
9.64663744584815e-06
9.69036478237761e-06
9.73304312013035e-06
9.77467496099393e-06
9.81526285526169e-06
9.85480940263184e-06
9.89331725109732e-06
9.93078909772294e-06
9.96722768775715e-06
1.00026358160754e-05
1.00370163257368e-05
1.00703721090944e-05
1.01027061065739e-05
 1.0134021308672e-05
1.01643207536251e-05
1.01936075295184e-05
1.02218847730651e-05
1.02491556698281e-05
1.02754234545532e-05
1.03006914109471e-05
1.03249628720103e-05
1.03482412195932e-05
  1.037052988484e-05
1.03918323480778e-05
1.04121521383727e-05
1.04314928345284e-05
1.04498580640877e-05
1.04672515036652e-05
1.04836768796135e-05
1.04991379671349e-05
1.05136385900595e-05
1.05271826219555e-05
1.05397739852409e-05
1.05514166515164e-05
1.05621146410106e-05
1.05718720231351e-05
1.05806929167063e-05
  1.058858148828e-05
1.05955419540393e-05
1.06015785782398e-05
 1.0606727578244e-05
1.06115790885486e-05
1.06155251661244e-05
1.06185701002071e-05
1.06207182268836e-05
1.06219739282043e-05
1.06223416331819e-05
1.06218258167923e-05
1.06204310005298e-05
 1.0618161752407e-05
1.06150226856228e-05
1.06110184602271e-05
1.06061537813451e-05
1.06004334005094e-05
1.05938621144386e-05
1.05864447647042e-05
 1.0578186238952e-05
1.05690914692369e-05
1.05591654325776e-05
1.05484131504019e-05
1.05368396888794e-05
1.05244501578117e-05
 1.0511249711409e-05
1.04972435468476e-05
1.04824369052681e-05
 1.0466835070666e-05
1.04504433695585e-05
 1.0433267171206e-05
1.04153118871686e-05
1.03965829704178e-05
1.03770859160024e-05
1.03568262591613e-05
 1.0335809576878e-05
1.03140414861036e-05
1.02915276437576e-05
1.02682737463944e-05
1.02442855300922e-05
1.02195687690099e-05
1.01941292766083e-05
1.01679729033188e-05
1.01411055375422e-05
1.01138419204005e-05
1.00864533020273e-05
1.00583714216507e-05
1.00296021215973e-05
 1.0000151279832e-05
 9.9700248100687e-06
9.93922866121544e-06
9.90776881648614e-06
9.87565129306756e-06
9.84288214223028e-06
9.80946744788547e-06
9.77541332658483e-06
9.74072592674347e-06
9.70541142841785e-06
9.66947604252866e-06
9.63292601008359e-06
 9.5957676021774e-06
9.55800711888166e-06
9.51965088857865e-06
9.48070526807232e-06
9.44117664136712e-06
9.40107141877977e-06
9.36039603738337e-06
   9.31915695912e-06
9.27736067068974e-06
9.23501368355062e-06
9.19212253236434e-06
9.14869377399707e-06
9.10473398829659e-06
9.06063781003219e-06
9.01665096841864e-06
8.97214923101242e-06
8.92713909117493e-06
8.88162706458306e-06
8.83561968612057e-06
8.78912351010008e-06
8.74214510937499e-06
8.69469107489529e-06
8.64676801459741e-06
8.59838255318213e-06
8.54954133111541e-06
8.50025100318508e-06
8.45051823961107e-06
8.40034972326986e-06
8.34975215058265e-06
8.29873222929489e-06
8.24729667947555e-06
8.19545223074147e-06
 8.1432056234787e-06
 8.0905636062889e-06
8.03753293687759e-06
7.98477666630326e-06
7.93211881200406e-06
7.87908663180126e-06
7.82568676649387e-06
7.77192586398634e-06
7.71781057862242e-06
7.66334756918674e-06
 7.6085435002371e-06
7.55340503955093e-06
7.49793885812533e-06
7.44215162939987e-06
7.38605002803538e-06
7.32964073002496e-06
7.27293041080657e-06
7.21592574570717e-06
7.15863340805534e-06
7.10120831903804e-06
7.04461475942164e-06
6.98774613439035e-06
6.93060897494213e-06
6.87320981007655e-06
6.81555516468535e-06
6.75765155933039e-06
6.69950550979959e-06
6.64112352588564e-06
6.58251211038685e-06
6.52367775955121e-06
6.46462696063388e-06
6.40536619300747e-06
6.34679417077511e-06
6.28850244810408e-06
6.23001163768677e-06
6.17132805547094e-06
6.11245800730131e-06
6.05340778803143e-06
5.99418368130156e-06
5.93479195865054e-06
5.87523887807251e-06
5.81578728853227e-06
 5.7573894743923e-06
5.69883995082954e-06
5.64014479853547e-06
5.58131008521201e-06
5.52234186301792e-06
5.46324616945704e-06
5.40402902582393e-06
 5.3451513577496e-06
5.28720944437122e-06
5.22915473477603e-06
  5.170993063075e-06
5.11273024683678e-06
5.05437208597748e-06
4.99592436176144e-06
4.93766784592786e-06
4.88058880865339e-06
4.82342802898827e-06
 4.7661910931307e-06
4.70888356829402e-06
4.65151100204064e-06
4.59407892128283e-06
4.53778315756548e-06
4.48179893708378e-06
4.42576213455226e-06
4.36967807304622e-06
4.31355205532391e-06
4.25739679704717e-06
4.20278369306359e-06
4.14813494697963e-06
4.09345564705843e-06
4.03875086013583e-06
3.98424195746649e-06
3.93111576735272e-06
3.87830620818264e-06
3.82684667393773e-06
3.77536445372861e-06
3.72386416896964e-06
3.67235042247893e-06
3.62082779797879e-06
3.56930085904095e-06
3.51777414953069e-06
3.46625219227459e-06
3.41473948917148e-06
3.36324052052639e-06
 3.3117597446064e-06
3.26030159703006e-06
3.20887049048979e-06
3.15747081425233e-06
3.10610693354807e-06
3.05478318973762e-06
3.00350389903503e-06
2.95227335272985e-06
2.90109581646547e-06
2.84997552990607e-06
2.79891670618149e-06
2.74792353177622e-06
2.69700016580776e-06
 2.6461507399711e-06
2.59537935792808e-06
2.54469009486336e-06
 2.4940869973733e-06
2.44357408279994e-06
2.39315533917539e-06
2.34283472450025e-06
 2.2926161667991e-06
2.24250356345435e-06
2.19250078115074e-06
2.14261165520924e-06
2.09283998964249e-06
 2.0667826966525e-06
2.04423626268269e-06
2.02197283130645e-06
1.99977358225634e-06
1.97806349491736e-06
1.95631628657766e-06
1.93491234828924e-06
1.91370014296366e-06
1.89260361688204e-06
1.87190761827272e-06
1.85123823862043e-06
1.83103980819221e-06
1.81089628473186e-06
 1.7911770112955e-06
1.77163947626124e-06
1.75238123523158e-06
1.73351427129598e-06
1.71491253120326e-06
 1.6966515053729e-06
1.67879185775099e-06
1.66130234002804e-06
1.64421262965897e-06
1.62738256623274e-06
1.61071454604644e-06
1.59436119753775e-06
1.57814139864487e-06
1.56212085938856e-06
1.54606923100098e-06
1.52998789706982e-06
1.51387824071092e-06
1.49774164470706e-06
1.48157949134142e-06
1.46539316217553e-06
1.44918403785499e-06
1.43295349791517e-06
1.41670292053142e-06
1.40043368243581e-06
1.38414715883384e-06
1.36784472284934e-06
1.35152774574654e-06
1.33519759645817e-06
1.31885564164103e-06
1.30250324531511e-06
1.28614176880815e-06
1.26977257070005e-06
1.25339700632332e-06
1.23701642776308e-06
1.22063218366275e-06
1.24807125523319e-06
1.28752048655922e-06
1.32660902563142e-06
1.36533592021149e-06
1.40370025658587e-06
1.44170115889963e-06
1.47933779026665e-06
 1.5166093515484e-06
1.55351508179802e-06
1.59005425681702e-06
1.62622618993247e-06
1.66203023199696e-06
1.69776993586002e-06
1.73340613829343e-06
1.76866811252285e-06
1.80355533241361e-06
1.83806730946756e-06
1.87220359071372e-06
1.90596376015151e-06
 1.9393474373075e-06
1.97235427712439e-06
2.00498397096016e-06
2.03723624414565e-06
2.06911085720574e-06
2.10060760574837e-06
2.13172631902125e-06
2.16246686035593e-06
2.19282912727881e-06
2.22281305006788e-06
2.25241859252989e-06
2.28164575144518e-06
2.31049455601262e-06
2.33896506773856e-06
2.36705738021481e-06
2.39514701638743e-06
2.42293862384724e-06
2.45034866486193e-06
2.47737734959674e-06
2.50402491841495e-06
2.53029164376528e-06
2.55617782829454e-06
2.58168380562473e-06
2.60680993924289e-06
2.63155662272307e-06
2.65592427961536e-06
2.67991336222462e-06
2.70352435238763e-06
2.72675776036291e-06
2.74961412527475e-06
2.77209401433609e-06
2.79419802251546e-06
2.81592677242593e-06
2.83728091432511e-06
2.85826112500498e-06
 2.8788681082359e-06
2.89910259465564e-06
2.91896534043712e-06
2.93845712817653e-06
2.95757876567215e-06
2.97633108647943e-06
2.99471494913384e-06
3.01273123648471e-06
3.03038085647245e-06
3.04766474090723e-06
3.06486646572957e-06
3.08177487895467e-06
3.09831754952139e-06
3.11449550338683e-06
3.13030979059992e-06
3.14576148330303e-06
3.16085167673119e-06
3.17558148865693e-06
3.18995205894623e-06
3.20396454911442e-06
3.21762014243721e-06
3.23092004350656e-06
3.24386547811972e-06
3.25645769250205e-06
3.26869795397311e-06
3.28058754905936e-06
3.29212778538146e-06
3.30331998954492e-06
3.31416550780617e-06
3.32466570540646e-06
3.33482196690493e-06
3.34463569529042e-06
 3.3541083116484e-06
3.36324125571608e-06
3.37203598455016e-06
3.38049397319296e-06
3.38861671389523e-06
3.39640571611621e-06
3.40386250596847e-06
3.41098862643996e-06
3.41778563661688e-06
3.42425511157263e-06
3.43039864281192e-06
3.43621783660542e-06
3.44171431543305e-06
3.44688971654072e-06
3.45174569182927e-06
3.45628390796549e-06
3.46050604649317e-06
3.46464131828483e-06
 3.4685194271189e-06
3.47208452045056e-06
  3.475338336556e-06
3.47828262670102e-06
3.48091915558513e-06
3.48324969989822e-06
3.48527605031901e-06
3.48700000885049e-06
3.48842338993016e-06
3.48954802054102e-06
3.49037573854627e-06
3.49090839402155e-06
 3.4911478479227e-06
3.49109597230779e-06
3.49075465011506e-06
3.49012577505192e-06
3.48921125092883e-06
3.48801299210333e-06
3.48653292259193e-06
3.48477297629213e-06
3.48273509676034e-06
3.48042123665682e-06
3.47783335818974e-06
3.47497343167191e-06
3.47184343707507e-06
3.46844536236457e-06
3.46478120361038e-06
3.46085296576426e-06
3.45666266077238e-06
3.45221230857451e-06
  3.447503936993e-06
3.44253958073359e-06
 3.4373212818295e-06
3.43185108897526e-06
3.42613105797085e-06
3.42016325061145e-06
3.41394973535358e-06
3.40749258675999e-06
3.40079388538861e-06
3.39385571723749e-06
3.38668017441091e-06
3.37948793993625e-06
3.37210593936987e-06
3.36449129934024e-06
3.35664612705067e-06
3.34857253503351e-06
3.34027263926284e-06
3.33174856104179e-06
3.32300242489314e-06
 3.3140363600026e-06
3.30485249877555e-06
3.29545297761413e-06
3.28583993569609e-06
3.27601551641798e-06
3.26598186550786e-06
3.25574113146931e-06
3.24529546635866e-06
3.23464702367549e-06
3.22379796002803e-06
3.21275043435598e-06
3.20150660704233e-06
3.19006864091254e-06
3.17843870023538e-06
3.16661895050085e-06
3.15461155941943e-06
3.14241869525667e-06
3.13004252749938e-06
 3.1174852267446e-06
3.10474896403345e-06
3.09183591140627e-06
3.07874824057031e-06
3.06548812456509e-06
  3.052057735764e-06
3.03845924676249e-06
3.02469482993395e-06
 3.0107666573187e-06
2.99681698068266e-06
2.98284707611618e-06
2.96871836769075e-06
2.95443301345788e-06
2.93999317024785e-06
2.92540099411376e-06
2.91065863911033e-06
2.89576825851512e-06
2.88073200338523e-06
2.86555202344552e-06
2.85023046675548e-06
2.83476947837702e-06
2.81917120248387e-06
2.80343777991909e-06
2.78757134941632e-06
2.77157404726669e-06
2.75544800698579e-06
 2.7391953589806e-06
2.72281823110454e-06
2.70631874754734e-06
2.68969902950111e-06
2.67296119482729e-06
2.65610735783461e-06
2.63913962905704e-06
2.62206011547583e-06
 2.6048709198534e-06
2.58776319495002e-06
2.57067518771859e-06
 2.5534819835249e-06
2.53618565304592e-06
 2.5187882624067e-06
2.50129187373549e-06
2.48369854416453e-06
2.46601032605209e-06
2.44822926698252e-06
2.43035740910003e-06
2.41239679010796e-06
2.39434944204753e-06
2.37621739140881e-06
2.35800265968589e-06
2.33970726237764e-06
2.32133320943184e-06
2.30288250480104e-06
2.28435714677566e-06
2.26583886886456e-06
2.24752786925908e-06
 2.2291460656243e-06
2.21069541372909e-06
2.19217786279202e-06
2.17359535559236e-06
  2.154949828026e-06
2.13624321010464e-06
2.11747742484558e-06
2.09865438804968e-06
2.07977600918952e-06
2.06084419052122e-06
2.04186082697344e-06
2.02283263806002e-06
2.00415249207442e-06
1.98542402585211e-06
1.96664908524991e-06
1.94782950868611e-06
1.92896712758461e-06
1.91006376548675e-06
1.89112123849533e-06
1.87214135505265e-06
1.85312591549636e-06
1.83423085542422e-06
1.81557988920833e-06
1.79689606472078e-06
1.77818113011874e-06
1.75943682523272e-06
1.74066488178859e-06
1.72186702351862e-06
1.70304496616147e-06
1.68444623593889e-06
1.66602579809716e-06
 1.6475834662133e-06
1.62912090118095e-06
1.61063975612219e-06
1.59214167549937e-06
1.57362829555918e-06
1.55539129564897e-06
1.53730614738112e-06
1.51920767066382e-06
1.50109744645466e-06
1.48297704760658e-06
1.46484803820179e-06
1.44695057313626e-06
 1.4292679267891e-06
1.41157836597294e-06
1.39388340025803e-06
1.37618453022181e-06
1.35848324833709e-06
1.34121172851165e-06
1.32396431640203e-06
1.30671596310084e-06
1.28946810723507e-06
1.27222217871648e-06
 1.2550209564921e-06
1.23821996395046e-06
1.22142233771605e-06
1.20462945651933e-06
1.18784269043104e-06
1.17106340075113e-06
1.15429293995328e-06
1.13753265174044e-06
1.12078387093373e-06
 1.1040479233615e-06
1.08732612591478e-06
1.07061978621426e-06
1.05393020305433e-06
1.03725866584803e-06
1.02081755731787e-06
1.00454164059238e-06
9.88285536740463e-07
9.72050484659981e-07
9.55837714200491e-07
9.39648445608121e-07
9.23483889803123e-07
9.07345248213343e-07
 8.9123371277422e-07
8.75150465873276e-07
8.59096680239091e-07
8.43073519052329e-07
8.27082136001245e-07
8.11123674560044e-07
7.95199269043589e-07
7.79310043663717e-07
7.63457112751276e-07
7.47641580867153e-07
7.31864542802274e-07
7.16127083244533e-07
7.00430277222885e-07
6.84775189330189e-07
6.69162874444851e-07
6.58240510237329e-07
6.50965130466474e-07
6.43747516820836e-07
6.36661589975551e-07
6.29568348620158e-07
6.22626214752398e-07
6.15715880336598e-07
6.08815282243658e-07
6.02081869083282e-07
5.95341783010683e-07
 5.8869408733897e-07
5.82125053771865e-07
5.75585343914886e-07
5.69181515280848e-07
5.62781707125204e-07
5.56537297025095e-07
 5.5030330506356e-07
5.44212611475192e-07
5.38165304736493e-07
 5.3222272763942e-07
5.26378679005512e-07
5.20607289444808e-07
5.14950872221309e-07
5.09409476406875e-07
5.03945003560435e-07
4.98554217354119e-07
4.93264789208636e-07
4.87996519527023e-07
4.82846058968978e-07
 4.7769623284788e-07
4.72653425814817e-07
4.67618319982543e-07
4.62576963761174e-07
4.57529815589552e-07
4.52477331436274e-07
4.47419964827445e-07
4.42358166874435e-07
4.37292386162857e-07
4.32223068946858e-07
4.27150658927067e-07
4.22075597167337e-07
4.16998322122497e-07
 4.1191926963835e-07
4.06838872951676e-07
4.01757562745741e-07
 3.9667576709479e-07
3.91593911575061e-07
3.86512418903973e-07
3.81431709162161e-07
3.76352199737973e-07
3.88179498767016e-07
4.00272046952033e-07
4.12252607717711e-07
 4.2412087430943e-07
4.35897759665238e-07
4.47728461194785e-07
 4.5944480997484e-07
4.71046537109387e-07
4.82533385692818e-07
4.93905110365844e-07
5.05161477093452e-07
5.16302263386947e-07
5.27327258081911e-07
5.38236261671265e-07
5.49029085639141e-07
5.59705553015988e-07
5.70265497823463e-07
5.80708765074434e-07
5.91035211217061e-07
 6.0124470380174e-07
6.11337120703936e-07
6.21331064487585e-07
6.31347798374371e-07
6.41246126420469e-07
6.51025962139506e-07
 6.6068723070245e-07
6.70229867383298e-07
6.79653818447257e-07
6.88959040706649e-07
6.98145501853986e-07
7.07213179129695e-07
7.16162061320524e-07
7.24992146872161e-07
7.33703444444345e-07
7.42295973465978e-07
7.50769763024906e-07
7.59124852645066e-07
7.67361291398316e-07
7.75479139125679e-07
7.83478464327914e-07
7.91359346385967e-07
7.99121874117681e-07
8.06766145666771e-07
8.14292269057937e-07
 8.2170036197482e-07
8.29045328387679e-07
8.36348385657715e-07
8.43532956484871e-07
8.50599189750056e-07
8.57547243215961e-07
8.64377284415241e-07
8.71089489207222e-07
8.77684042999149e-07
8.84161140635165e-07
8.90520984730969e-07
 8.9676378778325e-07
9.02889770393323e-07
9.08899161933263e-07
9.14792200545911e-07
9.20569132922822e-07
9.26230213971202e-07
9.31775707146976e-07
9.37205884010694e-07
9.42521024449583e-07
9.47721416566516e-07
9.52807356346952e-07
9.57779147658933e-07
9.62637102475128e-07
9.67381540650791e-07
9.72012789590693e-07
9.76531184138096e-07
9.80937066907828e-07
9.85230788397295e-07
9.89412705876269e-07
9.93483184386079e-07
9.97442595851439e-07
1.00134071845392e-06
1.00518697598861e-06
1.00892259735641e-06
1.01254797790773e-06
1.01606352009842e-06
1.01946963326771e-06
1.02276673363821e-06
1.02595524387183e-06
1.02903559362488e-06
 1.0320082186599e-06
 1.0348735616228e-06
1.03763207104368e-06
1.04028420233604e-06
1.04283041646447e-06
1.04527118127695e-06
1.04760696995054e-06
1.04983826210159e-06
1.05196554311959e-06
1.05398930394518e-06
 1.0559100416252e-06
1.05772825864658e-06
1.05944446293638e-06
1.06105916830579e-06
1.06257289356204e-06
1.06398616295245e-06
1.06529950583134e-06
 1.0665134572152e-06
1.06762855622833e-06
1.06864534799023e-06
1.06956438195027e-06
1.07038621255384e-06
1.07111139902027e-06
1.07174050512082e-06
1.07227409928967e-06
1.07271275451293e-06
1.07305704788452e-06
1.07330756116131e-06
1.07353871159344e-06
1.07369634294585e-06
1.07376132663095e-06
1.07373425772828e-06
1.07361573464804e-06
1.07340635979725e-06
1.07310673957972e-06
1.07271748417404e-06
 1.0722392074225e-06
1.07167252694218e-06
1.07101806368082e-06
1.07027644236091e-06
1.06944829092459e-06
1.06853424042264e-06
1.06753492579159e-06
1.06645098441049e-06
1.06528305732212e-06
1.06403178823378e-06
1.06269782407242e-06
1.06128181409648e-06
1.05978441111709e-06
1.05820627038788e-06
1.05654804916089e-06
1.05481040846289e-06
1.05299401054193e-06
1.05109952086568e-06
1.04912760701126e-06
1.04707893910927e-06
1.04495418895567e-06
1.04275403078891e-06
1.04047914084582e-06
1.03813019725063e-06
1.03570788045904e-06
1.03321287203695e-06
1.03064585588175e-06
1.02800751744514e-06
1.02529854373312e-06
 1.0225798120489e-06
1.01981956002195e-06
1.01699014398715e-06
1.01409225372606e-06
1.01112657968638e-06
1.00809381398115e-06
1.00499465016668e-06
1.00182978246544e-06
 9.9859990643214e-07
9.95305718953787e-07
9.91947916917368e-07
9.88527198986233e-07
9.85044264156798e-07
9.81499812535702e-07
 9.7789454445163e-07
9.74229161343487e-07
9.70504364983249e-07
9.66720857475956e-07
9.62879341370737e-07
9.58980519882857e-07
 9.5502509622758e-07
9.51013773842213e-07
9.46947256719177e-07
9.42826248406803e-07
 9.3865145289751e-07
9.34423574183718e-07
9.30143315924781e-07
9.25811381669028e-07
9.21428475075814e-07
9.16995299249379e-07
9.12512557182943e-07
9.07987815490507e-07
9.03499774440597e-07
8.98963662065988e-07
8.94380175919807e-07
8.89750012778023e-07
8.85073869305586e-07
8.80352441057219e-07
8.75586423587649e-07
8.70776510675242e-07
8.65923396431434e-07
8.61027773413348e-07
 8.5609033340095e-07
8.51111767286028e-07
8.46092765072193e-07
8.41034015319764e-07
8.35936205811905e-07
8.30800023221556e-07
8.25626152778369e-07
8.20415278601772e-07
8.15168083256879e-07
8.09885248309605e-07
 8.0456745354951e-07
7.99215377433882e-07
7.93829697309789e-07
7.88416771424494e-07
7.83066816056888e-07
 7.7768461226313e-07
7.72270826732147e-07
7.66826124265485e-07
7.61351167777313e-07
7.55846618849532e-07
7.50313136843594e-07
7.44751379566644e-07
7.39162002938443e-07
7.33545660436263e-07
7.27903004538177e-07
7.22234684724654e-07
7.16541349143895e-07
7.10823643279568e-07
7.05082211172048e-07
6.99317693753088e-07
6.93530730622172e-07
6.87787343967017e-07
6.82070093627196e-07
6.76331557869503e-07
6.70572362415633e-07
6.64793130211727e-07
6.58994481983477e-07
 6.5317703623613e-07
6.47341408810398e-07
6.41488213215524e-07
6.35618060407239e-07
6.29731558787761e-07
 6.2382931453886e-07
6.17911930622661e-07
6.12084097961763e-07
6.06263235392035e-07
6.00428202823799e-07
5.94579587454014e-07
5.88717974148167e-07
5.82843944774147e-07
5.76958078979395e-07
5.71060953191704e-07
5.65153141063313e-07
5.59290035839766e-07
5.53496971922307e-07
5.47694046559855e-07
 5.4188181630721e-07
5.36060835498731e-07
5.30231654916058e-07
5.24394822787322e-07
 5.1855088434305e-07
5.12799073426606e-07
 5.0708119836429e-07
5.01356926196905e-07
4.95626784724479e-07
 4.8989129852739e-07
4.84150989410459e-07
4.78406376069884e-07
4.72777396343105e-07
4.67167131645851e-07
4.61553174346818e-07
4.55936025156589e-07
4.50316181566102e-07
 4.4469413851278e-07
4.39175665389868e-07
4.33694001045204e-07
4.28210667591244e-07
4.22726141091623e-07
4.17240895389526e-07
4.11783828813128e-07
4.06442379974337e-07
4.01100683000699e-07
3.95759192917122e-07
 3.9041836175091e-07
3.85078638365233e-07
3.79851065879233e-07
3.74654972767896e-07
3.69460401938859e-07
3.64267783992123e-07
3.59077546585596e-07
 3.5389011465714e-07
 3.4870590975844e-07
3.43525350776641e-07
3.38348853434756e-07
3.33271757413378e-07
3.28228713208922e-07
3.23190127882178e-07
3.18156399392588e-07
3.13127922757506e-07
3.08105089830146e-07
3.03088289632658e-07