4.82824727251915
 4.8280018638886
4.82932683464348
4.82977290816228
4.83013757735597
4.83015512542771
4.82990143023892
4.82933725971787
4.82845050976612
4.82723475444738
 4.8255642505161
4.82329432235997
4.82046304002419
4.81705737534928
4.81308511687685
4.80854906040314
4.80345933791684
4.79783560026438
4.79169797293621
4.78537330609799
 4.7789021275743
4.77224261759958
4.76536796396483
4.75823884118512
4.75081049894995
4.74302665780442
4.73482750694862
4.72609479911755
4.71664618511142
4.70642532760135
4.69535303719053
 4.6833434652725
4.67029842732654
4.65610633285585
4.64063947923285
 4.6237520001243
4.60523694951481
4.58489269292822
4.56252724667718
4.53791836474365
4.51081510385695
4.48093185089498
4.44794180151561
4.41147157573764
4.37103810506801
4.32597356380001
4.27585246600423
4.22029408933874
4.15895647508965
4.09157480402815
4.01801780532362
3.93837402784416
3.85310218604598
3.76363033304675
3.67147064223701
 3.5772223695191
3.48141426182609
3.38462685132784
3.28739453917558
 3.1902547304712
2.99902511075825
2.90533740439563
2.81564697707567
2.72789626825269
2.64189266229477
2.55773969973243
2.47560390685128
 2.3956474804859
 2.3180306833659
2.24288148230337
2.17046697158753
2.10122712339395
2.03547192745156
1.97339635821411
1.91511410215807
1.86068129575924
1.81011402199216
1.76340171077048
1.72048147425671
 1.6809286813728
1.64419457337447
 1.6098219960614
1.57742718801707
1.54668461378686
1.51731584470353
1.48908126695572
1.46177387845994
1.43526149023108
1.40955651536793
1.38468856378954
1.36068039692233
1.33754857858661
1.31530462616016
1.29395586466937
1.27350618642561
 1.2539538309321
1.23523996676037
1.21726116534325
1.19992251898018
1.18313847982692
1.16669023515697