0.0628216859922408
0.0627830736194884
0.0627057430194652
0.0625507656010324
0.0623177206364543
0.0620061873979951
0.0616157451579191
0.0611459731884906
0.0605964507619738
0.0599668318057737
0.0592594879816213
0.0584827649568313
0.0576485380942262
0.0567689274372209
0.0558560706268621
0.0549220769903459
0.0539790558548684
0.0530391165476256
0.0521136291704923
0.0512082181355754
 0.050321389547458
0.0494495287169379
0.0485890120041063
0.0477362168020356
0.0468875162640559
0.0460392825105157
0.0451878973972323
0.0443304366195224
0.0434660518911291
0.0425954522485828
0.0417195163765471
0.0408391229596856
0.0399551506826621
0.0390684782301402
0.0381799840588988
0.0372905781513505
0.0364015787384204
  0.03551493720459
0.0346328666054514
0.0337575850091456
0.0328913104838137
0.0320362610975965
0.0311946549186351
0.0303687101007736
0.0295610100651609
0.0287757427815596
0.0280185718894228
0.0272954059296381
0.0266121620418507
 0.025974757365706
0.0253891090408491
0.0248611342069252
0.0243966709571812
0.0239994320445711
 0.023668870352339
0.0234021119839372
0.0231961949992726
0.0230481296543704
0.0229549010448252
 0.022913522070114
0.0229210056297135
0.0229744271288293
0.0230712775553738
 0.023209527104891
0.0233872723292257
0.0236026100058708
 0.023853636912319
0.0241384636413897
0.0244551852863081
0.0248018768942703
0.0251761473484676
0.0255743121489574
0.0259917868905261
 0.026423905212927
0.0268660007559129
0.0273134071592369
0.0277614580626521
0.0282054871059115
0.0286410163228242
0.0290657380294349
0.0294804690491496
0.0298871830570564
0.0302878679607435
 0.030684511667799
0.0310791020858113
0.0314736271223685
0.0318700741550819
0.0322700641746607
 0.032673819823995
0.0330803485818781
0.0334884733042915
0.0338970163928118
0.0343048017442199
0.0347106532552966
0.0351133948228227
0.0355118802465639
0.0359055820929802
0.0362951089653079
0.0366816380892259
0.0370663681397883
0.0374504983224364