836.187680415404
836.182345507358
836.169535260281
836.132638192055
836.076401112563
835.998252398588
835.897636844648
835.772919457664
835.622359226168
835.443643803606
835.234404579767
834.994027283204
834.723380968399
834.423150296737
834.094441082731
833.738737238662
833.358152403532
832.955581697582
832.534949991809
 832.09936953627
831.647382952059
831.176420976829
830.683649795292
830.165646552729
829.618374557097
 829.03704784899
828.415974373978
  827.7485792102
827.028732792712
826.251512322099
825.411173470935
824.501257236605
823.514411305965
822.442245877333
821.275139735084
820.001997887326
818.610268768616
817.086820990385
815.417376363584
813.585618248067
811.572941686515
809.357996039157
806.916116404854
804.218542409731
801.231640452358
 797.91952471384
794.252056875016
 790.19986494309
785.734983019403
780.833245818743
 775.47813451933
769.667175220569
763.423011491406
756.809505223196
749.890839441505
742.692239069694
 735.23789017582
727.556896359225
719.678222176285
711.633631609647
694.532505427326
685.788717441157
677.268834849943
668.783991643194
660.316650317385
651.877995370729
643.486636815183
635.162249660449
626.925886897592
618.796773458052
610.810951848726
 603.02659549827
595.491300977125
588.242513831343
581.310266906509
574.719082261152
568.489376033624
562.638556439535
557.177325670133
552.069161824702
 547.25794490962
542.695584052809
538.340579468106
534.156727387753
530.112169947355
526.178686806481
 522.33117002359
518.553892572469
514.851117904897
511.229733599525
507.695853729287
504.254856022283
500.911498780899
 497.67000273055
494.534125853772
 491.50678500889
488.581992129062
485.746400590553
482.987428419599
480.293467645857
477.612842695537