################################################################################
                           -*- Q1D Euler Solver -*-
Eigen 3.3.7
Allan Moreira de Carvalho
################################################################################
                           -*- Setup Information -*-
################################################################################
# Domain x-coordinates at cell faces (no need for ghost cells)
/home/ppiper/Dropbox/local/github/pyqode/examples/sample_run2/inputs/inputs/xn.txt
# Area distributuin at cell faces (no need for ghost cells)
/home/ppiper/Dropbox/local/github/pyqode/examples/sample_run2/inputs/inputs/sn.txt
# Inlet Total Pressure [Pa]
1191000.0
# Inlet Total Temperature [K]
842.78
# Inlet Mach Number
0.01
# Outlet Static Pressure [Pa]
101000.0
# Gas constant [J/kg/K]
287.0
# Specific heat ratio
1.4
# Maximum number of iterations 
50000
# Interval to print iterations 
10
# CFL number 
0.15
# Convergence criteria 
1e-06
# Time integration scheme (Euler, RK4) 
RK4
# Flux scheme (Basic, Roe, Split, SplitTVD, VanLeer, LaxFriedrichs, StegerWarming, AUSM) 
AUSM
# Timestep type (Global, Local) 
Global
# Form to be solved (Dimensional, Dimensionless) 
Dimensionless
# Set output directory 
/home/ppiper/Dropbox/local/github/pyqode/examples/sample_run2/inputs/outputs/
################################################################################
                           -*- Start Solving -*-
################################################################################
	 	 	     Maximum Residue
Iteration 	Mass		Momentum	Energy
10		0.000462686	0.00142141	0.00163758
20		0.000349083	0.00131757	0.00127111
30		0.000336885	0.00128647	0.00118056
40		0.0003804	0.00127998	0.00133022
50		0.00042301	0.00127769	0.00147988
60		0.000452174	0.00127239	0.00158641
70		0.000467713	0.0012626	0.00164865
80		0.000517891	0.00125008	0.00181691
90		0.000548899	0.00124033	0.00193289
100		0.000562975	0.00121556	0.00199926
110		0.00056489	0.00116577	0.00203106
120		0.000552832	0.00109027	0.00203744
130		0.000538986	0.00110999	0.00205238
140		0.000484594	0.00114292	0.00196831
150		0.000407797	0.00111951	0.00180742
160		0.000340222	0.00104556	0.00160346
170		0.000326063	0.000953956	0.0014116
180		0.000312567	0.000858093	0.00126476
190		0.000301899	0.000818219	0.0012468
200		0.000291134	0.00082009	0.00137554
210		0.000310186	0.000818785	0.00143892
220		0.000326452	0.00081669	0.00146512
230		0.000256571	0.000492709	0.000793472
240		0.000244819	0.000524195	0.000889398
250		0.000231487	0.000305962	0.000597015
260		0.00021837	0.00030379	0.000542413
270		0.000204974	0.000242232	0.000488592
280		0.000191601	0.000216486	0.000435813
290		0.000178378	0.000192491	0.00038475
300		0.000165391	0.000170171	0.000335818
310		0.000153056	0.000149718	0.000290312
320		0.00014153	0.000131091	0.000248494
330		0.000130928	0.000114258	0.000210688
340		0.000121196	9.91914e-05	0.000176907
350		0.000112323	8.58439e-05	0.000147018
360		0.000104234	7.4165e-05	0.000120717
370		9.67395e-05	6.40415e-05	9.77569e-05
380		8.97683e-05	5.93068e-05	8.00495e-05
390		8.32541e-05	6.19229e-05	6.54446e-05
400		7.7106e-05	6.41059e-05	5.21282e-05
410		7.12977e-05	6.58122e-05	3.99455e-05
420		6.5797e-05	6.70053e-05	2.91752e-05
430		6.05729e-05	6.76591e-05	2.51792e-05
440		5.55904e-05	6.77594e-05	2.49472e-05
450		5.12765e-05	6.73045e-05	3.20503e-05
460		4.82964e-05	6.63052e-05	4.37849e-05
470		4.52143e-05	6.47841e-05	5.65172e-05
480		4.20058e-05	6.27747e-05	6.86614e-05
490		3.86572e-05	6.03191e-05	8.01124e-05
500		3.51668e-05	5.74668e-05	9.0767e-05
510		3.15443e-05	5.42725e-05	0.000100518
520		2.78104e-05	5.08096e-05	0.000109308
530		2.39961e-05	4.77325e-05	0.000117079
540		2.07054e-05	4.62079e-05	0.000123771
550		2.26158e-05	4.49989e-05	0.000129323
560		2.42266e-05	4.40325e-05	0.000133753
570		2.55403e-05	4.32977e-05	0.000136945
580		2.65599e-05	4.2769e-05	0.000138981
590		2.72885e-05	4.22897e-05	0.000139762
600		2.77318e-05	4.17617e-05	0.000139377
610		2.7895e-05	4.10622e-05	0.000137798
620		2.7784e-05	4.01601e-05	0.000135133
630		2.74069e-05	3.90165e-05	0.000131377
640		2.67733e-05	3.76351e-05	0.000126702
650		2.58958e-05	3.60241e-05	0.000121092
660		2.47984e-05	3.41942e-05	0.000114777
670		2.35068e-05	3.21567e-05	0.000107764
680		2.20329e-05	2.99222e-05	0.000100229
690		2.04211e-05	2.7691e-05	9.22826e-05
700		1.86874e-05	2.54148e-05	8.40276e-05
710		1.68632e-05	2.30818e-05	7.56236e-05
720		1.49826e-05	2.07466e-05	6.71542e-05
730		1.30697e-05	1.84315e-05	5.87381e-05
740		1.115e-05	1.61798e-05	5.05184e-05
750		9.2501e-06	1.42249e-05	4.26108e-05
760		7.4068e-06	1.49082e-05	3.51851e-05
770		5.71722e-06	1.54264e-05	2.91918e-05
780		4.77593e-06	1.57866e-05	2.3741e-05
790		4.01857e-06	1.59964e-05	1.96004e-05
800		3.33086e-06	1.60633e-05	1.6488e-05
810		2.70563e-06	1.59953e-05	1.38772e-05
820		2.37265e-06	1.58005e-05	1.1387e-05
830		3.64144e-06	1.54874e-05	1.30327e-05
840		4.81673e-06	1.5065e-05	1.74303e-05
850		5.88224e-06	1.45424e-05	2.13993e-05
860		6.83707e-06	1.39293e-05	2.49399e-05
870		7.68109e-06	1.32352e-05	2.80316e-05
880		8.41479e-06	1.29952e-05	3.0711e-05
890		9.03924e-06	1.32269e-05	3.29615e-05
900		9.55603e-06	1.34046e-05	3.47968e-05
910		9.96723e-06	1.35095e-05	3.62355e-05
920		1.02754e-05	1.35398e-05	3.73052e-05
930		1.04837e-05	1.34955e-05	3.80065e-05
940		1.05955e-05	1.33777e-05	3.83571e-05
950		1.06204e-05	1.31891e-05	3.83759e-05
960		1.05592e-05	1.29341e-05	3.80935e-05
970		1.04153e-05	1.26079e-05	3.75273e-05
980		1.01941e-05	1.22009e-05	3.66898e-05
990		9.90777e-06	1.17633e-05	3.5603e-05
1000		9.55801e-06	1.12873e-05	3.43028e-05
1010		9.14869e-06	1.07684e-05	3.28061e-05
1020		8.69469e-06	1.02131e-05	3.1128e-05
1030		8.19545e-06	9.62805e-06	2.93077e-05
1040		7.66335e-06	9.02012e-06	2.73606e-05
1050		7.10121e-06	8.39958e-06	2.53146e-05
1060		6.52368e-06	7.77057e-06	2.31929e-05
1070		5.93479e-06	7.14353e-06	2.10314e-05
1080		5.34515e-06	6.53311e-06	1.88517e-05
1090		4.76619e-06	6.00272e-06	1.66972e-05
1100		4.20278e-06	5.5423e-06	1.45963e-05
1110		3.67235e-06	5.12135e-06	1.26002e-05
1120		3.15747e-06	4.95969e-06	1.06967e-05
1130		2.64615e-06	5.11502e-06	8.81738e-06
1140		2.14261e-06	5.21813e-06	7.66336e-06
1150		1.8926e-06	5.27153e-06	6.92917e-06
1160		1.69665e-06	5.27799e-06	6.18282e-06
1170		1.52999e-06	5.24045e-06	5.43087e-06
1180		1.36784e-06	5.16203e-06	4.67968e-06
1190		1.24807e-06	5.04597e-06	4.26984e-06
1200		1.62623e-06	4.8956e-06	5.63576e-06
1210		1.97235e-06	4.7143e-06	6.88457e-06
1220		2.28165e-06	4.50549e-06	8.00531e-06
1230		2.55618e-06	4.39775e-06	8.99812e-06
1240		2.7942e-06	4.46676e-06	9.85572e-06
1250		2.99471e-06	4.5287e-06	1.0587e-05
1260		3.16085e-06	4.5705e-06	1.11847e-05
1270		3.29213e-06	4.59154e-06	1.16534e-05
1280		3.38862e-06	4.58809e-06	1.2004e-05
1290		3.45175e-06	4.56002e-06	1.22335e-05
1300		3.48528e-06	4.5077e-06	1.23478e-05
1310		3.48921e-06	4.43194e-06	1.23549e-05
1320		3.46478e-06	4.33434e-06	1.22651e-05
1330		3.41395e-06	4.21713e-06	1.20799e-05
1340		3.34027e-06	4.07302e-06	1.18068e-05
1350		3.2453e-06	3.91645e-06	1.14553e-05
1360		3.13004e-06	3.75108e-06	1.10365e-05
1370		2.99682e-06	3.57251e-06	1.05529e-05
1380		2.85023e-06	3.38299e-06	1.00126e-05
1390		2.6897e-06	3.18483e-06	9.43026e-06
1400		2.51879e-06	2.98029e-06	8.80678e-06
1410		2.33971e-06	2.77252e-06	8.15402e-06
1420		2.15495e-06	2.56327e-06	7.47813e-06
1430		1.96665e-06	2.35523e-06	6.79049e-06
1440		1.77818e-06	2.15279e-06	6.09767e-06
1450		1.59214e-06	1.97236e-06	5.412e-06
1460		1.41158e-06	1.81788e-06	4.74431e-06
1470		1.23822e-06	1.67375e-06	4.10535e-06
1480		1.07062e-06	1.54571e-06	3.48865e-06
1490		9.07345e-07	1.59693e-06	2.89092e-06
1500		7.47642e-07	1.63348e-06	2.45622e-06
1510		6.29568e-07	1.65426e-06	2.22176e-06
1520		5.62782e-07	1.66007e-06	1.98717e-06
1530		5.03945e-07	1.6518e-06	1.75079e-06
1540		4.52477e-07	1.63041e-06	1.51468e-06
1550		4.01758e-07	1.5969e-06	1.28076e-06
1560		4.35898e-07	1.55229e-06	1.6532e-06
1570		5.49029e-07	1.49767e-06	2.05263e-06
1580		6.51026e-07	1.4341e-06	2.41275e-06
1590		7.42296e-07	1.36267e-06	2.73423e-06
1600		8.217e-07	1.38015e-06	3.01334e-06
1610		8.90521e-07	1.39943e-06	3.25244e-06
1620		9.47721e-07	1.41462e-06	3.45071e-06
1630		9.93483e-07	1.42312e-06	3.60808e-06
1640		1.02904e-06	1.42429e-06	3.72755e-06
1650		1.05399e-06	1.41801e-06	3.80967e-06
1660		1.06865e-06	1.40429e-06	3.85518e-06
1670		1.0737e-06	1.38329e-06	3.86599e-06
1680		1.07028e-06	1.35535e-06	3.8462e-06
1690		1.05821e-06	1.32095e-06	3.79614e-06
1700		1.03813e-06	1.27934e-06	3.71785e-06
1710		1.01113e-06	1.23018e-06	3.61376e-06
1720		9.77895e-07	1.18001e-06	3.48848e-06
1730		9.38651e-07	1.12553e-06	3.34223e-06
1740		8.9438e-07	1.06744e-06	3.17755e-06
1750		8.46093e-07	1.00645e-06	2.99858e-06
1760		7.9383e-07	9.43296e-07	2.80665e-06
1770		7.39162e-07	8.78661e-07	2.60434e-06
1780		6.8207e-07	8.13211e-07	2.39492e-06
1790		6.23829e-07	7.48197e-07	2.18052e-06
1800		5.65153e-07	6.84255e-07	1.9639e-06
1810		5.07081e-07	6.23893e-07	1.74842e-06
1820		4.50316e-07	5.73915e-07	1.53775e-06
1830		3.95759e-07	5.27653e-07	1.33501e-06
1840		3.43525e-07	4.85533e-07	1.14159e-06
################################################################################
                           -*- Saving Results -*-
################################################################################
