124.303251712743
124.361606791895
124.479999497348
124.793393119969
  125.2617242206
125.903895238387
126.721517506169
127.724000568089
128.920474401426
130.323296598504
131.943790005169
133.778531564636
135.812287744341
138.031162218072
140.418361171432
142.954928733791
145.618395242361
148.382257707361
151.214879707786
 154.09212745887
157.020826460204
160.014249754549
 163.08626979799
166.253204919786
169.533659740194
172.948988676649
176.523780496801
180.285219541452
184.255334815919
188.447225173662
192.876397437219
197.559785464721
202.516272917544
207.766929035255
213.335385734329
219.248309217336
225.534554894457
232.220648019191
239.333041451704
246.901310239587
254.958186921861
263.540262866993
272.688829947202
282.451143488689
292.881201837451
304.028860511592
315.913990235475
328.546363022757
341.925317440606
356.034867928813
370.836367156665
386.256705925385
402.168159229803
418.361403559374
434.656645386623
450.986641228729
467.295753293111
 483.52563033694
499.625756391573
  515.5463889599
547.854568777888
563.658781122887
578.643231259018
593.189988686485
607.359506220161
621.159508813635
634.584641456175
647.627696966201
660.279286668994
672.532786290947
684.356674896899
695.688862504573
706.485336153375
716.717823970067
726.368627483326
735.427151667718
743.887464000675
751.746499574247
759.008771301474
765.739169551636
772.024627368631
777.938028126807
783.540999183733
 788.88625379353
794.019299173189
798.979704048601
803.802040719479
  808.5083178194
813.095282034556
817.556477686979
821.886478893894
826.080808158892
 830.13576298057
834.048291694319
837.815882872692
841.437000187132
844.920644881068
 848.28431422318
851.544271043078
854.715343385297
857.856279225197