0.0577325720283232
0.0577325322422262
0.0577325835308428
0.0577324989742179
0.0577326543297565
0.0577323581057095
0.0577329294800673
0.0577318235504535
0.0577339663626733
0.0577298132611292
0.0577620151539811
0.0578854187219419
0.0580815664529182
0.0583632213500466
0.0587280471082025
0.0591849369225593
0.0597381861390094
0.0603972244814481
 0.061172665143917
0.0620771899555871
0.0631290052843581
0.0643466237628855
0.0657641537311257
0.0674154866451982
0.0693666127841396
0.0716381033021888
0.0740625990305765
0.0765917836403436
0.0792661800755433
0.0820761045377962
 0.085045054448664
0.0881765591793698
0.0914859325272474
0.0949889961541441
0.0986978321027178
 0.102631304558007
 0.106809228149817
 0.111248428929546
 0.115977639831755
 0.121019695018265
 0.126400351667261
 0.132160534463264
 0.138329610957297
 0.144950670829233
   0.1520755217619
 0.159749930766569
 0.168042936107485
  0.17702424810395
  0.18676744845672
 0.197383557540639
 0.208975909232933
  0.22167366214763
 0.235653510346279
 0.251092384873622
  0.26823124076944
 0.287378321989737
 0.308878404148989
 0.333243327336421
 0.361109989322054
  0.39331733928196
   0.4312508278853
 0.476192567161638
 0.524475231102994
 0.573140349802883
 0.623031064703593
 0.674194535022489
 0.726743878063726
 0.780824478637914
 0.836595209806122
   0.8943074246698
 0.954897600854734
  1.08122374866311
  1.14907083126054
  1.21764431742529
  1.28242242741803
  1.33668352338023
  1.38450122203085
  1.42786232395117
  1.46789840276024
  1.50530725386039
  1.54059117526427
  1.57409185602247
  1.60606800818872
  1.63673476210115
  1.66623428711082
  1.69469904645221
  1.72223621605406
  1.74893708712983
  1.77487613970151
  1.80012077449665
  1.82471382624535
  1.84871112920325
  1.87215168225354
  1.89508046592656
    1.917533521872
  1.93952504189152
  1.96108541186186
  1.98224313794543
  2.00301716095687
  2.02343294278561
  2.04350271012697
  2.06324111525691
  2.08266480487375
  2.10179063288868
  2.12062996626563
  2.13920276230145
  2.15750416075865
  2.17555689677719
  2.19336094433053
  2.21093484934629
  2.22828795599531
  2.24543200888448
  2.26236001575721
  2.27907803194159
  2.29559989718778
  2.31193191706017
  2.32808641794825
  2.34405625486571
  2.35985321917411
  2.37548239718586
  2.39095082089856
  2.40626614196761
  2.42142305674461
  2.43642923719266
  2.45128954562784
  2.46601646536736
  2.48060584164765
  2.49505353525371
  2.50936668279249
  2.52355145785506
  2.53761093330438
  2.55154805898143
    2.565371130333
  2.57907294003921
  2.59266140020913
  2.60613815634219
  2.61950563981584
  2.63276619376743
  2.64592728205309
   2.6589877065656
  2.67194733702372
  2.68480185122678
  2.69755997861354
  2.71022863120109
  2.72279958212836
  2.73527965942584
  2.74767083491517
   2.7599758296209
  2.77219897161457
  2.78433445464942
  2.79638633199429
  2.80835685792747
  2.82024746319914
  2.83206537054403
  2.84381154461896
  2.85547045651643
    2.867054772817
  2.87856573223292
  2.89000453952095
  2.90137244385173
   2.9126758591172
   2.9239063880642
  2.93506923943489
  2.94616546745713
  2.95719609931838
  2.96816648715501
  2.97906887961453
  2.98991343573377
  3.00069805667535
  3.01141514818331
  3.02207312128737
  3.03267455668947
  3.04321434846394
  3.05369716134977
  3.06412404300189
  3.07449506932889
  3.08481510481538
  3.09507668539916
  1.36782903890344
 0.412403645453213
 0.453838220248648
 0.441150671376161
 0.436182237503996
 0.430308627100476
 0.424734844871457
 0.419274510343635
 0.413948657121519
 0.408747341672896
 0.403664556030284
 0.398700047891744
 0.393846559480318
 0.389100404475045
  0.38445734478278
 0.379912911062041
 0.375465120266416
 0.371110499463099
 0.366843596565849
 0.362661658878679
 0.358574700229325
 0.354498415446413
 0.351049905579746