413444.130457297
413444.108263648
413444.199089583
413443.995529176
413444.405935025
413443.601297538
413445.166252706
413442.129715632
 413448.01751194
413436.603570647
413475.075545202
413488.666163035
413512.723825369
413527.362952323
 413544.95312202
 413558.18418126
413571.697339646
413582.636429679
413593.984897803
413601.998898549
413613.106412071
413616.949292565
413633.869382586
413633.198392396
413669.223593672
 413631.22576309
413525.911559525
413447.591966962
413340.778890987
 413236.22396804
413116.400449048
412985.457710905
412843.661603111
412686.334168526
 412512.08425823
412322.719010879
412109.597907864
411875.310307387
411616.983935768
411323.320435644
411002.376453924
410640.169925207
 410231.40736874
409777.508977136
 409259.43683256
408675.103062224
408015.448076008
407253.872317589
 406392.14504948
405399.541133515
404246.194901588
402921.374888059
401367.669694435
399543.216112974
397402.984764709
394837.744942495
391777.438192957
388072.264548909
 383510.75131961
377870.509488354
 370825.86991968
360309.558235702
347537.237722852
334407.252744874
320558.989151466
306076.373817178
291028.185954097
 275483.41191535
259524.021612641
243222.022384985
226485.904732812
 195200.49188331
179409.577152124
164167.737548354
150515.879945577
139691.752379072
130626.267792983
122792.146995379
115884.743537826
109711.448669313
104134.571422627
99057.1454514095
94405.1613057723
90118.6818068594
86153.8305298948
82472.2574480251
79042.4650082292
75837.7944911215
72835.9439811034
70017.3484627934
 67366.756936425
64868.7678362692
62510.9480910662
60281.2490325409
 58169.423746137
56167.9846313507
54268.5016788784
52463.3300202093
50746.1707436599
49110.6292296468
47551.7909929573
46064.8631584825
44645.2145683262
43288.5035571505
41991.0498246582
 40748.825371583
39559.6803557502
38419.8076987671
37327.0571334285
36278.2713977278
35271.0364585792
 34302.943453517
 33372.753734585
32478.5626438363
31618.1645106199
 30789.872393933
29991.7937313547
29223.0840837935
28482.0287578369
27767.3218065011
27077.6376605537
26411.6955943347
25768.8319597026
25147.8617220069
24547.7777557246
23967.3243686183
23405.9592217007
22863.1508078399
22337.9674432303
21829.5617638533
21337.2384672761
20860.3381348005
20398.0531198569
19950.1247067429
19515.8098275609
 19094.600707569
18685.9865198917
18289.4811062389
17904.4699155926
17530.6179666132
17167.5702713461
 16815.098401438
16472.6270348031
16139.6598425441
15816.1143159559
15501.5223344476
15195.5593461154
14897.8958815638
14608.1785386201
14326.3048247683
14051.9455911426
13784.8267406821
13524.7033074592
13271.2158312688
13024.1544882041
12783.6558776412
12549.2693921207
12320.7961987918
12098.0453920141
11880.8321496845
11668.8818602077
11462.2051389758
 11260.560583084
11063.7916001542
10871.7475587663
10684.2093882605
10501.1875957388
10322.3925585342
10147.7480163571
9977.26558325462
9810.70223420177
9647.91664102569
9488.88872392723
9333.45141746818
9181.49775125934
9032.93824540884
8887.61874163266
8745.56221480335
29674.3389425958
 100720.44411611
93583.8614530068
94925.3095344968
95106.6601373742
95440.1054594522
 95738.634416084
96030.7908426884
96312.8683844667
96585.6571559245
96850.3173868634
97106.2510680961
97354.2732184434
97594.6562516299
97827.6175651937
98053.7322429736
98273.1433095371
  98485.82094437
98692.4252258304
98893.0204894229
99091.7164022742
99249.3031205713
99686.1916424164