32.7952913988454
32.7952688113186
32.7952979291032
32.7952499242678
 32.795338123354
32.7951699498176
32.7954943328208
32.7948664699015
32.7960829960691
32.7937251801053
32.8120069639635
32.8820659522549
32.9934229016663
33.1533227971037
33.3604380415971
33.6198156893408
 33.933891915191
34.3080168744575
34.7482114575864
35.2616694178482
 35.858718529055
36.5498576162128
37.3544337341818
38.2916644378162
39.3989751767598
40.6880011776032
42.0637331423966
43.4987305957513
45.0159590078274
46.6098928603509
48.2938245764977
50.0697125641193
51.9461909284196
53.9321707204466
56.0344305563374
58.2635789215159
60.6307440230701
63.1453389931924
 65.823494611917
68.6779661517436
71.7231242151557
74.9818707083038
78.4705022118292
 82.212997103526
86.2381548985378
90.5712301008109
95.2504489779545
100.314189656312
105.802731230412
111.777060910902
118.293318006432
125.421491504806
133.257306481998
141.895304011324
151.464047513138
162.126995253445
174.064092886597
187.542251866915
202.888340760615
220.526003010187
241.152874040604
265.368502572751
291.093802991164
316.694803366213
342.574987062087
368.707713857669
395.095693710859
421.751480702553
448.686579746987
475.947183918899
503.878117615392
559.776226198594
588.469222984381
616.516335018405
642.130126136097
662.928895940079
680.764846093655
696.542281513102
 710.77819295349
723.794838782762
735.822205147013
747.019496418623
757.507442389156
767.384561367321
776.720000404799
785.575588754183
794.001735091518
802.041163221504
809.729243005103
817.097367531074
824.168254583102
 830.96713631328
837.513300896243
843.826740702548
849.924074187185
855.815332344479
861.514377141186
867.033962044558
872.383831955794
 877.57497259474
882.614599426825
887.510244389339
892.269627982144
896.900214694019
901.407870656017
905.800263047592
910.078989265087
914.251962487612
918.321612804888
922.294478150818
926.174803548955
929.967214813771
 933.67209526527
937.292652958206
940.833651213079
944.298095279685
947.690151757227
951.009817033635
954.260987615983
957.446068782768
960.567783184569
963.628891086127
966.629513158182
969.572314785773
972.459334783266
975.294012057988
978.076515672283
980.807025005995
983.487828262859
986.120966778508
988.707853814033
991.249842165797
993.749210879848
996.205404027221
998.620569928831
1000.99569412347
1003.33187482503
1005.63016709042
1007.89247600869
1010.11918163986
1012.31083895498
1014.46729176547
 1016.5905589962
1018.68230362583
 1020.7416725626
1022.77028264694
1024.76892646277
1026.73849733498
1028.68012109934
1030.59330312567
 1032.4791053251
1034.33828446951
1036.17145307585
1037.98009328136
1039.76470111306
1041.52328345393
1043.25811522862
 1044.9697174163
1046.65859490229
1048.32524838603
1049.97091730553
1051.59467607306
1053.19757451382
1054.78004642246
1056.34251293275
1057.88599310952
1059.40965637712
1060.91517493158
 1062.4024945628
1063.87081444552
1065.32152836058
1066.75521048504
1068.17139296484
1069.57092226973
1070.95414717497
1072.32128197171
1073.67316283427
1075.00900709212
674.598365206477
230.925010458474
253.354750429755
246.508457004838
243.822119663622
240.642555466552
237.621515220358
234.658432781818
231.764996662747
228.936079262881
226.168662837137
223.462845156017
220.814890688441
  218.2229915611
215.685023123098
 213.19871883227
210.763159277503
208.376598613349
206.036193217438
203.740567286237
201.495351874868
199.254316832417
197.428559815173