568.055263201444
 568.05526342965
568.055263135466
568.055263620468
568.055262729374
568.055264428462
568.055261151151
568.055267494554
568.055255203678
568.055279024882
568.055094277675
568.054385340231
568.053255388884
568.051626181817
568.049504185493
568.046828086178
568.043559880227
568.039627135435
568.034944624955
568.029407308472
568.022866312124
568.015157266008
568.005997414689
567.995075661785
567.981822888826
567.965919002201
567.948380059276
567.929463557211
567.908772252234
567.886269978685
567.861645683913
567.834728754448
567.805229650438
567.772825316801
567.737197084725
567.697927766123
567.654547021198
567.606568477304
567.553320686671
567.494126814453
567.428201497089
567.354475470465
567.271907068767
567.179141932905
567.074529151084
566.956302680048
566.822094307056
566.669203404292
566.494494113762
566.293678681341
566.061985042366
565.793384246403
 565.47982793118
565.111937117233
564.677131115106
564.158751192196
 563.53597580305
 562.77871597884
561.846381324172
560.682128615968
559.193996735314
557.271408402022
555.019161493994
552.560648495817
549.852176672848
546.886239363175
543.651904937269
540.136089788383
536.324586236814
532.196391072804
527.677645398154
517.724686394202
512.126151821993
506.318902979815
500.716544258279
495.950525569153
491.704041326199
487.821738713302
484.214841856162
480.828639419991
477.623276675438
474.571730716034
471.653403546357
468.850897003109
466.152933241802
463.548728842877
461.029519464342
458.587772609763
 456.21732406705
453.912525819013
451.669868846745
  449.4845750571
447.353336182723
445.272248790741
443.238183057901
441.249952364534
 439.30487266398
437.400410397287
435.534876565422
 433.70598255981
431.912615066688
430.153430845531
428.426900907952
426.731473943867
425.066081775385
423.428895572794
421.820270763721
420.238130219413
418.682394787131
417.151359490985
 415.64412761691
414.159596520476
412.698283545626
411.259570678102
409.842173440429
408.445459968575
407.068287693726
405.711174831896
404.373026196071
403.053320840013
401.751376393246
400.466463073014
399.198938188736
397.948070883823
396.713369303007
395.493714561508
 394.28937046388
393.100593292982
391.926710036813
390.767132450976
389.621529777447
388.489583285175
387.370544218625
386.264920453188
385.171997333811
384.091569239141
383.023368827549
381.967137633052
380.922213110339
379.888624210508
378.866314065379
377.855554331475
376.855590628497
 375.86581880894
 374.88681842852
373.917993768006
372.959130853973
372.009959766934
371.070089713014
370.139909522985
369.219050140605
368.307283153766
367.404444679646
366.509934437696
365.623630398612
364.746650093014
363.877985562021
363.017493648032
362.165034894995
361.320467700565
360.483269711916
359.654016409632
358.832275696707
358.017924679858
357.210843466296
356.410598154658
355.617711166923
354.831401555686
354.051782117629
353.279359402615
352.513485149153
351.753935525988
351.001037276264
350.254418089378
349.513966192368
348.779639515179
348.051058605842
347.328714717609
346.612229908945
345.901519288159
345.196499776213
344.496709000067
343.802197380848
343.113777900453
342.430734216398
341.752991569418
341.080476712944
340.412785542398
339.750448644471
339.093130230527
338.440762725775
337.793279888073
337.150476059692
336.512456455804
335.879244837103
335.250446772332
334.625994223267
334.006461069522
333.391227158526
332.780727820356
 332.78072782036