3926238.65597971
3926238.44096165
3926239.30897156
3926237.36682753
3926241.28083925
3926233.60796328
3926248.53058068
3926219.57599869
3926275.71830099
3926166.88228496
3926535.67548633
3926677.96648992
3926927.51518762
3927096.93984681
 3927303.5888507
3927479.18583833
3927668.51730381
3927845.81165071
3928040.99494249
3928220.47299395
3928448.07705415
3928628.49806822
 3928960.2307493
3929157.78564832
3929747.48391878
 3929683.5086766
3929010.44926769
 3928619.4766268
3927990.76443622
3927417.15800773
3926737.86116977
3925995.43288977
3925197.73919569
 3924306.2515092
3923313.57871069
3922244.56455287
3921025.63261971
3919690.28045799
3918223.45309122
3916529.89515382
3914700.54126138
 3912621.6503889
3910261.50170715
3907657.99962317
3904659.23568286
3901276.65248013
3897465.92193698
3893020.58629568
3888012.32428327
3882222.23818771
3875446.38097148
3867684.78464474
 3858523.1715918
3847714.77550765
3835033.14900551
3819694.28667726
3801347.69002674
3779007.87851806
3751223.71548236
3716637.80238106
3673350.67431944
3602118.38803761
3512071.79151433
 3419429.0774529
3320711.36937103
3216224.33646623
3106129.11586741
2990571.03100802
2869800.66293664
2744001.11568745
2612073.97256578
2363813.38617631
2233450.20054542
2103434.46759625
 1983162.3060533
1885050.43941889
1800821.24166907
1726388.12224977
 1659392.2272325
1598350.03903317
1542190.98234788
1490167.26497461
1441706.00486288
1396335.74774466
1353721.17361608
1313560.65886902
 1275606.0308191
1239645.43372208
  1205501.747766
1173017.17647924
1142074.01237076
 1112544.5495603
1084328.72524063
1057324.68416084
 1031446.6143835
1006638.02916904
982826.848230034
959946.835993035
937945.399422267
916765.665266174
896367.218501258
876708.974701055
857749.790932053
839450.304119745
821778.225791965
804694.775519114
788185.609640745
772212.082073504
756757.415927334
741789.441546049
727285.348043994
713221.347282628
699589.879253224
686372.994517786
673547.408795451
661096.725874248
649000.697417053
637254.391560149
625839.069625637
614741.647839943
603948.193711364
593444.934768126
583227.442161045
 573282.64244875
563599.859871458
554163.941223915
544970.963646155
536016.993585002
527291.215531368
518783.852092366
510487.361528977
502394.541735793
494495.383525851
486789.052342981
479266.197730219
471921.295807656
 464748.57536496
457742.507484648
450895.079838449
444203.068088667
437662.766642411
431272.648650741
425024.748884144
418912.328541509
412936.139941759
407089.718515832
 401369.11381966
 395770.16127363
390288.116864512
384922.903443248
379670.056746501
374526.052505266
369487.831849543
364550.004163106
359709.985127916
354971.976513174
350328.563164762
345777.189392825
341315.387467796
336940.744200911
332648.952622211
328441.435916127
324314.451341151
320265.917723769
316293.822215178
312394.668697931
308569.699307564
304813.836350654
301126.414781005
297508.620739042
293956.198290393
290466.987120793
287041.399775146
283676.652298574
 280371.21145697
277123.890849172
273932.046903846
270796.905554858
267715.881511906
264687.718968399
261711.198938979
258783.539266122
255904.174515586
253075.686690748
250294.306660596
 247558.98096709
244868.685819043
242221.104694985
239617.673169772
237056.379961449
 234536.31002513
 232056.57336041
229615.768448617
227213.704112036
224849.880432845
222522.252093257
220230.033545866
217974.798862262
215753.739234776
213567.917974871
213567.917974874