0.0577325720282892
0.0577325322421957
0.0577325835308125
0.0577324989741886
0.0577326543297276
0.0577323581056822
0.0577329294800408
0.0577318235504285
0.0577339663626493
0.0577298132611062
0.0577620151539591
0.0578854187219204
0.0580815664528972
0.0583632213500258
0.0587280471081822
0.0591849369225394
0.0597381861389897
0.0603972244814292
0.0611726651438983
0.0620771899555685
0.0631290052843394
0.0643466237628663
0.0657641537311065
0.0674154866451792
0.0693666127841205
0.0716381033021699
0.0740625990305576
0.0765917836403249
0.0792661800755245
0.0820761045377774
0.0850450544486452
0.0881765591793506
0.0914859325272284
0.0949889961541257
0.0986978321026993
 0.102631304557988
 0.106809228149798
 0.111248428929526
 0.115977639831735
 0.121019695018244
  0.12640035166724
 0.132160534463243
 0.138329610957277
 0.144950670829212
  0.15207552176188
 0.159749930766549
 0.168042936107464
 0.177024248103929
 0.186767448456699
 0.197383557540617
 0.208975909232911
 0.221673662147608
 0.235653510346257
   0.2510923848736
 0.268231240769417
 0.287378321989714
 0.308878404148966
 0.333243327336397
 0.361109989322029
 0.393317339281934
 0.431250827885272
 0.476192567161607
 0.524475231102962
 0.573140349802848
 0.623031064703557
 0.674194535022451
 0.726743878063686
 0.780824478637873
 0.836595209806079
 0.894307424669751
 0.954897600854671
  1.08122374866307
   1.1490708312605
  1.21764431742525
  1.28242242741799
  1.33668352338019
   1.3845012220308
  1.42786232395112
  1.46789840276019
  1.50530725386033
  1.54059117526421
   1.5740918560224
  1.60606800818865
  1.63673476210107
  1.66623428711074
  1.69469904645212
  1.72223621605398
  1.74893708712975
  1.77487613970142
  1.80012077449655
  1.82471382624525
  1.84871112920315
  1.87215168225344
  1.89508046592645
  1.91753352187189
  1.93952504189141
  1.96108541186175
  1.98224313794531
  2.00301716095675
  2.02343294278548
  2.04350271012685
  2.06324111525678
  2.08266480487362
  2.10179063288855
  2.12062996626549
  2.13920276230131
  2.15750416075851
  2.17555689677705
  2.19336094433039
  2.21093484934615
  2.22828795599516
  2.24543200888433
  2.26236001575706
  2.27907803194144
  2.29559989718763
  2.31193191706002
   2.3280864179481
  2.34405625486556
  2.35985321917395
  2.37548239718571
  2.39095082089841
  2.40626614196746
  2.42142305674446
   2.4364292371925
  2.45128954562768
  2.46601646536721
  2.48060584164749
  2.49505353525356
  2.50936668279233
  2.52355145785491
  2.53761093330423
  2.55154805898127
  2.56537113033285
  2.57907294003906
  2.59266140020898
  2.60613815634204
  2.61950563981569
  2.63276619376729
  2.64592728205294
  2.65898770656545
  2.67194733702357
  2.68480185122664
  2.69755997861341
  2.71022863120096
  2.72279958212822
  2.73527965942571
  2.74767083491504
  2.75997582962077
  2.77219897161444
   2.7843344546493
  2.79638633199417
  2.80835685792735
  2.82024746319902
  2.83206537054393
  2.84381154461885
  2.85547045651632
   2.8670547728169
  2.87856573223282
  2.89000453952086
  2.90137244385165
  2.91267585911712
  2.92390638806412
  2.93506923943482
  2.94616546745706
   2.9571960993183
  2.96816648715495
  2.97906887961447
  2.98991343573372
   3.0006980566753
  3.01141514818325
  3.02207312128732
  3.03267455668942
   3.0432143484639
  3.05369716134974
  3.06412404300187
  3.07449506932886
  3.08481510481536
  3.09507668539915
  3.10528466342715
  3.11543975654779
  3.12554266667954
  3.13559956461739
  3.14560929271214
  3.15555964377012
  3.16546047248035
  3.17531240896464
    3.185116070446
  3.19487692673903
  3.20458678940429
  3.21425013431164
  3.22386753019002
  3.23343953442179
  3.24296878225343
  3.25245331243042
   3.2618923597764
  3.27129141234272
  3.28065112159715
  3.28996248683635
   3.2992344303255
  3.30846000211076
  3.30846000211073