1373102.30348214
 1373102.2297741
1373102.53141896
1373101.85536808
1373103.21837984
1373100.54607297
1373105.74349478
  1373095.658756
1373115.21290147
1373077.30570209
1373205.07618663
1373250.21241489
1373330.11107382
 1373378.7295387
1373437.14880444
1373481.09089136
1373525.96986663
1373562.30002253
1373599.98977689
1373626.60532678
1373663.49483924
1373676.25755049
1373732.45139354
1373730.22294692
1373849.86737577
1373723.67158568
1373373.90927234
1373113.79961051
1372759.05934486
1372411.81870225
1372013.86904516
1371578.99099968
1371108.06748693
1370585.56239635
1370006.85553952
1369377.94866145
1368670.14546408
1367892.04554635
1367034.10970982
1366058.81462454
1364992.91747393
1363789.98198088
1362432.42779999
1360924.97157763
1359204.38588615
1357263.73662559
1355072.93570631
 1352543.6425053
1349681.73297593
1346385.16489562
1342554.75045481
1338154.84904548
1332994.78986665
1326935.53970259
1319827.55006676
 1311308.0514226
1301144.37043744
1288839.00172942
1273689.61669501
1254957.63217723
 1231561.4581688
1196635.40472252
1154216.84940864
1110610.44339195
1064618.53967742
1016519.87044742
966542.860506154
914916.622600449
861913.389581817
807772.307288324
752189.460643203
648286.492177974
 595842.78867808
545222.635850936
499883.022248384
 463934.67179458
433827.005848111
   407808.860903
384868.466058956
364366.142335916
345844.599932619
 328981.80086682
313531.950027072
299295.988163799
 286128.19590287
273901.207764087
262510.416233587
251867.284200069
241897.744070296
232536.817856411
223733.854983483
215437.704827229
207607.075523696
200201.951861774
193188.302491291
186541.260106745
180232.827539135
174237.615175237
168534.703501375
163102.855145354
157925.748455784
152987.465664419
148272.626087129
143766.810482627
139457.796089859
 135332.20539379
131382.898485967
127597.231558617
123968.063291703
120484.908003088
117139.748371574
113924.584248273
110835.301920506
107865.575768869
105008.080471199
102257.213474683
99606.6893307462
97053.7035461673
94592.5613987314
92218.9256668414
89928.3939608338
87716.7128224429
85581.6781889564
83519.3544045299
81526.3966729174
79598.6346751402
77734.2672321331
75931.5291388456
74187.3261508914
72498.8440609807
70863.7736783388
69279.9249867896
67744.6156859121
66256.9865468515
64814.5697434456
63415.6788890302
62058.6174604049
 60741.770861984
59463.0980890558
58221.4866245589
57015.7575068333
 55845.152095292
54707.7596696626
53601.9318564368
52527.3946333582
51482.5933104122
50466.4500080646
49477.8705151448
 48515.681136583
47579.5414812618
46668.3584025317
45781.2215880239
44917.3174736932
44075.4522449478
43254.9290490125
 42456.201550371
41677.7732224196
40918.9837151242
40179.1990057595
39457.8052758262
38753.8905041195
38067.4899457523
37397.8018699454
36744.3062128275
36106.5027076525
35483.6637919627
34875.8243612249
 34282.022540492
33702.0050593182
33135.8104894805
32582.6317129256
32041.9993602144
31513.8467436943
30997.6190170849
30492.9609176625
29999.5752709444
29516.9500970056
29045.1616984178
28583.7156160693
28132.3229438161
27690.7046127322
27258.3559472414
26835.1050653191
26421.2408645116
 26016.125097207
25619.5223019454
25231.2047264905
24850.7629621243
  24478.32861842
 24113.541440253
23756.2016091979
23406.1156606742
23063.0212506223
22726.8286498187
22397.4062344757
22074.4104849939
21757.6765185744
21447.3650702632
21143.0355510674
20844.7804599194
  20844.78045992