  5.7445430454871
 5.74454273250488
 5.74454400042335
  5.7445411622717
 5.74454688262238
 5.74453566833205
 5.74455747867266
 5.74451515962577
 5.74459721539571
  5.7444381441595
 5.74497642457784
 5.74517959772892
 5.74553672223475
 5.74577308334486
 5.74606042022254
 5.74629840295919
 5.74655228961583
  5.7467838608926
   5.747036297799
 5.74725970549696
 5.74754641939686
 5.74775583264925
 5.74817634920659
 5.74838808519836
 5.74915702037377
 5.74895087291331
  5.7478421230789
 5.74713634280495
 5.74607026968168
 5.74507206147455
 5.74390431459646
 5.74262810177751
 5.74125290697337
 5.73972012347519
 5.73801673089489
 5.73617616608635
 5.73408756431883
 5.73179655935468
 5.72927649084161
 5.72638342523439
 5.72324494171889
 5.71968740636331
 5.71565737615992
 5.71120105279261
  5.7060852266335
 5.70031478493889
 5.69380905977637
 5.68624848650557
 5.67771713524079
 5.66786710361382
 5.65636979016446
 5.64318659478662
 5.62766174683891
 5.60937703545875
  5.5879248770436
 5.56206215512229
 5.53115670511072
 5.49360095419832
 5.44706052268601
 5.38926334369514
 5.31697792139698
 5.20190113036378
  5.0583074698357
 4.91061194671576
 4.75374515886057
 4.58834060370089
 4.41482057059509
 4.23359095242154
 4.04521848511527
 3.85016089211506
 3.64689803057922
 3.26514891962558
 3.06698427016129
 2.87117301186717
 2.69164805235984
 2.54632532380891
 2.42238292413812
  2.3134926646645
  2.2160007515357
 2.12760561666049
 2.04665103770266
  1.9719773071454
 1.90269697007061
  1.8380831825568
 1.77761449270367
  1.7208258716892
 1.66733490195432
 1.61681595438733
 1.56899673911812
 1.52363576621768
  1.4805505337175
 1.43954715922784
 1.40047241275282
 1.36317250517373
 1.32751752506768
 1.29341928376794
 1.26076929622689
 1.22946823974895
 1.19943642593363
 1.17058918201805
 1.14286500483162
 1.11620210337734
 1.09053920544097
  1.0658180104092
 1.04199026762269
 1.01899943730408
0.996822231031783
0.975403050007833
0.954715966633214
0.934714742058794
0.915365958174164
0.896635156131161
0.878509681489239
0.860963219823031
0.843962589991046
0.827483945093786
0.811498522219928
0.795997935074688
 0.78095569758748
0.766352925210693
0.752169742734174
0.738386609854357
0.724996336422845
0.711980484393878
0.699323855332733
0.687005502329674
0.675019220464341
0.663358832221044
 0.65200925927623
0.640956852198817
 0.63019093247412
0.619701318940532
0.609474253888151
0.599507901235651
0.589789449836008
0.580311083682101
0.571064707669828
0.562042578153584
0.553233797211439
0.544633663645823
0.536236882546655
0.528040976418512
0.520035239624769
0.512210580377221
0.504567517154641
 0.49709735699326
0.489794649135785
   0.482653692996
 0.47566807371396
0.468837338671591
0.462155463576221
0.455617641293571
 0.44921967406316
0.442954424290604
0.436818335151172
0.430816453185443
0.424939118034912
0.419182843477477
0.413544267180031
0.408020107833884
0.402604707996045
0.397299648630784
0.392100003480883
0.387002952776817
0.382005772274088
0.377103883457896
0.372298670643689
0.367583586873885
 0.36295763668329
0.358422147673207
0.353971631439923
0.349603237377795
0.345317340399836
0.341110321209394
0.336980132655435
0.332925166525878
 0.32894200216895
0.325032051223067
0.321191975206481
0.317420099633841
0.313714800598063
0.310072515136438
0.306492443990141
0.302977699246894
0.299523503260491
0.296128458828221
0.292791209263448
  0.2895087996283
0.286282928767684
  0.2831110259097
0.279991882530431
0.276924324142091
 0.27390654709944
0.270938246896312
0.268018738934757
0.265145433689153
0.262317300882852
0.259536221065059
0.256798671854563
0.254105906162363
0.254105906162365