832.847546911502
832.847547580665
832.847546718038
832.847548140196
832.847545527262
832.847550509459
832.847540899477
832.847559500088
832.847523459841
832.847593310199
832.847051580381
832.844972781696
 832.84165946034
832.836882198495
 832.83065997002
832.822813004951
832.813229891343
832.801698273749
832.787968292878
832.771732009844
832.752552983459
832.729949371345
832.703092267533
832.671069753612
832.632213529781
832.585585618828
832.534165471561
832.478708417555
832.418050331758
832.352085766689
832.279903571667
832.201004464155
832.114540762385
832.019566829843
831.915150222275
831.800070176668
831.672950713231
831.532369540793
 831.37636294352
831.202952558778
831.009843474566
830.793911050115
830.552113948732
  830.2804982417
829.974245997995
829.628207894258
829.235479660956
828.788194829926
828.277227671202
827.690103276412
827.012958859476
826.228296959602
825.312777899282
824.239260478491
822.971383157534
 821.46108284098
819.648460509216
817.447111004754
814.740885809955
811.367787712822
807.066527254649
801.526448889853
795.060703640461
788.032701680522
 780.32627743417
771.930723460566
762.827187358166
752.992632576807
 742.40305020542
731.018192465909
718.657110473456
691.802428447477
 676.92139728998
661.656553141525
647.095257953164
634.835266001597
624.010489757431
614.195505900811
605.146504255487
596.712299616673
588.783054386843
581.283591675859
574.156492649019
567.353629166655
560.842836933632
554.593945055742
548.582314666465
542.786798779672
537.189951681248
531.775922300673
526.534186150562
521.451498810846
516.518279503968
511.723772211031
507.059199691493
502.520378014463
498.099809385251
493.790473650058
489.587375673911
485.484267152329
481.477628219757
477.563489658489
473.737538834926
469.995485493109
466.334169249912
462.748818185563
459.239491101248
455.800970680883
452.432436971706
449.129582462709
445.889897593038
442.710469454132
439.591878284955
436.532286680442
433.528473687894
430.578639228135
427.679935077822
424.833029767654
 422.03521567936
419.285015976675
416.580638621417
413.920216921434
411.304148279815
408.730590063638
 406.19821237255
403.704421880655
  401.2494713145
398.833595166588
396.455145283986
394.112664354002
391.805230264855
389.531955919703
387.291104731536
385.083465667075
382.907388127804
380.762249478864
378.647312086734
376.561864063975
374.504406867669
 372.47481431037
370.472793737221
368.498696448952
366.550874146221
364.627987479456
362.731001758828
360.858603854667
359.010229158216
357.185211422882
355.382659645436
353.603181369683
351.845933634612
350.110349268573
348.395989083388
346.701592570717
345.026814055648
343.373644996969
341.740065496643
340.125695430375
338.530165183877
 336.95310460538
335.393438488048
333.852139681455
332.328305798626
  330.8216141233
329.331750393349
327.857825466412
326.400713629116
324.958894128203
 323.53249302018
322.122353284093
320.727209219259
319.346576740278
317.980973464998
316.629648705972
 315.29232820627
313.968865506099
312.658509218344
311.362075280388
310.078817711837
308.808519927363
307.550970338751
  306.3052845835
305.071495480448
303.850986153366
302.642425438073
301.445624588068
300.260399005625
 299.08598415469
297.923260689429
296.771585932475
295.630790745655
294.500709607799
293.380935623375
 292.27160498108
291.172711607543
290.083525773773
289.003886978733
287.934742640821
286.874978310151
285.825300835323
 285.82530083533