32.7952913988261
32.7952688113012
 32.795297929086
32.7952499242511
32.7953381233375
32.7951699498019
32.7954943328056
32.7948664698871
32.7960829960553
 32.793725180092
32.8120069639508
32.8820659522424
 32.993422901654
33.1533227970915
33.3604380415852
 33.619815689329
33.9338919151793
34.3080168744462
34.7482114575752
 35.261669417837
35.8587185290437
36.5498576162012
37.3544337341701
38.2916644378046
39.3989751767481
40.6880011775915
42.0637331423849
43.4987305957397
45.0159590078156
 46.609892860339
48.2938245764857
50.0697125641071
51.9461909284074
53.9321707204347
56.0344305563253
58.2635789215037
60.6307440230575
63.1453389931796
65.8234946119037
  68.67796615173
71.7231242151418
74.9818707082898
 78.470502211815
82.2129971035116
86.2381548985235
90.5712301007963
95.2504489779396
100.314189656297
105.802731230396
111.777060910886
118.293318006415
125.421491504789
 133.25730648198
141.895304011306
 151.46404751312
162.126995253426
174.064092886576
187.542251866894
202.888340760592
220.526003010164
241.152874040578
265.368502572724
291.093802991135
316.694803366182
342.574987062053
368.707713857633
395.095693710821
421.751480702513
448.686579746946
475.947183918855
503.878117615339
559.776226198552
588.469222984338
 616.51633501836
 642.13012613605
662.928895940031
680.764846093605
 696.54228151305
710.778192953437
723.794838782707
735.822205146955
747.019496418564
757.507442389096
767.384561367259
776.720000404736
785.575588754118
794.001735091453
802.041163221438
809.729243005035
817.097367531006
824.168254583033
830.967136313209
837.513300896172
843.826740702476
849.924074187112
855.815332344405
861.514377141113
867.033962044484
 872.38383195572
877.574972594665
882.614599426751
887.510244389264
892.269627982068
896.900214693943
901.407870655941
905.800263047515
910.078989265009
914.251962487535
 918.32161280481
 922.29447815074
926.174803548877
929.967214813694
933.672095265194
 937.29265295813
940.833651213003
944.298095279609
947.690151757151
 951.00981703356
954.260987615909
957.446068782694
960.567783184496
963.628891086055
966.629513158111
969.572314785702
972.459334783195
975.294012057918
978.076515672214
980.807025005927
983.487828262791
986.120966778441
988.707853813968
991.249842165732
993.749210879785
996.205404027158
998.620569928769
1000.99569412341
1003.33187482497
1005.63016709036
1007.89247600863
1010.11918163981
1012.31083895493
1014.46729176541
1016.59055899615
1018.68230362578
1020.74167256255
 1022.7702826469
1024.76892646272
1026.73849733493
 1028.6801210993
1030.59330312562
1032.47910532506
1034.33828446947
1036.17145307582
1037.98009328132
1039.76470111303
 1041.5232834539
1043.25811522859
1044.96971741627
1046.65859490227
1048.32524838601
 1049.9709173055
1051.59467607304
 1053.1975745138
1054.78004642244
1056.34251293273
1057.88599310951
1059.40965637711
1060.91517493157
 1062.4024945628
1063.87081444551
1065.32152836057
1066.75521048504
1068.17139296484
1069.57092226974
1070.95414717497
1072.32128197171
1073.67316283428
1075.00900709212
1076.32964169253
1077.63534504061
1078.92638843899
1080.20373075273
1081.46738693605
1082.71599076417
1083.95095372443
1085.17251493116
1086.38090769378
1087.57695409637
1088.75979942025
1089.93013938763
1091.08818584437
 1092.2341456521
1093.36846878346
1094.49105367378
1095.60194254161
1096.70190751039
1097.79114326412
1098.86872727969
1099.93581540988
1100.99172746696
1100.99172746696