2972116.41969523
 2972015.6433777
2972752.29390546
2972997.82839341
2973462.07234645
2973769.44848372
2974119.84182344
2974409.81770639
2974687.92771587
2974939.60600369
2975135.92634215
 2975191.5173722
2975135.55127107
 2974939.7699193
2974603.50267461
2974112.26304932
2973449.48725572
2972618.38563757
2971563.75892437
2970469.65707985
 2969332.5391453
2968148.25429347
2966910.92312573
 2965611.6817585
2964242.49679883
2962787.52839417
2961236.24655713
2959549.89042676
2957626.70029605
2955454.52949733
 2952988.6181105
2950188.79254918
 2947002.9147919
2943372.05008078
2939222.71925551
2934477.16920913
2929000.43022974
2922657.89359654
2915313.24753841
2906799.77860204
2896922.89377539
2885452.26278383
2872114.44411997
2856589.42934236
2838452.46722701
2817045.70301155
2791883.74020001
2762443.29796513
2728194.28899625
2688627.52354999
2643308.76141142
2591961.26500853
2534604.43150749
2472240.47167299
2406089.96098323
 2336624.1359277
2264340.40688398
 2189830.0436083
2113672.44349419
2036476.96481658
1885874.64873068
1811210.34478574
1738958.11094458
1667688.98141299
1597414.66134512
1528368.10065724
1460818.70212377
1395016.15150351
1331193.64172951
1269540.30956427
1210341.69496919
1154004.34924968
1100806.55126903
1050912.43211634
1004402.53031393
 961296.51819686
921570.765038832
 885172.26180012
 852001.50652495
821681.113656281
793747.070759669
767815.933407271
743568.757000747
720737.832509939
699096.893710785
678453.766492183
658644.822295033
639564.383708726
621212.312508017
603599.789942629
586732.626537331
570611.365440398
555232.522390105
540589.375955944
  526672.6625795
 513469.23631036
500927.916868499
 488969.22746282
477521.419055935
466520.743424744
455880.622771073