0.0752104449077785
0.0752541832352861
0.0754084558133865
0.0757927910108504
 0.076350321492626
0.0771219502806394
0.0780999971700544
0.0793071965545326
0.0807543113031536
0.0824649612784952
  0.08445907373912
0.0867384026886726
0.0892918091114016
0.0921115587422128
0.0951841649177642
0.0984937698959857
 0.102017483153686
 0.105726948398658
 0.109581221102644
 0.113552674631962
 0.117658388085254
  0.12191876324037
 0.126358120829428
 0.131005028773345
  0.13589321065607
 0.141062385171123
 0.146559511517383
 0.152438508458775
 0.158745033431883
 0.165513673556416
  0.17278693693099
 0.180610794631161
 0.189037490158095
 0.198125707798887
 0.207941788348059
 0.218561454102016
 0.230068259461003
 0.242544775520061
 0.256079157324343
 0.270770667777515
 0.286730137805413
 0.304082566401523
 0.322969918202114
 0.343555611900505
 0.366027473357856
 0.390569572430453
 0.417307441327826
 0.446356985023893
  0.47781387239422
 0.511741501220166
 0.548149548288201
 0.586958487474822
   0.6279368446796
 0.670621001268715
 0.714607558987083
 0.759775237850472
 0.806010714712595
 0.853183126596794
 0.901176805491813
 0.949867406598191
  1.05244823728975
   1.1047147047489
   1.1555972959545
  1.20629110942457
  1.25696918692557
  1.30762990704051
  1.35822265855398
  1.40868530805252
  1.45893984999608
  1.50891243907705
  1.55841807269321
  1.60712213115701
   1.6547369804852
  1.70102091485904
   1.7457632257701
  1.78877436494671
  1.82987909830068
  1.86891145705704
    1.905742064996
  1.94055480594409
  1.97367706786637
  2.00539510092585
   2.0359611752558
   2.0656004024943
   2.0945156985338
    2.122891452239
  2.15089620032128
  2.17863588687627
  2.20607266432602
  2.23314791024334
  2.25980597942216
  2.28599507341219
  2.31166631366734
   2.3367733549027
  2.36127203372843
  2.38512355638387
  2.40835868268381
  2.43106834034681
  2.45334062506567
  2.47525881160313
  2.49727131303823