1186966.58955558
1186924.15908705
1187210.63857727
1187289.40815494
1187446.64996344
1187530.08737747
1187619.61226668
1187672.32115939
1187706.47552284
 1187714.2781663
1187682.17274406
1187574.86868936
1187403.40461707
1187155.61680695
1186830.64070924
1186422.24266675
1185923.87194262
1185337.37565394
1184642.43678222
1183913.48670632
1183146.92643492
1182338.44251783
1181482.45162369
1180571.49668217
1179597.59432106
1178548.60169171
1177413.16693389
1176167.22449955
 1174761.5672238
 1173182.8688233
1171403.11327315
1169394.64920226
1167123.10907934
1164549.18666521
1161625.12910736
1158298.22287492
1154489.71880661
1150118.59817105
1145099.63255717
1139330.93835521
1132694.56471882
1125052.68578556
1116243.99746389
1106081.40891368
1094329.07962548
1080660.58182241
1064831.52287414
1046592.45150768
1025708.57001976
1001979.62878076
975272.808737535
945569.505849007
913037.575447219
878296.595346356
842036.613217043
 804600.22488784
 766337.19260686
727628.274028929
688832.863266822
650304.665933403
575777.508118745
539970.543262376
506278.800923901
 473964.22242961
 442990.42916468
  413415.7979208
 385304.24961207
358701.179570387
333636.351463304
310115.071163244
288172.009188776
267875.411826747
249236.879213544
232223.747663793
216775.225697915
202813.746841073
190253.083361846
179004.177670216
168970.909710363
159983.797342118
151861.556555681
144458.633420034
137657.218968902
131361.052046161
125490.898074546
119981.191570416
114777.516137828
109843.263771664
105170.263826453
100753.366822265
96586.1742953345
92661.1767153413
 88970.149156367
85504.4081159395
82255.0241367283
79212.5524516843
76359.4022125389
73672.5052249898
71131.5423147919
  68718.82871342
66402.1008867939