                   0
 0.00171110863098383
 0.00167766208102029
 0.00161993601085913
 0.00157720592915566
 0.00154614610801081
 0.00152165225347379
 0.00150629492300663
   0.001492678809649
 0.00148312203793074
 0.00147630109699795
 0.00147139613325785
 0.00146783746502041
 0.00146575400601768
 0.00146465244490069
 0.00146451082968108
 0.00146535378995652
 0.00146723191180564
 0.00147015299901985
 0.00147414646493022
 0.00147951825408332
 0.00148562299537548
 0.00149234421770537
 0.00149958501774314
 0.00150726073884141
 0.00151529508774734
  0.0015236192427643
 0.00153217131201797
 0.00154115398571823
 0.00155067804271741
 0.00156027318026332
 0.00156989929055318
 0.00157952802070087
 0.00158914043752809
 0.00159872385719029
 0.00160826860410862
 0.00161776502875163
 0.00162720104239011
 0.00163656047850624
 0.00164582250912897
 0.00165496213554284
 0.00166395156470997
 0.00167276214748116
 0.00168136649252135
 0.00168988035763259
 0.00169837900131412
 0.00170661707296313
 0.00171457502165567
 0.00172223833653645
 0.00172959780155699
 0.00173664909558308
 0.00174339190607314
 0.00174982877167201
 0.00175596386420632
 0.00176180187552732
 0.00176734711015522
 0.00177260282303385
 0.00177757079935184
 0.00178225115666283
 0.00178664235447273
  0.0017907414120345
 0.00179454434822388
 0.00179804685777454
 0.00180124522148759
 0.00180413741659755
 0.00180672435461959
  0.0018090111372413
 0.00181100819485822
 0.00181273216298852
 0.00181420636119489
 0.00181546076621319
 0.00181653141252078
  0.0018174592052935
 0.00181828818793081
 0.00181906336401502
 0.00181982822592128
 0.00182062218245987
 0.00182155859994559
 0.00182327668136911
 0.00182511633559324
 0.00182706782511549
 0.00182910931489411
 0.00183120856913699
 0.00183332264434405
 0.00183539720909753
  0.0018373666744177
 0.00183915407726171
 0.00184066976603314
 0.00184181085742108
 0.00184246242618058
 0.00184250022749699
 0.00184179447009658
 0.00184021482460284
 0.00183763703523049
 0.00183413437247526
 0.00183084873525291
 0.00182642993048543
 0.00182079466572715
 0.00181388838589519
 0.00180568875614301
 0.00179620597308416
  0.0017844452396148
 0.00177052371109482
 0.00175561265740548
 0.00173978846249723
 0.00172312706273647
 0.00170570986966989
 0.00168830259597191
 0.00167074112027465
 0.00165254047083052
 0.00163374010998013
 0.00161434354347234
 0.00159430838834557
 0.00157353505519586
 0.00155321963190247
   0.001532512848892
 0.00151087606592548
 0.00148803681860554
 0.00146474178292266
 0.00144193697939304
 0.00141748845165479
 0.00139148569121977
 0.00136702847747672
 0.00134618743983794
 0.00132396508523597
 0.00129766607531923
 0.00129690813877775
 0.00130111252391046
 0.00132538313849273
 0.00132081979711007
 0.00135162064840394
 0.00134763237972696
 0.00137540168641997
 0.00137718065394188
 0.00139635545364247
 0.00140284332429363
 0.00141383977069603
 0.00142378280165978
 0.00142726167539942
 0.00143973040421019
 0.00143642581290826
 0.00145035485676304
 0.00144124407986596
 0.00145560469966421
 0.00144168635576269
 0.00145536686598041
  0.0014374121362295
 0.00144954808830772
 0.00142874239959417
 0.00143858879128816
 0.00141590165638672
 0.00142272298417023
 0.00139890954005739
 0.00140170422332908
 0.00137894244491621
 0.00137818091865854
 0.00135861151863331
 0.00135186975119611
 0.00132038882048574
 0.00130863422915795
 0.00128206198705411
 0.00126446520389012
 0.00124119500291942
 0.00121684599162403
 0.00119692114579745
 0.00116561043402152
 0.00114980482362964
 0.00111747229701176
 0.00109977363482422
 0.00107308144116641
 0.00104657736052644
  0.0010257704441084
0.000992110693697923
0.000975665988923791
0.000948890678773406
0.000922808286422605
0.000902863367957085
0.000872362706872243
0.000854006983684485
0.000830833408087261
0.000802564550772322
0.000786645900230476
0.000761366250613404
0.000740302598784714
0.000722688354100887
0.000696113975509671
0.000682081496861109
0.000663160601097834
0.000639881968970135
0.000628581864742128
0.000608611909193535
0.000592302617284768
0.000580688733435308
0.000561893607426811
0.000552213712494865
0.000543350369700657
0.000529634343693963
0.000526133498021941
 0.00052369093944582
0.000517209042537048
0.000519998576781422
0.000523947665406227
 0.00052173590470822
0.000531837412398706
0.000537129513648149
0.000539761332017441
0.000551494005704534
0.000551600880434155
0.000563895439665896
0.000567795758384643
0.000573665935884232
0.000581093673162003
0.000580367215678612
0.000591242957761112
0.000587301884207775
 0.00059817547175281
 0.00059711108699817
0.000601886898927817
0.000604033935052511
 0.00060238934698123
0.000608042636047051
0.000599707471306249
0.000563257144935631
0.000497262385370234
 0.00040338044245139
0.000312892143526478
0.000311954352539001
 0.00031099281846042
0.000309959775920771
 0.00030889475231087
0.000307806463507351
 0.00030669311013716
0.000305525653424912
0.000304315594573043
0.000303079024237873
0.000301815588619234
0.000300523514705497
0.000299176758926559
0.000297795356873326
0.000296387136505927
0.000294952613640848
  0.0002934917843498
0.000291995612576909
0.000290455711212695
0.000288891732070085
0.000287306428726292
 0.00028570051830637
0.000284073995149361
  0.0002823992747603
0.000281388672303026
0.000280813729864285
0.000280204427468053
 0.00027955886871564
0.000278854435221243
0.000278115853049182
 0.00027741583791055
0.000276702749864063
0.000275946919690934
0.000275139997020474
 0.00027429955854516
0.000273425303775818
0.000272610204037183
0.000271746561345973
0.000270841299252381
0.000269902499293997
0.000268929782578239
0.000267972545634335
0.000267005967483067
0.000266005119322468
0.000264970555834146
0.000263902016407608
0.000262847114245193
0.000261787005468236
0.000260693492542111
0.000259566456376287
0.000258405841163212
0.000257302673001919
0.000256153787120197
0.000254972003188608
0.000253757379438627
0.000252604787920954
0.000251414137807091
0.000250182123063436
0.000248962353184889
0.000247768348205293
 0.00024654212147622
0.000245316857529793
0.000244112817930048
0.000242890830509393
0.000241730665083859
0.000240563615394387
 0.00023943198155682
0.000238353916549389
0.000237312960046726
 0.00023632504464019
0.000235396656924375
0.000234561742484346
0.000233838778578493
0.000233246356224903
0.000232857815799653
0.000232668802045061
0.000232673777804726
0.000232881552931496
0.000233278998720776
0.000233849960403376
0.000234585105033991
0.000235438566415946
 0.00023633479492885
 0.00023733476765303
 0.00023832405435753
0.000239436574715313
0.000240517097944315
0.000241636150839886
0.000242829365490582
0.000243989673899436
0.000245116524537958
0.000246379798079011
0.000247617761507279
0.000248821377320685
0.000249990101106823
0.000251236724245041
0.000252513400455068
 0.00025375433261926
0.000254958989248377
0.000256126855595395
0.000257303643217854
0.000258574288123592
0.000259807359220598
  0.0002610023664113
0.000262158843877369
0.000263276352748643
0.000264354483410445
0.000265501671831536
0.000266675219140922
0.000267808728484753
0.000268901830477342
0.000269954188370891
0.000270965498673614
0.000271935491223896
0.000272863928709233
0.000273892962285693
0.000274908071996038
0.000275881132740685
0.000276811945971345
0.000277700341871689
0.000278546177077288
0.000279349331985534
0.000280109707722576
0.000280870855352555
0.000281708732275676
0.000282503471525586
 0.00028325498817211
0.000283963208921267
0.000284628068621562
0.000285249506847551
0.000285827464657995
0.000286361881624675
0.000286854723263119
0.000287456961530264
0.000288015347571169
0.000288529801497739
0.000289000236310233
0.000289426556639771
0.000289808658070545
0.000290146427075977
0.000290439741576887
0.000290688472120937
0.000290892513817032
0.000291198897480027
0.000291460398088972
0.000291676872816726
0.000291848177931875
0.000291974171902465
0.000292054718872614
0.000292089692421782
0.000292078979514832
0.000292022484541743
0.000291920133343559
0.000291774133786005
0.000291720057230938
 0.00029162009008199
0.000291474205638576
0.000291282408507509
0.000291044737633972
0.000290761268890383
0.000290432117155626
0.000290057437837388
0.000289637427798195
0.000289172325666331
0.000288662411525031
0.000288108005990217
0.000287601652199154
0.000287092600642691
0.000286539703327426
0.000285943342065498
0.000285303932841041
0.000284621922964245
0.000283897787858256
0.000283132027554256
0.000282325162974495
0.000281477732089641
  0.0002805902860325
0.000279663385253481
0.000278704137895713
0.000277834643495123
0.000276926592123528
0.000275980526463659
0.000274996988455012
0.000273976516367069
0.000272919642221092
0.000271826889596039
0.000270698771845157
0.000269535790736408
0.000268366372232043
0.000267258681224736
0.000266116512198211
0.000264940322438734
0.000263730556900488
0.000262487648403198
0.000261212018165535
0.000259904076635897
0.000258610905635615
0.000257341895638474
0.000256041303045518
0.000254709513864138
0.000253346907201746
 0.00025195385673954
0.000250530732257781
0.000249077901165462
0.000247595729987227
0.000246084585767137
0.000244544837353089
0.000242976856530241
0.000241464715492856
0.000239940708268715
0.000238389138098705
 0.00023681037636536
0.000235204799563682
0.000233572789651526
0.000231914734197702
0.000230231026335348
0.000228522064529835
0.000226788252178256
0.000225029997060922
 0.00022332013373022
0.000221610450751364
0.000219877022104187
0.000218120251759935
0.000216340545787397
0.000214538311479551
0.000212713956456445
0.000210867887769084
0.000209000511025237
0.000207112229559214
0.000205243128069854
0.000203407872289785
0.000201552390245607
0.000199677068013437
0.000197782287526815
0.000195868426081713
0.000193935855938299
0.000191984944020618
0.000190016051714759
0.000188029534759493
0.000186115158871514
0.000184186048186652
0.000182239927056904
0.000180277130592543
0.000178297988687126
0.000176302826202901
0.000174291963203843
0.000172265715224496
0.000170265708922535
0.000168300454514547
0.000166320391057351
0.000164325817327782
0.000162317028685632
0.000160294317365806
 0.00015825797275687
0.000156208281659076
0.000154221521506737
0.000152236038928555
0.000150237753133553
0.000148226938295304
0.000147298736890539
0.000148034782329373
0.000148750056052485
0.000149444498414558
0.000150118053071385
0.000150770667056335
0.000151402290854169
0.000152012878469956
0.000152602387494899
0.000153170779167516
0.000153739264259753
0.000154298713185619
0.000154836899065619
0.000155353788388435
0.000155849351460638
0.000156323562459676
0.000156776399481862
0.000157207844585894
0.000157617883831035
0.000158006507311348
0.000158381133908148
0.000158760751430551
0.000159118856358595
0.000159455444829634
 0.00015977051714669
0.000160064077799116
0.000160336135478834
0.000160586703091117
0.000160815797760866
0.000161023440833796
0.000161222656189314
0.000161421860967251
0.000161599566658913
0.000161755801185867
0.000161890596757794
0.000162003989860757
0.000162096021240898
  0.0001621667358844
0.000162216182993724
0.000162263768419948
0.000162305938304227
0.000162326836583293
0.000162326519227596
0.000162305046437577
0.000162262482608644
0.000162198896293417
 0.00016211436016085
0.000162036824897391
0.000161946642047148
0.000161835540933464
0.000161703600933094
0.000161550905515742
0.000161377542194432
0.000161189952313165
0.000161012927524837
0.000160815289777905
0.000160597133095894
0.000160358555501852
0.000160099658960924
0.000159849584677393
0.000159589181048525
0.000159308529093516
0.000159007737049896
0.000158706236372944
0.000158406247860607
0.000158086192975929
0.000157759679311031
0.000157442816526382
0.000157108813220619
0.000156797611072901
 0.00015647878943878
0.000156175777639156
0.000155886087801899
0.000155606715928791
0.000155348421812557
0.000155126519153781
 0.00015493870769967
0.000154801223355039
0.000154735452772115
  0.0001547453856309
0.000154846264663722
0.000155033034197893
0.000155299619743476
0.000155646213362226
0.000156072209166414
0.000156576242224149
0.000157149857735961
0.000157783131719824
0.000158488745160279
0.000159192217607684
0.000159985694566156
0.000160762575396989
0.000161585773611472
0.000162438586675973
0.000163265481629427
0.000164150496277271
0.000165054454728808
0.000165931865366953
 0.00016679432683725
0.000167748799041634
0.000168676092886899
0.000169576063466681
0.000170448573406146
0.000171390971263563
0.000172338256133553
0.000173257458211618
0.000174148444184452
0.000175011088941024
0.000175901022045455
0.000176834764107514
0.000177739575286218
0.000178615336310473
0.000179461936724579
0.000180279275043382
0.000181067258894774
0.000181938679366944
0.000182791844826502
0.000183615124425274
0.000184408434245886
0.000185171699945696
0.000185904856847552
0.000186607850017007
0.000187306300057921
0.000188067783571499
0.000188798660589351
0.000189498886861428
0.000190168428148729
0.000190807260245396
0.000191415368984982
0.000191992750232517
0.000192539409861803
0.000193130909104944
0.000193728631906032
0.000194295303139469
0.000194830941076252
0.000195335573980104
0.000195809240035316
0.000196251987261753
0.000196663873417935
0.000197044965893234
0.000197436273477347
0.000197861638051522
0.000198256007660158
0.000198619462415117
 0.00019895209179166
0.000199253994483006
0.000199525278247459
0.000199766059746698
0.000199976464377694
 0.00020015662609757
0.000200346392514872
0.000200564698364658
0.000200752697920081
 0.00020091053667598
0.000201038368220385
0.000201136354039899
0.000201204663321686
  0.0002012434727518
0.000201252966310683
0.000201233335066664
0.000201184776967456
0.000201181727102373
0.000201166158965316
0.000201121735662113
0.000201048664108472
0.000200947157527054
0.000200817435236422
0.000200659722438989
0.000200474250008853
0.000200261254281575
0.000200020976844462
0.000199753664327507
0.000199531419802057
0.000199292913798665
0.000199027561341381
0.000198735615138557
0.000198417332356982
0.000198072974419317
0.000197702806804589
0.000197307098851351
0.000196886123562834
 0.00019644015741449
0.000196041111801659
 0.00019561813748159
0.000195170378591625
0.000194698115871694
0.000194201633047564
0.000193681216649533
0.000193137155835632
0.000192569742217208
0.000191979269687781
0.000191366034256013
0.000190730333881339
0.000190072468313318
0.000189392738934757
0.000188691448607281
0.000187968901522062
 0.00018722540305266
0.000186461259611137
0.000185676778508947
0.000184872267820213
0.000184048036248885
0.000183204392999181
0.000182341647649409
0.000181460110029175
0.000180560090099979
0.000179641897839311
0.000178705843127569
0.000177752235638429
0.000176781384733204
0.000175793599356822
 0.00017484287065439
0.000173903190200386
0.000172946807295737
0.000171974017106336
0.000170985114452626
0.000169999888611327
0.000169038573954616
0.000168061733004765
0.000167069647948326
 0.00016606260033053
0.000165040870983957
0.000164004739960588
0.000162954486465416
0.000161890388792552
0.000160812724263049
0.000159721769165289
0.000158623946094893
0.000157560586001471
0.000156484465323126
0.000155395850234274
0.000154295005615479
0.000153182195009149
0.000152057680578854
0.000150921723069797
0.000149774581771012
0.000148616514479116
 0.00014744777746406
0.000146268625436041
0.000145096858853277
0.000143947895777152
0.000142788970203644
0.000141620327090475
0.000140442209684233
0.000139254859498006
0.000138058516291895
0.000136853418053473
 0.00013563980097997
0.000134417899461836
0.000133187946067592
0.000131950171529671
0.000130750323009299
0.000129545699988798
0.000128333634350775
0.000127114347100887
0.000125888057347145
0.000124654982293471
0.000123415337233979
0.000122169335547984
0.000120917188696168
0.000119659106217695
0.000118410883278908
0.000117188437033455
0.000115960377121471
0.000114726903552076
0.000113488214406987
0.000112244505842629
0.000110995972093353
0.000109742805474655
 0.00010848519638762
0.000107223333322914
0.000105989055424249
0.000104764950118685
0.000103536857131103
0.000102304955737265
0.000101069423337485
9.98304354637436e-05
9.85881657893928e-05
9.73427861373777e-05
9.60957774894799e-05
9.48896763462437e-05
9.36806912391064e-05
9.24689851430904e-05
9.12547192390423e-05
9.00380529260114e-05
8.88191438321306e-05
 8.7598147827106e-05
8.63888155333559e-05
  8.520817276364e-05
8.40256295163155e-05
8.28413332495392e-05
8.16554297337624e-05
8.15701708325733e-05
8.19318361657273e-05
8.22828384698382e-05
8.26231837890712e-05
8.29528791857215e-05
8.32719327337611e-05
8.35803535129409e-05
8.38781516020459e-05
8.41653380725255e-05
8.44419249821926e-05
8.47079253685212e-05
8.49633532421928e-05
 8.5208223580463e-05
8.54425523205693e-05
8.56663563530424e-05
 8.5879653515003e-05
8.60824625833895e-05
 8.6274803268338e-05
8.64566962062441e-05
8.66281629529758e-05
8.67892259769493e-05
8.69442928407016e-05
8.70915070729922e-05
8.72283818267316e-05
8.73549444030397e-05
8.74712229576441e-05
8.75772464932478e-05
8.76730448512442e-05
8.77586487041393e-05
8.78340895474339e-05
8.78993996919486e-05
8.79546122559971e-05
8.79997611574618e-05
8.80348811061471e-05
8.80600075960358e-05
8.80751768974064e-05
8.80804260494639e-05
8.80757928525822e-05
8.80613158607824e-05
8.80370343741138e-05
8.80029884314515e-05
 8.7959218802669e-05
8.79057669816996e-05
8.78450851869855e-05
8.77802999583316e-05
8.77059839169969e-05
8.76221818048445e-05
8.75289390115941e-05
8.74263015675503e-05
8.73143161363166e-05
8.71930300071905e-05
8.70624910884882e-05
8.69227479000645e-05
8.67738495667625e-05
8.66158458112803e-05
8.64487869478153e-05
8.62727238750277e-05
8.60877080697958e-05
8.58937915809432e-05
8.56910270229244e-05
 8.5486196569548e-05
8.52754171231374e-05
8.50559823187824e-05
8.48279465481133e-05
8.45913646949636e-05
 8.4346292129972e-05
8.40927847049616e-05
8.38308987478609e-05
8.35606910573605e-05
8.32822188977927e-05
8.29955399945514e-05
8.27008243222821e-05
8.24090440576519e-05
8.21092622115827e-05
8.18015372958114e-05
8.14859282194796e-05
8.11624942850669e-05
8.08312951845053e-05
8.04923909959177e-05
8.01458421800377e-05
7.97983836201138e-05
7.94494251064454e-05
7.90930270923307e-05
7.87292500748216e-05
7.83581548814971e-05
7.79798026685485e-05
7.75993080910503e-05
7.72207493250771e-05
7.68351322338878e-05
7.64425175163869e-05
7.60429661580964e-05
7.56506252759803e-05
7.52528305268396e-05
7.48482876569423e-05
7.44512180865242e-05
 7.4200877508146e-05
7.43974304692752e-05
 7.4611685441095e-05
7.48469341509406e-05
7.50900842778623e-05
7.53591470882831e-05
7.56194781129649e-05
7.59006066114454e-05
7.61953057819564e-05
7.64810748375977e-05
7.67602818418367e-05
7.70805110604234e-05
7.73916059467195e-05
7.76935728540873e-05
 7.7986418404008e-05
7.83017344375692e-05
7.86281650083098e-05
7.89452670184598e-05
7.92530453097573e-05
7.95515050009965e-05
7.98425787930102e-05
8.01731591203447e-05
 8.0494218682059e-05
8.08057608558399e-05
 8.1107789307977e-05
8.14003079907533e-05
8.16833211425005e-05
8.19590150565319e-05
 8.2271692769198e-05
8.25746727919352e-05
8.28679577316582e-05
8.31515504973179e-05
8.34254542995128e-05
8.36896726499337e-05
8.39442093618636e-05
8.41890685499003e-05
8.44538201017486e-05
8.47251029001406e-05
8.49865304765052e-05
8.52381055650442e-05
8.54798312275307e-05
8.57117108542527e-05
8.59337481659561e-05
8.61459472155657e-05
8.63483123903497e-05
8.65459278387992e-05
8.67713604042475e-05
8.69868027502108e-05
8.71922582869611e-05
8.73877307930315e-05
8.75732244181582e-05
8.77487436866109e-05
 8.7914293500857e-05
 8.8069879145003e-05
8.82155062890688e-05
8.83511809923743e-05
8.84953456088411e-05
8.86505223109402e-05
 8.8795618182369e-05
8.89306389157407e-05
8.90555906306045e-05
8.91704798787196e-05
 8.9275313649384e-05
8.93700993741531e-05
8.94548449320576e-05
8.95295586557099e-05
8.95942493366331e-05
8.96489262314781e-05
8.97119202603602e-05
8.97827996319545e-05
8.98435779175255e-05
8.98942646410106e-05
8.99348698227831e-05
8.99654039851483e-05
8.99858781594487e-05
8.99963038922258e-05
8.99966932525476e-05
8.99870588385032e-05
8.99674137851414e-05
8.99377717712424e-05
8.98981470273674e-05
8.98503135868256e-05
8.98243550796485e-05
8.97883822268963e-05
8.97424098430522e-05
8.96864533111996e-05
8.96205285905727e-05
8.95446522252707e-05
8.94588413523634e-05
8.93631137106055e-05
8.92574876491525e-05
 8.9141982136498e-05
8.90166167695217e-05
8.88814117830927e-05
8.87363880592851e-05
8.85815671365364e-05
8.84229909005607e-05
8.82808169534455e-05
8.81288735725128e-05
8.79671825389505e-05
8.77957663033002e-05
8.76146479961704e-05
8.74238514390058e-05
8.72234011541906e-05
8.70133223765945e-05
8.67936410640646e-05
8.65643839087493e-05
8.63255783480343e-05
8.60772525761444e-05
8.58194355554676e-05
8.55521570277129e-05
8.52754475256789e-05
8.50221390264472e-05
8.47595707237359e-05
8.44876228180969e-05
8.42063255138137e-05
8.39157098416754e-05
8.36158076709115e-05
8.33066517211267e-05
8.29882755740141e-05
8.26607136854562e-05
8.23240013976823e-05
8.19781749502035e-05
8.16232714926923e-05
 8.1259329096306e-05
8.08863867652887e-05
8.05044844489622e-05
8.01136630533827e-05
7.97139644522216e-05
7.93054314986441e-05
7.89055091562907e-05
7.85139939507018e-05
7.81137151218969e-05
7.77047162172639e-05
7.73069951736649e-05
7.69091989863968e-05
7.65027857684286e-05
7.60878001055398e-05
7.56642876080793e-05
7.52322949219009e-05
7.47918697377448e-05
7.43430608018958e-05
7.38859179251206e-05
 7.3420491992604e-05
7.29468349729423e-05
7.24649999270799e-05
7.19935780037484e-05
7.15245375659257e-05
 7.1047451854267e-05
7.05623748787909e-05
7.00693617514125e-05
6.95684686940479e-05
6.90597530454418e-05
6.85432732697167e-05
6.80190889617016e-05
 6.7487260854926e-05
6.69478508268373e-05
6.64180272016979e-05
6.58929982726431e-05
 6.5360545077886e-05
6.48207302864634e-05
6.42736177094427e-05
6.37192723043634e-05
6.31577601796773e-05
6.25891485985242e-05
6.20135059826721e-05
6.14309019157377e-05
6.08607913778481e-05
6.02941624760489e-05
5.97207491951357e-05
5.91406216728374e-05
5.85538511927441e-05
5.79605101862501e-05
5.73606722333309e-05
5.67544120627095e-05
5.61418055521345e-05
5.55471143960928e-05
 5.4951996706909e-05
5.43507237972807e-05
5.37433718051927e-05
5.31300179900107e-05
5.25107407309822e-05
5.18856195236839e-05
5.12547349776904e-05
5.06468114131464e-05
5.00347632411691e-05
4.94171521419062e-05
4.87940586664237e-05
4.81655644412604e-05
4.75317521637098e-05
4.68927055958801e-05
4.62776942170562e-05
4.56586032721584e-05
4.50493196493679e-05
4.52832241159135e-05
4.55102171974947e-05
4.57302971029055e-05
4.59434630691452e-05
4.61497153566859e-05
4.63490552438106e-05
4.65477960124583e-05
4.67431438994637e-05
4.69315307475848e-05
4.71129598842296e-05
4.72874356603342e-05
4.74549634443544e-05
4.76155496164643e-05
4.77692015621312e-05
4.79159276659258e-05
4.80557584406349e-05
4.81984421015352e-05
4.83341682842586e-05
 4.8462947458458e-05
4.85847910938753e-05
4.86997116533744e-05
4.88077225859057e-05
4.89088383186509e-05
4.90030742496261e-05
4.90904467398551e-05
4.91768282642191e-05
4.92602863370606e-05
4.93368672424138e-05
4.94065894355022e-05
4.94694723304212e-05
4.95255362917973e-05
 4.9574802626004e-05
4.96172935720712e-05
4.96530322929983e-05
4.96911605003536e-05
4.97233421940385e-05
 4.9748773824923e-05
4.97674806182874e-05
4.97794887143466e-05
4.97848251584943e-05
4.97835178912831e-05
4.97766896231933e-05
4.97723721454291e-05
4.97614255154794e-05
4.97438796761146e-05
4.97197654526771e-05
 4.9689114542284e-05
 4.9651959503294e-05
4.96121749416628e-05
4.95726588433248e-05
4.95266639965741e-05
 4.9474224883661e-05
4.94153768313133e-05
4.93501559994947e-05
4.92868203561397e-05
4.92199674519689e-05
4.91467751062846e-05
4.90672813167892e-05
4.89845837287894e-05
4.89042314741339e-05
4.88176151856867e-05
4.87247746247671e-05
4.86369991506558e-05
 4.8544088574326e-05
4.84515348767867e-05
4.83593536269034e-05
4.82686307208546e-05
4.81779928237225e-05
4.80932941956946e-05
4.80098922736594e-05
4.79311555627859e-05
4.78628469335052e-05
4.78037857401525e-05
4.77596698117977e-05
4.77375846607286e-05
4.77412415480216e-05
 4.7774937038364e-05
4.78339964757879e-05
4.79189847254202e-05
4.80302373966901e-05
4.81678458589263e-05
4.83316670935041e-05
4.85193563837805e-05
4.87210971942265e-05
4.89381942942457e-05
4.91691132459837e-05
4.94092510394117e-05
4.96520259272715e-05
4.99160653438802e-05
5.01721128868815e-05
5.04377670690337e-05
5.07181190602113e-05
5.09903182399629e-05
5.12543568997326e-05
5.15498877701748e-05
5.18380956961439e-05
5.21179790255455e-05
5.23895303652377e-05
5.26827279784814e-05
5.29778751330867e-05
5.32645292428691e-05
 5.3542683371266e-05
5.38123323103323e-05
5.40943871605304e-05
5.43864422599127e-05
 5.4669840454602e-05
5.49445771879653e-05
5.52106496422566e-05
 5.5468056727237e-05
5.57192175610344e-05
5.59972609727177e-05
5.62665045528155e-05
5.65269480830022e-05
5.67785930731257e-05
 5.7021442748717e-05
5.72555020363352e-05
 5.7480777549801e-05
5.77097232939416e-05
5.79533514996067e-05
5.81880852043581e-05
5.84139320993771e-05
5.86309015513931e-05
5.88390045865306e-05
 5.9038253873489e-05
5.92286637078332e-05
5.94102499938409e-05
5.96045398537082e-05
5.98021212824817e-05
5.99907968801272e-05
6.01705837446898e-05
6.03415005580032e-05
6.05035675677046e-05
6.06568065677493e-05
6.08012408791492e-05
6.09368953310985e-05
6.10642773929415e-05
 6.1213785580716e-05
6.13544630595486e-05
6.14863358594508e-05
6.16094314809246e-05
6.17237788751446e-05
6.18294084226423e-05
6.19263519122115e-05
6.20146425197587e-05
6.20943147862651e-05
6.21654045968034e-05
6.22420046083594e-05
6.23249872722109e-05
 6.2399368574384e-05
6.24651854603253e-05
6.25224761723886e-05
6.25712802270195e-05
6.26116383924402e-05
6.26435926660007e-05
6.26671862516415e-05
6.26824635365786e-05
6.26894700686553e-05
6.26916230433983e-05
6.27089773951317e-05
6.27180728866028e-05
6.27189558884411e-05
 6.2711673877891e-05
6.26962754170513e-05
6.26728101283391e-05
 6.2641328672175e-05
6.26018827237784e-05
6.25545249499648e-05
6.24993089859416e-05
 6.2436289412493e-05
6.23687153497587e-05
6.23148583087096e-05
6.22532365729955e-05
 6.2183905237212e-05
6.21069202851876e-05
6.20223385673913e-05
6.19302177780612e-05
6.18306164331672e-05
6.17235938468186e-05
6.16092101097254e-05
6.14875260666059e-05
6.13586032939817e-05
6.12225040778069e-05
6.10979733605133e-05
6.09699345368031e-05
6.08347794563979e-05
 6.0692570739429e-05
6.05433716614479e-05
6.03872461319432e-05
6.02242586735247e-05
6.00544744004394e-05
5.98779589972565e-05
 5.9694778697994e-05
5.95050002660802e-05
5.93086909730367e-05
5.91059185788834e-05
5.88967513113769e-05
5.86812578468043e-05
5.84595072897209e-05
5.82315691537438e-05
5.79975133421784e-05
   5.77574101292e-05
5.75113301408137e-05
5.72593443365355e-05
5.70015239905186e-05
5.67379406740676e-05
5.64686662373748e-05
5.62014634608587e-05
5.59448844740795e-05
5.56827018526329e-05
5.54149857027175e-05
5.51418063776676e-05
5.48632344614663e-05
5.45975442058366e-05
5.43269306418903e-05
5.40510384697823e-05
5.37699371185307e-05
5.34836962011176e-05
5.31923854997784e-05
5.28960749507368e-05
5.25948346298821e-05
5.22887347385037e-05
5.19778455890796e-05
5.16622375911213e-05
5.13419812382399e-05
5.10226318382045e-05
 5.0710964879741e-05
5.03947666077864e-05
5.00741061032484e-05
4.97490524933863e-05
4.94196749388776e-05
4.90860426227702e-05
4.87482247371052e-05
4.84062904722582e-05
4.80603090053378e-05
4.77103494885833e-05
4.73564810385407e-05
4.69987727254595e-05
4.66536829435982e-05
4.63054774332838e-05
4.59535460634597e-05
4.55979561946318e-05
4.52387751145866e-05
4.48760700280659e-05
4.45099080474964e-05
4.41403561842746e-05
4.37674813390521e-05
4.33913502931316e-05
4.30120297003067e-05
4.26366640087217e-05
4.22677357377332e-05
4.18957278391918e-05
4.15207050435407e-05
4.11427319345625e-05
4.07618729422743e-05
4.03781923353219e-05
3.99917542130979e-05
3.96026224997459e-05
3.92108609366115e-05
3.88165330757473e-05
3.84343574281742e-05
3.80512869522232e-05
3.76657524133184e-05
3.72778152840092e-05
 3.6887536835728e-05
3.64949781334056e-05
 3.6100200030087e-05
3.57032631609355e-05
3.53042279381821e-05
3.49100189687146e-05
3.45229460290142e-05
3.41338702237737e-05
3.37428497914072e-05
3.33499427404571e-05
3.29552068457639e-05
3.25586996432481e-05
3.21604784258023e-05
3.17606002396276e-05
3.13742931499772e-05
3.09869716464961e-05
3.05980798123717e-05
3.02076724684186e-05
2.98158041862617e-05
2.94225292840067e-05
2.90279018236861e-05
2.86385905980402e-05
2.82569258110432e-05
2.78739886598323e-05
2.74898309616245e-05
2.71045042781193e-05
2.67180599115013e-05
2.63305489024424e-05
 2.6305812061922e-05
2.64115809391618e-05
2.65137804697779e-05
2.66124128060902e-05
2.67074804903705e-05
2.67989864528029e-05
2.68869340098454e-05
2.69717237518924e-05
 2.7055772917714e-05
2.71362691644794e-05
2.72132172407513e-05
2.72866222682383e-05
2.73564897399353e-05
2.74228255179032e-05
2.74856358308678e-05
2.75449272727352e-05
2.76007067998296e-05
2.76529817291177e-05
 2.7701759735696e-05
2.77470488510567e-05
2.77888574604507e-05
2.78271943009861e-05
2.78622750651825e-05
2.78971143216344e-05
2.79285054550771e-05
2.79564583961778e-05
2.79809834120848e-05
2.80020911038875e-05
2.80197924045905e-05
2.80340985764627e-05
2.80450212089695e-05
2.80525722162889e-05
2.80567638349383e-05
2.80576086214707e-05
2.80551194501294e-05
2.80504301390372e-05
2.80450547168465e-05
2.80363814192663e-05
2.80244240726396e-05
2.80091968048735e-05
2.79907140429275e-05
2.79689905104963e-05
2.79440412254139e-05
2.79158814975589e-05
2.78845269261335e-05
2.78499933974441e-05
2.78157849402244e-05
2.77790693673924e-05
2.77392185896314e-05
2.76962492262584e-05
2.76501781679844e-05
2.76010225739726e-05
 2.7548799869978e-05
2.74935277455313e-05
2.74376066363297e-05
2.73808390257868e-05
2.73210694090031e-05
2.72583160366574e-05
2.71925974085208e-05
 2.7123932270598e-05
2.70523492709451e-05
 2.6982837244699e-05
2.69104273513121e-05
 2.6835138761297e-05
2.67569908776744e-05
2.66760565452578e-05
2.65976788170613e-05
2.65164900655895e-05
2.64325100036988e-05
2.63479021330171e-05
2.62642647919087e-05
2.61778827367887e-05
2.60935952926533e-05
2.60080829522502e-05
2.59242766152967e-05
 2.5840125090576e-05
2.57588790429364e-05
2.56777232449656e-05
2.56004102969776e-05
2.55267484269017e-05
2.54577619955565e-05
2.53962010204611e-05
2.53502882359424e-05
2.53271778867525e-05
2.53261890063583e-05
2.53444228940358e-05
2.53811569578266e-05
2.54336052745163e-05
2.54958169891295e-05
2.55713712632444e-05
2.56480174520846e-05
2.57358604383029e-05
2.58203800410084e-05
 2.5918037608097e-05
2.60143605334551e-05
2.61072865047618e-05
2.62150708471576e-05
2.63199884268372e-05
 2.6421431233381e-05
2.65257026180743e-05
2.66391556602019e-05
2.67490541966953e-05
2.68553991248921e-05
2.69581916516604e-05
2.70730924011309e-05
2.71875547454004e-05
2.72983845421848e-05
  2.740558265657e-05
2.75091502729419e-05
2.76136462059595e-05
2.77283350195168e-05
2.78393162855828e-05
2.79465909127086e-05
2.80501601386818e-05
2.81500255309708e-05
 2.8246188985448e-05
2.83438136097214e-05
2.84502009002541e-05
2.85528152157433e-05
 2.8651658271317e-05
2.87467321202772e-05
2.88380391547105e-05
2.89255821045997e-05
2.90093640384903e-05
2.90893883625465e-05
2.91819272468241e-05
2.92710285033637e-05
2.93563099819094e-05
2.94377750229557e-05
 2.9515427314053e-05
2.95892708895851e-05
2.96593101301035e-05
2.97255497628823e-05
2.97879948613633e-05
2.98558955807993e-05
2.99262883790008e-05
2.99928360705248e-05
3.00555437718897e-05
3.01144169537193e-05
3.01694614401882e-05
3.02206834093544e-05
3.02680893927709e-05
3.03116862749864e-05
3.03514812945993e-05
3.03905848025865e-05
3.04372426336297e-05
3.04800613863399e-05
3.05190484412021e-05
3.05542115385249e-05
3.05855587768855e-05
 3.0613098613963e-05
3.06368398656498e-05
 3.0656791706607e-05
3.06729636692094e-05
3.06853656434902e-05
3.06940078770301e-05
3.07099372708342e-05
3.07244488729763e-05
3.07351782626308e-05
3.07421359097004e-05
3.07453326447993e-05
3.07447796596416e-05
3.07404885057094e-05
 3.0732471094308e-05
3.07207396959552e-05
3.07053069403818e-05
3.06861858148655e-05
3.06633896649533e-05
3.06429061160962e-05
3.06252389252748e-05
3.06038901551897e-05
 3.0578873403464e-05
3.05502026258786e-05
3.05178921361504e-05
3.04819566050996e-05
3.04424110597057e-05
3.03992708828305e-05
3.03525518118297e-05
 3.0302269938165e-05
3.02484417061821e-05
3.01910839121677e-05
3.01345397070163e-05
3.00818641684186e-05
3.00256682628786e-05
2.99659690015663e-05
 2.9902783745539e-05
2.98361302047967e-05
2.97660264373945e-05
2.96924908480545e-05
2.96155421869448e-05
2.95351995483473e-05
2.94514823699354e-05
2.93644104309432e-05
2.92740038508321e-05
 2.9180283088126e-05
2.90944485115685e-05
2.90053651214595e-05
2.89129893614182e-05
2.88173417816728e-05
2.87184432675724e-05
2.86163150384211e-05
2.85109786454241e-05
2.84024559703555e-05
2.82907692235601e-05
2.81759409426763e-05
2.80579939899162e-05
2.79369515511774e-05
2.78128371332675e-05
2.76856745626275e-05
2.75554879826667e-05
2.74223018522646e-05
2.72861409429392e-05
2.71470303369603e-05
2.70049954250173e-05
2.68600619039439e-05
2.67134944428871e-05
2.65747260397853e-05
2.64330924568679e-05
2.62886193236334e-05
2.61413325681747e-05
2.59988480187934e-05
2.58556054048564e-05
2.57095919092842e-05
2.55608335546498e-05
2.54093566538494e-05
 2.5255187807105e-05
2.50983538992444e-05
2.49388820966479e-05
2.47767998449167e-05
 2.4612134865154e-05
2.44449151511894e-05
2.42751689670806e-05
2.41110661491906e-05
 2.3945831976957e-05
2.37781213555666e-05
2.36079624897911e-05
2.34353838429735e-05
2.32604141337522e-05
2.30830823327866e-05
 2.2903417658704e-05
2.27214495758798e-05
 2.2537207789608e-05
2.23507222433805e-05
2.21680559048254e-05
2.19865686961751e-05
2.18028930112912e-05
2.16170585845554e-05
2.14290953749474e-05
2.12390335624368e-05
2.10469035444305e-05
2.08527359318866e-05
 2.0656561544985e-05
2.04584114094075e-05
2.02621644944112e-05
2.00694975125981e-05
1.98749133191733e-05
1.96784425850471e-05
1.94801161722546e-05
1.92799651299036e-05
1.90780206895669e-05
1.88743142615633e-05
1.86688774306831e-05
1.84636987005105e-05
1.82641968025088e-05
1.80630246166547e-05
1.78602132381855e-05
1.76557939216559e-05
1.74497980756638e-05
1.72422572594089e-05
 1.7033203177752e-05
1.68226676767191e-05
1.66198700018438e-05
1.64156913497471e-05
1.62100909732454e-05
1.60031000993599e-05
1.57947500810107e-05
1.55850723917994e-05
1.53740986216788e-05
1.51680116574071e-05
1.49637132215164e-05
1.47581778440209e-05
1.45514363970589e-05
1.43435198535213e-05
1.41540305355764e-05
1.42205801879486e-05
1.42850333867128e-05
1.43473907304459e-05
 1.4409306107438e-05
1.44699981016599e-05
1.45285843684839e-05
1.45850662499475e-05
1.46394453616194e-05
1.46917235913369e-05
 1.4741903097637e-05
1.47899863080225e-05
1.48359759178235e-05
1.48798748884349e-05
1.49216864456514e-05
 1.4961414078099e-05
1.50012607758598e-05
1.50393369586221e-05
1.50753271713905e-05
1.51092356134169e-05
1.51410667432045e-05
1.51708252766891e-05
1.51985161854912e-05
1.52241446949031e-05
 1.5247716282113e-05
1.52692366742618e-05
1.52887118466949e-05
1.53072669351745e-05
1.53252114254154e-05
1.53411154583255e-05
1.53549856725249e-05
1.53668289497866e-05
1.53766524128851e-05
1.53844634234734e-05
1.53902695799873e-05
1.53940787155776e-05
1.53958988957509e-05
1.53958986996855e-05
1.53963885414637e-05
 1.5394899795157e-05
1.53914411332584e-05
1.53860214543999e-05
  1.537864988152e-05
1.53693357591855e-05
1.53580886512739e-05
1.53449183387389e-05
1.53298348169462e-05
1.53154013113194e-05
1.52992466454921e-05
1.52811938772396e-05
 1.5261253542953e-05
1.52394363864272e-05
1.52157533564734e-05
 1.5190215604366e-05
1.51634901312675e-05
1.51371621988083e-05
1.51089975476831e-05
1.50790078122659e-05
1.50472048216221e-05
1.50136005971913e-05
1.49782073496224e-05
1.49438936565688e-05
 1.4908008665826e-05
 1.4870354777291e-05
1.48309446251771e-05
1.47897910248579e-05
1.47501310720083e-05
1.47087741780988e-05
1.46656948711993e-05
1.46220686160908e-05
1.45790547974589e-05
1.45343394895997e-05
1.44906547251411e-05
1.44462678891566e-05
1.44028694602505e-05
1.43590640239721e-05
 1.4317407999731e-05
1.42764140745322e-05
1.42374328078454e-05
1.42019122193471e-05
1.41721632776481e-05
1.41585093249019e-05
1.41651379162444e-05
1.41857232451303e-05
1.42189477822519e-05
1.42615840361682e-05
1.43107009840659e-05
1.43636726133711e-05
1.44232951005407e-05
1.44828313341505e-05
1.45477354103751e-05
1.46140766860148e-05
1.46782015286173e-05
1.47511278436596e-05
1.48221677078175e-05
  1.489094494872e-05
1.49642602035871e-05
1.50399567226955e-05
1.51133435929984e-05
1.51844211921937e-05
1.52578543088921e-05
1.53356861087306e-05
1.54111621685216e-05
1.54842828374302e-05
1.55550488104561e-05
1.56257997278586e-05
1.57029790568974e-05
1.57777595900521e-05
1.58501420391421e-05
1.59201274657628e-05
 1.5987717278787e-05
1.60529132317566e-05
1.61234057339255e-05
1.61944676866366e-05
1.62630959909538e-05
1.63292924751368e-05
1.63930593144457e-05
1.64543990289756e-05
 1.6513314480715e-05
1.65698088718247e-05
1.66333889180525e-05
1.66950977313896e-05
1.67543520810387e-05
1.68111552977801e-05
1.68655110523996e-05
1.69174233525804e-05
1.69668965404601e-05
1.70139352898002e-05
1.70599301255736e-05
1.71115394855814e-05
1.71606888274556e-05
1.72073829945441e-05
 1.7251627160153e-05
1.72934268243274e-05
1.73327878113527e-05
1.73697162664244e-05
1.74042186529832e-05
1.74363017494406e-05
1.74695260813928e-05
1.75055366982146e-05
1.75391108630518e-05
1.75702555466617e-05
 1.7598978030664e-05
1.76252859048209e-05
1.76491870639839e-05
1.76706897041523e-05
1.76898023200867e-05
1.77065337013116e-05
1.77208929290629e-05
1.77387016198627e-05
1.77564246511275e-05
1.77717672096289e-05
 1.7784738566895e-05
1.77953482802251e-05
 1.7803606189748e-05
1.78095224152575e-05
1.78131073517163e-05
1.78143716671464e-05
1.78133262979108e-05
1.78099824459932e-05
1.78055018051348e-05
1.78050835926147e-05
1.78023674419769e-05
1.77973647202401e-05
1.77900870528269e-05
1.77805463199565e-05
1.77687546528138e-05
1.77547244304965e-05
1.77384682757409e-05
1.77199990519794e-05
1.76993298593997e-05
1.76764740313362e-05
 1.7651445130662e-05
1.76304438336827e-05
1.76080201702566e-05
1.75834321397006e-05
1.75566934199067e-05
1.75278179102567e-05
1.74968197278469e-05
1.74637132036581e-05
1.74285128791696e-05
1.73912335029169e-05
1.73518900264957e-05
 1.7310497600731e-05
1.72670715725687e-05
1.72233224317031e-05
1.71823030436502e-05
1.71392662023373e-05
1.70942273223229e-05
1.70472020052936e-05
1.69982060358453e-05
 1.6947255378208e-05
1.68943661726928e-05
1.68395547317512e-05
1.67828375365886e-05
1.67242312336668e-05
1.66637526310964e-05
1.66014186943619e-05
 1.6537246543824e-05
1.64712534505007e-05
1.64034568328475e-05
1.63338742524832e-05
1.62625234113034e-05
 1.6189422148094e-05
1.61145884342573e-05
1.60380403712024e-05
1.59597961861269e-05
1.58798742289079e-05
  1.579978087074e-05
1.57233987138627e-05
1.56453626448672e-05
1.55656907262491e-05
1.54844011353572e-05
1.54051218170803e-05
1.53260572056668e-05
 1.5245404698383e-05
 1.5163182329414e-05
1.50794082378058e-05
1.49941006646892e-05
1.49072779493387e-05
1.48189585262859e-05
1.47291609221001e-05
1.46379037522237e-05
1.45452057179751e-05
1.44510856029401e-05
1.43576860709427e-05
1.42660239897952e-05
 1.4172972121862e-05
1.40785490141404e-05
1.39827732877351e-05
1.38856636335838e-05
1.37872388105698e-05
1.36875176418583e-05
 1.3586519012565e-05
1.34842618661479e-05
1.33807652016871e-05
1.32760480713867e-05
1.31733959184976e-05
1.30714163510959e-05
1.29682497618244e-05
1.28639148728737e-05
1.27584304511208e-05
1.26518153054644e-05
1.25440882838279e-05
1.24352682711049e-05
1.23253741856066e-05
 1.2214424977286e-05
1.21024396240732e-05
1.19933145516504e-05
 1.1884350298863e-05
1.17743834443518e-05
1.16634325562082e-05
1.15515162236735e-05
1.14386530547517e-05
1.13248616739892e-05
1.12101607197546e-05
1.10945688418518e-05
1.09781046997437e-05
1.08653962589966e-05
1.07522178980912e-05
1.06382001047178e-05
1.05233610616651e-05
1.04077189546081e-05
1.02912919699438e-05
1.01740982924037e-05
1.00561561029999e-05
9.93799223286684e-06
9.82355215567443e-06
9.70839566738491e-06
9.59254042459667e-06
9.47600407480431e-06
 9.3588042535675e-06
 9.2409585834563e-06
9.12248467105359e-06
9.00456271130112e-06
8.88977884383468e-06
8.77439733326657e-06
8.65843522351861e-06
8.54190953836209e-06
8.42483727925281e-06
8.30723542394329e-06
8.19029054416331e-06
8.07651890688543e-06
7.96224669746826e-06
 7.8474903036363e-06
7.81859015597242e-06
7.85462435672069e-06
   7.89061530794e-06
7.92554631594278e-06
7.95934771354034e-06
7.99201997768451e-06
8.02356372064938e-06
8.05397968918486e-06
8.08326876380883e-06
 8.1114319583353e-06
8.13847041922222e-06
8.16438542466935e-06
8.18917838422972e-06
8.21285083783818e-06
8.23540445531179e-06
8.25720636217497e-06
8.27868725862546e-06
8.29905086903449e-06
8.31829927037953e-06
8.33643466607858e-06
8.35345938547671e-06
8.36937588276354e-06
8.38418673640429e-06
 8.3978946483626e-06
8.41050244312913e-06
8.42201306704149e-06
8.43242958724344e-06
8.44175519125467e-06
8.45046159654583e-06
8.45881803349102e-06
8.46608961282969e-06
8.47227987747778e-06
8.47739248654999e-06
8.48143121449929e-06
8.48439995022876e-06
8.48630269607853e-06
8.48714356715963e-06
8.48692679004948e-06
8.48565670237555e-06
8.48344580596516e-06
8.48135864205124e-06
8.47822746884164e-06
8.47405692711023e-06
8.46885176425394e-06
8.46261683300209e-06
 8.4553570908058e-06
8.44707759851959e-06
8.43778351980462e-06
8.42748011979644e-06
8.41688042563238e-06
8.40594135176342e-06
8.39400458280126e-06
8.38107563547186e-06
8.36716012378447e-06
8.35226375783815e-06
8.33639234275318e-06
8.31955177781063e-06
8.30280357103086e-06
8.28551511049269e-06
  8.267270504278e-06
8.24807585815546e-06
8.22793736768301e-06
8.20686131680626e-06
8.18568271553077e-06
8.16433976202902e-06
8.14207289855096e-06
8.11888857868426e-06
8.09479334019925e-06
8.07111540289396e-06
8.04692713984867e-06
8.02184176001974e-06
7.99650236273097e-06
7.97147963696454e-06
7.94557328699652e-06
7.92070964211744e-06
7.89528591099709e-06
7.87082053491095e-06
7.84670723097403e-06
7.82330873455583e-06
7.80135017103278e-06
7.78161123424215e-06
7.76751898334815e-06
7.76838082228171e-06
7.77850720434792e-06
7.79585035803887e-06
7.81828737589363e-06
7.84418025084888e-06
7.87210051383935e-06
7.90348202989177e-06
7.93495546519418e-06
7.96892790999593e-06
 8.0040868034037e-06
8.03812879274224e-06
8.07602872815449e-06
8.11382026361107e-06
8.15047095920063e-06
8.18810781910706e-06
8.22851578241579e-06
 8.2677583820856e-06
8.30583550615049e-06
8.34294699131322e-06
8.38469919994811e-06
8.42526151506595e-06
8.46463374765127e-06
8.50281584441337e-06
8.53980788789732e-06
8.57948543703246e-06
8.61995258699677e-06
8.65920608683624e-06
8.69724596780364e-06
  8.734072399319e-06
8.76968568874759e-06
8.80408628084473e-06
 8.8425984631213e-06
8.88018762634779e-06
8.91654248674767e-06
8.95166346887022e-06
8.98555113693078e-06
 9.0182061940336e-06
9.04962948267141e-06
9.07982198317114e-06
9.11352814092492e-06
9.14656420702986e-06
9.17835093400265e-06
9.20888931454922e-06
 9.2381804814301e-06
9.26622570712743e-06
9.29302640256813e-06
9.31858411745701e-06
     9.342900539e-06
9.36983255844792e-06
9.39663123838974e-06
 9.4221738224376e-06
9.44646204081856e-06
9.46949776259309e-06
9.49128299504443e-06
9.51181988334548e-06
9.53111070967072e-06
9.54915789252997e-06
9.56596398621334e-06
9.58459152394786e-06
9.60353441287198e-06
9.62122566017243e-06
9.63766788741882e-06
9.65286385223862e-06
9.66681644776202e-06
9.67952870228883e-06
9.69100377778975e-06
9.70124496973979e-06
9.71025570645212e-06
9.71803954813444e-06
9.72690746597893e-06
 9.7365223289958e-06
9.74490436461695e-06
9.75205721487349e-06
9.75798465352451e-06
9.76269058472479e-06
9.76617904313581e-06
9.76845419220496e-06
9.76952032405443e-06
9.76938185820453e-06
9.76804334112957e-06
9.76550944520316e-06
9.76363377147571e-06
9.76268741070818e-06
9.76054452850317e-06
9.75720988094508e-06
9.75268834901843e-06
9.74698493733106e-06
  9.740104773448e-06
9.73205310683678e-06
9.72283530831231e-06
9.71245686887112e-06
 9.7009233985812e-06
9.68824062613782e-06
9.67441439775341e-06
 9.6617350196504e-06
9.64933430974702e-06
9.63579367729839e-06
9.62111903851648e-06
9.60531642418827e-06
9.58839197978678e-06
9.57035196436085e-06
9.55120274909182e-06
9.53095081662747e-06
9.50960275974966e-06
9.48716528076377e-06
 9.4636451901664e-06
9.43904940575724e-06
9.41475958471383e-06
9.39152518519837e-06
9.36722277600222e-06
9.34185931344977e-06
9.31544185789335e-06
9.28797757315802e-06
9.25947372559799e-06
9.22993768281977e-06
9.19937691234995e-06
9.16779898108011e-06
9.13521155343489e-06
9.10162239092793e-06
9.06703935082964e-06
9.03147038439078e-06
8.99492353662046e-06
8.95740694456526e-06
8.91892883619905e-06
 8.8794975292017e-06
 8.8391214299044e-06
8.79780903201288e-06
8.75556891527518e-06
8.71240974437137e-06
8.66869794657887e-06
8.62743551816036e-06
8.58526575425733e-06
 8.5421972485511e-06
 8.4982386764354e-06
8.45468993954102e-06
8.41194548012458e-06
8.36832549883093e-06
8.32383866194997e-06
8.27849371309863e-06
8.23229947272131e-06
 8.1852648366465e-06
8.13739877431052e-06
8.08871032836889e-06
8.03920861225382e-06
7.98890280984121e-06
 7.9378021740073e-06
7.88610888785568e-06
7.83635926637771e-06
7.78583133459465e-06
7.73453428581927e-06
7.68247737786831e-06
7.62966993200775e-06
7.57612133173158e-06
7.52184102131848e-06
7.46683850411101e-06
7.41112334223804e-06
7.35470515417225e-06
7.29759361367543e-06
7.24074971608646e-06
7.18514555464456e-06
  7.128865776862e-06
7.07191994614442e-06
7.01431767763383e-06
6.95606863582166e-06
6.89718253410465e-06
6.83766913256445e-06
6.77753823735694e-06
6.71679969882488e-06
6.65546341094281e-06
6.59514792161753e-06
6.53547751544581e-06
6.47522765151454e-06
6.41440806603555e-06
6.35302853391195e-06
6.29109886768342e-06
6.22862891580533e-06
6.16562856142755e-06
6.10210772106212e-06
6.03807634341758e-06
5.97594895801468e-06
5.91373234509751e-06
5.85102350836308e-06
 5.7878321972904e-06
5.72416818911403e-06
 5.6600412876584e-06
5.59546132178346e-06
5.53043814416343e-06
5.46545391377773e-06
 5.4023676518411e-06
5.33885638104303e-06
5.27492972263177e-06
 5.2105973175065e-06
5.14586882466306e-06
5.08075392036123e-06
5.01526229657046e-06
4.95059373673001e-06
4.88714621726949e-06
4.82333959950232e-06
4.75918331538372e-06
4.69468680841523e-06
4.62985953292305e-06
4.56471095272581e-06
4.50074482122309e-06
4.43772095742867e-06
4.37439271533391e-06
4.38443282915757e-06
4.40415892453971e-06
4.42324928895399e-06
4.44170414942713e-06
 4.4595238133105e-06
4.47670866754457e-06
4.49325917870058e-06
4.50917589205069e-06
4.52445943169288e-06
4.53911049975997e-06
4.55312987616974e-06
4.56651841815314e-06
4.57927705979633e-06
4.59199960366197e-06
4.60421135968503e-06
 4.6157931570534e-06
4.62674615106518e-06
4.63707157248583e-06
4.64677072713193e-06
4.65584499530214e-06
4.66429583140249e-06
4.67212476330803e-06
4.67933339191873e-06
4.68592339063212e-06
4.69189650480206e-06
4.69775659044103e-06
4.70322706720705e-06
4.70808288859093e-06
 4.7123260010079e-06
4.71595842091443e-06
4.71898223451672e-06
4.72139959709073e-06
4.72321273235765e-06
4.72442393190109e-06
4.72503555469517e-06
4.72505002643842e-06
4.72508380221226e-06
4.72466690062956e-06
4.72365690688814e-06
4.72205642469692e-06
4.71986812240754e-06
4.71709473229276e-06
4.71373905021333e-06
4.70980393449394e-06
4.70529230581218e-06
 4.7005075982931e-06
4.69565107594216e-06
4.69022339080749e-06
4.68422761921994e-06
 4.6776668971571e-06
4.67054441991022e-06
4.66286344108502e-06
4.65462727226862e-06
4.64628099883235e-06
4.63779470967485e-06
4.62875948467611e-06
4.61917876920515e-06
 4.6090560640033e-06
4.59839492462921e-06
4.58735471396687e-06
4.57653753971332e-06
4.56518867809896e-06
 4.5533118000346e-06
4.54091062866702e-06
4.52821490189159e-06
4.51574969591306e-06
4.50276715378839e-06
4.48927109789055e-06
4.47590180832624e-06
 4.4624290945483e-06
4.44850958875032e-06
4.43513957404384e-06
4.42130779135241e-06
4.40811900145888e-06
4.39480676905912e-06
4.38187761797604e-06
4.36958606411797e-06
4.35795202333167e-06
4.34746883024029e-06
4.33966860091672e-06
4.33745196326552e-06
4.34011261515876e-06
4.34664818732555e-06
 4.3563791164436e-06
4.36880240167747e-06
4.38300313532203e-06
4.39842368504806e-06
4.41557885866306e-06
4.43299774882666e-06
4.45149508654374e-06
4.47098664096979e-06
4.48982731726666e-06
4.51046224919649e-06
4.53141086459441e-06
4.55169468827066e-06
 4.5721359261397e-06
 4.5945312651674e-06
4.61624760927926e-06
4.63728506311378e-06
4.65764382007183e-06
4.68053769220322e-06
  4.702946268198e-06
4.72466195394761e-06
4.74568492131455e-06
4.76601543258903e-06
4.78768745543201e-06
 4.8099677929514e-06
4.83154215014103e-06
4.85241078057586e-06
4.87257402964625e-06
4.89203233405844e-06
4.91078622116836e-06
4.93193331291275e-06
4.95247455328807e-06
4.97229909512953e-06
 4.9914074743973e-06
 5.0098003183674e-06
5.02747834557615e-06
5.04444236543167e-06
5.06075035838771e-06
5.07931861493116e-06
5.09716250790548e-06
5.11428287081062e-06
 5.1306806282958e-06
5.14635679543796e-06
5.16131247735307e-06
5.17554886875216e-06
5.18906725321955e-06
5.20199507125785e-06
 5.2169136635638e-06
5.23110612149491e-06
5.24457376754883e-06
5.25731801276352e-06
5.26934035643967e-06
5.28064238553005e-06
5.29122577386243e-06
5.30109228141784e-06
5.31024375433065e-06
  5.318987947589e-06
5.32934562558207e-06
5.33898262855548e-06
5.34790085060521e-06
5.35610227120342e-06
5.36358895431022e-06
5.37036304759653e-06
5.37642678155592e-06
5.38178246967114e-06
5.38643250652671e-06
5.39037936814202e-06
5.39419058248614e-06
5.39917268438384e-06
5.40344861604813e-06
5.40702090495726e-06
5.40989215830345e-06
 5.4120650626599e-06
  5.413542382815e-06
5.41432696143929e-06
5.41442171825279e-06
5.41382964869275e-06
5.41255382391359e-06
5.41059738945471e-06
5.40900537238098e-06
5.40794772341258e-06
5.40620914080137e-06
5.40379281738224e-06
 5.4007020193203e-06
5.39694008500069e-06
5.39251042425137e-06
5.38741651773256e-06
5.38166191588196e-06
5.37525023852625e-06
5.36818517321569e-06
5.36047047539068e-06
5.35210996654989e-06
5.34516394307127e-06
5.33760824800167e-06
5.32940895503486e-06
5.32056992136321e-06
5.31109506896055e-06
5.30098838380511e-06
5.29025391476923e-06
5.27889577284224e-06
5.26691813046432e-06
 5.2543252206938e-06
5.24112133576393e-06
5.22731082680528e-06
5.21318437041174e-06
5.20012920052215e-06
5.18647193598065e-06
5.17221694773529e-06
5.15736866363303e-06
5.14193156708753e-06
5.12591019630193e-06
5.10930914349172e-06
5.09213305383005e-06
5.07438662500359e-06
5.05607460576929e-06
5.03720179539924e-06
5.01777304268147e-06
4.99779324519833e-06
4.97726734821624e-06
4.95620034396405e-06
4.93459727074486e-06
4.91246321215888e-06
4.88980329566013e-06
4.86662269238991e-06
4.84292661584451e-06
 4.8187203211536e-06
4.79400910413652e-06
4.76981226976703e-06
4.74618178691877e-06
 4.7220531217973e-06
4.69743150344204e-06
 4.6723221996392e-06
4.64833380603435e-06
4.62391274391738e-06
4.59901248878181e-06
4.57363828038071e-06
4.54779539482697e-06
4.52148914281691e-06
 4.4947248695193e-06
 4.4675079536316e-06
4.43984380626983e-06
4.41173787041338e-06
4.38319561957279e-06
4.35422255756768e-06
4.32605258687824e-06
4.29784061661831e-06
4.26920723117785e-06
4.24015787781062e-06
4.21069803124841e-06
4.18083319286833e-06
4.15056888997123e-06
4.11991067483797e-06
4.08886412373022e-06
4.05743483611332e-06
4.02562843415666e-06
3.99361684344512e-06
3.96265238677973e-06
3.93132079679059e-06
3.89962761276896e-06
3.86757839365703e-06
3.83517871754835e-06
3.80243418129922e-06
3.76935039914095e-06
3.73593300240227e-06
3.70218763828811e-06
3.66811996954652e-06
3.63431651784207e-06
3.60117692566053e-06
 3.5677251682964e-06
3.53396679997342e-06
 3.4999073876274e-06
3.46555251079517e-06
3.43090776011579e-06
3.39597873716402e-06
3.36077105367316e-06
3.32529033059137e-06
3.29057274667255e-06
3.25610075818661e-06
3.22136575725551e-06
3.18637323493132e-06
3.15112868898293e-06
3.11563762395162e-06
3.07990554992976e-06
3.04393798167268e-06
3.00774043865415e-06
2.97281603711674e-06
2.93769760817408e-06
2.90235893279922e-06
2.86680538269524e-06
2.83104233239628e-06
2.79507515782429e-06
2.75890923606692e-06
2.72290238367834e-06
2.68786876878035e-06
2.65264588950043e-06
2.61723896299859e-06
2.58165320554671e-06
 2.5458938322509e-06
2.50996605644094e-06
2.47438534523026e-06
2.43963287249738e-06
2.40472104356959e-06
2.40088133886263e-06
2.41180500896998e-06
2.42274415591937e-06
2.43334421944075e-06
2.44359591196341e-06
2.45349939681505e-06
2.46305487981713e-06
2.47226260910449e-06
2.48112287511149e-06
2.48963600996133e-06
 2.4978023876604e-06
2.50562242364027e-06
2.51309657450793e-06
2.52022533805962e-06
2.52700925279514e-06
2.53376778160119e-06
2.54023562523686e-06
2.54635891511201e-06
2.55213831276691e-06
2.55757451980698e-06
2.56266827734775e-06
2.56742036595925e-06
2.57183160534691e-06
2.57590285415721e-06
2.57963500968628e-06
2.58302900753293e-06
2.58608582129338e-06
2.58892694787738e-06
2.59169622363054e-06
2.59412989143948e-06
2.59622903467371e-06
2.59799477385358e-06
2.59942826606741e-06
2.60053070484656e-06
2.60130331990183e-06
 2.6017473767348e-06
2.60186417622155e-06
2.60165505469589e-06
2.60121044085015e-06
2.60075715069474e-06
2.59998051654886e-06
2.59888196987856e-06
2.59746297612273e-06
2.59572503433225e-06
2.59366967694796e-06
2.59129846952311e-06
2.58861301011271e-06
2.58561492930132e-06
2.58261771797497e-06
2.57942813365608e-06
2.57592924109151e-06
2.57212275124596e-06
2.56801040642018e-06
2.56359397940442e-06
2.55887527339516e-06
2.55385612160652e-06
2.54895665893762e-06
2.54380133234144e-06
2.53834932588404e-06
2.53260254043375e-06
2.52656290526676e-06
2.52023237826138e-06
2.51393612135664e-06
2.50752335434479e-06
2.50082368928595e-06
2.49383914065204e-06
2.48657174989342e-06
2.47946256315412e-06
2.47216508339476e-06
2.46458883015888e-06
2.45691894547317e-06
2.44935971956128e-06
2.44152571467204e-06
2.43395220089759e-06
2.42618102713754e-06
2.41876335455027e-06
2.41132306103009e-06
2.40407723889335e-06
2.39727132050893e-06
 2.3909430872382e-06
2.38560992996129e-06
2.38343197006552e-06
2.38483779124721e-06
2.38873607211199e-06
2.39440912264133e-06
 2.4016512853442e-06
2.40996070544064e-06
2.41853501670164e-06
2.42847421755288e-06
 2.4380706645788e-06
2.44889003758741e-06
2.45961911071735e-06
2.47015645660209e-06
2.48204498143334e-06
2.49357616305401e-06
 2.5047500352704e-06
2.51673461515445e-06
2.52906241088313e-06
2.54102524849253e-06
2.55262313791915e-06
2.56446795743326e-06
2.57719400542644e-06
2.58954750592677e-06
2.60152844955286e-06
2.61313687238696e-06
2.62437285591943e-06
2.63703331115916e-06
2.64933533344891e-06
2.66125759429414e-06
2.67280016391647e-06
2.68396315894481e-06
2.69474674141623e-06
2.70570962618288e-06
2.71747751151574e-06
2.72885935481693e-06
2.73985531601406e-06
 2.7504656014421e-06
2.76069046345473e-06
2.77053020075746e-06
2.77998515774147e-06
2.78959408339663e-06
2.79992631480042e-06
2.80986810302641e-06
2.81941980012634e-06
2.82858180422618e-06
2.83735455963718e-06
2.84573855635628e-06
2.85373433001057e-06
2.86134246163527e-06
 2.8690003671672e-06
2.87737396126309e-06
2.88535543030433e-06
2.89294537170193e-06
2.90014442849706e-06
2.90695328875046e-06
 2.9133726857089e-06
2.91940339752772e-06
2.92504624682666e-06
2.93030210035683e-06
2.93554364122484e-06
2.94145831658543e-06
2.94698284192263e-06
 2.9521181071912e-06
 2.9568650464773e-06
2.96122463783188e-06
2.96519790304872e-06
2.96878590705374e-06
2.97198975807156e-06
2.97481060695937e-06
 2.9772496471514e-06
 2.9796346376898e-06
2.98263828257816e-06
 2.9852583955936e-06
2.98749619698224e-06
2.98935294851255e-06
2.99082995419697e-06
2.99192855973685e-06
2.99265015174521e-06
2.99299615785786e-06
2.99296804640026e-06
2.99256732588793e-06
2.99179554485995e-06
2.99103212231255e-06
2.99074981141567e-06
2.99009618420776e-06
2.98907281504057e-06
2.98768131762328e-06
2.98592334496695e-06
2.98380058832981e-06
2.98131477760588e-06
2.97846768060328e-06
2.97526110276669e-06
2.97169688684429e-06
2.96777691249916e-06
2.96350309575422e-06
2.95958397295015e-06
2.95574879077831e-06
2.95156092738891e-06
 2.9470223200101e-06
2.94213494117512e-06
2.93690079894438e-06
2.93132193657231e-06
2.92540043161926e-06
2.91913839628455e-06
2.91253797607416e-06
2.90560135035589e-06
2.89833073158219e-06
2.89072836479054e-06
2.88339150056327e-06
2.87620455424742e-06
2.86868828930364e-06
2.86084496231576e-06
 2.8526768613979e-06
2.84418630586147e-06
2.83537564604863e-06
2.82624726305469e-06
2.81680356789549e-06
2.80704700100776e-06
2.79698003252671e-06
 2.7866051612313e-06
2.77592491459977e-06
2.76494184792142e-06
2.75365854435217e-06
2.74207761430389e-06
 2.7302016946118e-06
2.71803344886745e-06
2.70557556636408e-06
2.69283076226312e-06
2.67980177653948e-06
2.66649137392605e-06
2.65300240537281e-06
2.64027801677447e-06
2.62727589589451e-06
2.61399877932167e-06
2.60044942729243e-06
2.58705566108519e-06
2.57388003416237e-06
2.56043675012085e-06
2.54672856103699e-06
2.53275824180221e-06
2.51852858856871e-06
2.50404241952662e-06
2.48930257334967e-06
2.47431190986136e-06
2.45907330853612e-06
2.44358966888791e-06
2.42786390952654e-06
2.41202696832366e-06
2.39671615775983e-06
2.38116836831503e-06
2.36538649511786e-06
2.34937345133801e-06
2.33313216757569e-06
2.31666559136201e-06
2.29997668732551e-06
2.28306843608195e-06
2.26594383395673e-06
2.24860589270737e-06
2.23105763941245e-06
 2.2136698273334e-06
2.19658412081714e-06
2.17929357126945e-06
2.16180116624498e-06
2.14410990673208e-06
2.12622280720831e-06
2.10814289486327e-06
2.08987320898801e-06
2.07141680114153e-06
2.05277673398507e-06
2.03395608161516e-06
2.01551837203384e-06
 1.9972085165687e-06
1.97872367718732e-06
1.96006687452899e-06
1.94124113878091e-06
1.92224950956721e-06
1.90309503511621e-06
1.88378077248252e-06
1.86430978671437e-06
1.84468515079805e-06
1.82569833695467e-06
1.80662974347268e-06
1.78741307632624e-06
 1.7680513424434e-06
1.74854755502496e-06
1.72890473354448e-06
1.70912590308214e-06
1.68921409393619e-06
1.66935663253875e-06
1.65003795210561e-06
1.63059181318426e-06
1.61102117057776e-06
1.59132898314152e-06
1.57151821378321e-06
1.55159182835263e-06
 1.5315527953641e-06
1.51179150587044e-06
1.49237804647484e-06
1.47285726259661e-06
1.45323203959435e-06
1.43350526449204e-06
1.41367982575691e-06
1.39375861274438e-06
1.37421102885948e-06
1.35493972636125e-06
1.33557774656401e-06
1.33610608837875e-06
1.34219300369776e-06
1.34812080425373e-06
1.35385494179352e-06
1.35939549836261e-06
1.36474258016772e-06
1.36989631716045e-06
1.37485686343974e-06
1.37962439653028e-06
1.38419911753507e-06
1.38858125131591e-06
1.39277104574398e-06
1.39676877206063e-06
1.40057533215554e-06
1.40440260208707e-06
1.40803782860965e-06
1.41148135110458e-06
1.41473353161559e-06
1.41779475487658e-06
  1.420665428159e-06
1.42334598081384e-06
1.42583686466025e-06
1.42813855336099e-06
1.43025154246412e-06
 1.4321763493752e-06
1.43391351302424e-06
 1.4356103935631e-06
1.43719144352072e-06
1.43858562312582e-06
1.43979353242618e-06
1.44081579243893e-06
1.44165304494237e-06
1.44230595229555e-06
1.44277519757707e-06
1.44306148409934e-06
1.44316553520041e-06
1.44308809434113e-06
1.44298663305731e-06
 1.4427759138097e-06
1.44238503207994e-06
1.44181478474448e-06
1.44106598817806e-06
1.44013947792065e-06
 1.4390361081501e-06
1.43775675216784e-06
1.43630230163561e-06
1.43472567411262e-06
 1.4331652310462e-06
1.43143141054236e-06
1.42952515071182e-06
1.42744740760925e-06
1.42519915477535e-06
1.42278138333396e-06
1.42019510163127e-06
1.41753635772568e-06
1.41487375600324e-06
1.41204462802969e-06
1.40905002174452e-06
 1.4058910016157e-06
1.40256864820942e-06
 1.3990997443647e-06
  1.395730303555e-06
1.39219965505921e-06
 1.3885089132637e-06
1.38465920827835e-06
 1.3807006396388e-06
1.37683230208574e-06
1.37280718250088e-06
1.36862643944358e-06
 1.3644799566892e-06
1.36030749367522e-06
1.35601182213452e-06
1.35187193334163e-06
1.34762275971756e-06
1.34353944455934e-06
1.33946965630294e-06
1.33547716615889e-06
1.33173054372993e-06
1.32822218398831e-06
1.32523121537664e-06
1.32348635356605e-06
  1.323646327267e-06
1.32521297058208e-06
1.32786285717001e-06
1.33143908320754e-06
1.33556068249163e-06
1.34034735493893e-06
1.34537272411528e-06
1.35076926888189e-06
1.35620777064194e-06
1.36223689267689e-06
1.36806940220779e-06
1.37416368933829e-06
1.38063962518142e-06
1.38691475864983e-06
1.39298913570673e-06
1.39987535929809e-06
1.40658998193377e-06
1.41309952950142e-06
1.41940403691754e-06
 1.4261980898489e-06
1.43312849959498e-06
1.43984958433929e-06
1.44636137067167e-06
 1.4526639118273e-06
1.45909270538036e-06
1.46599071071396e-06
1.47267538169737e-06
1.47914676723593e-06
1.48540494271376e-06
1.49145001049344e-06
1.49728209980493e-06
1.50355767908339e-06
1.50993573416747e-06
1.51609708931577e-06
1.52204187447991e-06
1.52777024642337e-06
1.53328238883255e-06
1.53857851242778e-06
1.54365885407515e-06
1.54917152139777e-06
1.55473849289267e-06
1.56008651469586e-06
1.56521583000169e-06
 1.5701267088164e-06
1.57481944779159e-06
1.57929436989113e-06
1.58355182444669e-06
1.58759218699123e-06
1.59201599708725e-06
 1.5964811294622e-06
1.60072667387823e-06
1.60475301663743e-06
1.60856057007663e-06
1.61214977262292e-06
1.61552108868257e-06
 1.6186750081415e-06
1.62161204642075e-06
1.62433274464302e-06
1.62741810927347e-06
1.63050471735371e-06
 1.6333732412166e-06
1.63602423552955e-06
1.63845828016207e-06
1.64067598046325e-06
1.64267796598505e-06
1.64446489159253e-06
1.64603743646463e-06
1.64739630365007e-06
1.64854222067801e-06
1.65005683699926e-06
1.65151678688247e-06
1.65276284580518e-06
1.65379575645108e-06
1.65461628537367e-06
1.65522522288519e-06
1.65562338255709e-06
1.65581160127548e-06
1.65579073885258e-06
1.65556167808223e-06
1.65512532424028e-06
1.65448260480705e-06
1.65427971221543e-06
 1.6539097006385e-06
1.65333319812611e-06
1.65255114659146e-06
1.65156451015225e-06
1.65037427463099e-06
1.64898144722203e-06
1.64738705676903e-06
1.64559215282134e-06
1.64359780607803e-06
 1.6414051076663e-06
  1.639015169419e-06
 1.6366662197731e-06
1.63452130097497e-06
1.63217980481134e-06
1.62964285438383e-06
1.62691159261152e-06
1.62398718200896e-06
1.62087080457507e-06
1.61756366140464e-06
1.61406697268829e-06
1.61038197721286e-06
1.60650993236144e-06
1.60245211361376e-06
 1.5982098147127e-06
1.59404584476608e-06
 1.5900342331121e-06
1.58583950471414e-06
1.58146295914374e-06
1.57690591356952e-06
1.57216970214646e-06
1.56725567601601e-06
1.56216520302843e-06
1.55689966724326e-06
1.55146046915133e-06
1.54584902506416e-06
1.54006676672536e-06
1.53411514119961e-06
1.52799561126127e-06
1.52170965411758e-06
1.51525876163072e-06
1.50864444037335e-06
1.50186821090692e-06
1.49493160722658e-06
1.48783617753834e-06
1.48058348314883e-06
1.47317509863187e-06
1.46561261138434e-06
1.45844874682721e-06
1.45121445632723e-06
1.44382809519339e-06
1.43629123244837e-06
1.42876292635874e-06
1.42143462639188e-06
1.41395839975411e-06
1.40633580902882e-06
1.39856842845676e-06
1.39065784371395e-06
1.38260565174519e-06
1.37441346037548e-06
1.36608288819895e-06
1.35761556441238e-06
1.34901312803803e-06
1.34027722853425e-06
1.33143829511573e-06
1.32293337373746e-06
1.31429785937831e-06
1.30553338600903e-06
1.29664159714826e-06
1.28762414486339e-06
1.27848269015907e-06
1.26921890247766e-06
1.25983445936617e-06
1.25033104658723e-06
1.24071035745299e-06
1.23097409276962e-06
1.22130654589547e-06
1.21182737911063e-06
1.20223567223743e-06
1.19253310237877e-06
1.18272135302133e-06
1.17280211420212e-06
1.16277708267498e-06
1.15264796080039e-06
1.14241645698954e-06
1.13208428498268e-06
1.12165316346058e-06
1.11142661224362e-06
1.10127908259372e-06
1.09103569800872e-06
1.08069814619416e-06
1.07026811868582e-06
1.05974731212655e-06
1.04913742698942e-06
1.03844016774435e-06
1.02765724219189e-06
1.01679036190738e-06
1.00627682120269e-06
9.95718352214681e-07
9.85078997262079e-07
9.74360429562005e-07
9.63564324885091e-07
9.52692361833041e-07
9.41746220950446e-07
  9.307275852799e-07
9.19745981708964e-07
9.09056086628723e-07
8.98296726170589e-07
  8.874695398009e-07
8.76576168373777e-07
8.65618254131117e-07
 8.5459744031402e-07
8.43515370996251e-07
8.32597574218497e-07
8.21861986188832e-07
8.11068056105757e-07
8.00217380303447e-07
7.89311555449146e-07
7.78352178487651e-07
7.67340845753139e-07
7.56549799307837e-07
7.45898221965469e-07
 7.3519747240125e-07
 7.3700996199022e-07
7.40356462358704e-07
7.43660188179396e-07
7.46857064290452e-07
7.49947133241169e-07
7.52930450709233e-07
7.55807085389693e-07
7.58577119064352e-07
7.61240646560135e-07
7.63797775568675e-07
7.66248626632438e-07
7.68593333075329e-07
7.70832040891678e-07
 7.7296490876011e-07
7.75045259804319e-07
7.77082477518287e-07
 7.7901391223878e-07
7.80839760280982e-07
7.82560230422336e-07
 7.8417554366661e-07
7.85685933216151e-07
7.87091644541271e-07
7.88392934963911e-07
7.89590074087854e-07
7.90683343035448e-07
7.91673035113738e-07
7.92561531334779e-07
7.93463902623581e-07
7.94263145781349e-07
7.94959587754884e-07
7.95553566967921e-07
7.96045433210102e-07