43.7451356613575
43.7706478052735
43.8603764013776
44.0837720388704
44.4077637778837
44.8561088746126
45.4243259231722
46.1256126392387
46.9662037640956
47.9597983857309
49.1179368668481
50.4415921820616
51.9242374198319
53.5613122562128
55.3449070139729
57.2657291593722
 59.310401678139
61.4623785952125
63.6978210110062
66.0006281813113
68.3806223525785
70.8495349600911
73.4213461212343
76.1124670564506
78.9422562755126
 81.933492442245
85.1130776723912
88.5118523647974
92.1557750536654
96.0642938081329
100.261300591737
104.772520978999
109.627092301107
114.857603826221
 120.50072420032
126.598098156012
133.195335002575
140.336818963669
148.069322310558
156.444948957867
165.521107510059
175.361619108592
186.037815544027
197.630427198622
210.230376845726
223.921977831504
238.751698971791
254.755010622533
271.949822534171
290.329474206422
309.851264508967
330.418768650455
351.852196480794
 373.85390954916
396.167029890768
418.685326081543
441.309411222415
463.935139529566
486.470508841089
508.824797115222
554.214592079343
576.441840213235
597.494312526831
 617.89391434816
637.715956576292
 656.96417915306
675.626044309744
693.688445194302
711.136587916759
727.961170712928
744.120769648423
759.534954166318
774.149991446774
 787.93501186746
800.874487069847
812.963127642798
824.202267053027
834.597193751982
844.163132898587
852.992910208374
861.206459408048
868.903814396308
876.169086162789
883.073765742538
 889.67913995701
896.038089002555
902.196428275675
908.183508879911
913.996601525412
919.629105342912
925.075698759964
930.332395414641
935.396236575135
940.265113535455
 944.93761048645
949.413518713122
953.705484076069
 957.83632228804
 961.82706215717
965.696735878397
969.523030131286