         -6.99809         2.44483
         -6.49822         2.44483
         -5.99836         2.44483
         -5.49850         2.44483
         -4.99863         2.44483
         -4.49877         2.44483
         -3.99891         2.39567
         -3.50047         2.21847
         -3.00771         2.03931
         -2.52776         1.90947
         -2.06913         1.82813
         -1.63982         1.78116
         -1.24571         1.75551
         -0.88973         1.74219
         -0.57187         1.73573
         -0.28975         1.73299
         -0.03940         1.73221
          0.18394         1.73252
          0.38519         1.73364
          0.56895         1.73539
          0.73925         1.73767
          0.89946         1.74042
          1.05228         1.74360
          1.19977         1.74720
          1.34350         1.75123
          1.48463         1.75571
          1.62398         1.76064
          1.76212         1.76603
          1.89946         1.77191
          2.03627         1.77829
          2.17273         1.78518
          2.30897         1.79258
          2.44507         1.80051
          2.58108         1.80896
          2.71703         1.81795
          2.85295         1.82748
          2.98884         1.83755
          3.12472         1.84815
          3.26059         1.85928
          3.39646         1.87094
          3.53232         1.88312
          3.66818         1.89582
          3.80404         1.90902
          3.93990         1.92271
          4.07576         1.93688
          4.21162         1.95151
          4.34748         1.96658
          4.48334         1.98207
          4.61920         1.99796
          4.75506         2.01424
          4.89092         2.03086
          5.02678         2.04780
          5.16264         2.06504
          5.29849         2.08255
          5.43435         2.10028
          5.57021         2.11821
          5.70607         2.13630
          5.84193         2.15452
          5.97935         2.17303
          6.12305         2.19245
          6.28084         2.21377
          6.46214         2.23819
          6.67576         2.26675
          6.92815         2.29997
          7.22256         2.33767
          7.55898         2.37888
          7.93479         2.42187
          8.34561         2.46437
          8.78618         2.50386
          9.25111         2.53791
          9.73530         2.56465
         10.23433         2.58307
         10.74448         2.59345
         11.26278         2.59753
         11.78694         2.59828
         12.31524         2.59830
         12.84639         2.59830
         13.37947         2.59830
         13.91376         2.59830
         14.44864         2.59830
         14.98353         2.59830
