1.09572571872761
1.09548773264415
1.09539751179154
1.09533325779853
1.09527340174878
 1.0952142857114
1.09515529378578
1.09509632232893
1.09503735389006
1.09497838552895
1.09491941675012
1.09486044747027
1.09480147767567
1.09474250736432
1.09468353653619
1.09462456519155
1.09456559333073
1.09450662095403
1.09444764806173
1.09438867465405
1.09432970073117
1.09427072629318
1.09421175134011
1.09415277587184
 1.0940937998881
1.09403482338841
1.09397584637201
1.09391686883774
1.09385789078393
1.09379891220814
1.09373993310687
1.09368095347509
1.09362197330545
1.09356299258711
1.09350401130379
1.09344502943031
1.09338604692668
1.09332706372683
1.09326807971639
1.09320909468397
1.09315010819941
1.09309111924445
 1.0930321247843
1.09297311238552
1.09291400299672
1.09285077282626
1.09276534042399
1.09268737829483
1.09261589901935
1.09254736274624
1.09248058026863
1.09241499857453
1.09235030003908
1.09228627988815
1.09222279736055
1.09215975150811
1.09209706750225
1.09203468831555
1.09197256944848
1.09191067547509
1.09184897771099
1.09178745259338
1.09172608052538
1.09166484503174
 1.0916037321292
1.09154272984837
1.09148182786526
1.09142101721339
1.09136029005619
1.09129963950523
1.09123905947357
1.09117854455648
1.09111808993352
 1.0910576912876
1.09099734473759
1.09093704678183
1.09087679425049
1.09081658426521
1.09075641420467
1.09069628167507
1.09063618448469
1.09057612062194
1.09051608823634
1.09045608562187
1.09039611120248
1.09033616351928
1.09027624121931
1.09021634304564
1.09015646782855
1.09009661447776
1.09003678197544
1.08997696937002
1.08991717577058
1.08985740034187
1.08979764229984
1.08973790090756
 1.0896781754716
1.08961846533869
1.08955876989266
1.08949908855175
1.08924402794257