1.85624200115491
1.85444136806784
1.85376446206103
1.85328470002514
1.85283841349832
1.85239787409624
1.85195841663154
1.85151925657514
1.85108026187989
1.85064141026574
1.85020269793283
1.84976412419504
 1.8493256888912
1.84888739194873
1.84844923330986
1.84801121291928
1.84757333072194
 1.8471355866627
 1.8466979806862
1.84626051273676
1.84582318275833
1.84538599069433
1.84494893648753
1.84451202007985
1.84407524141201
1.84363860042323
1.84320209705067
1.84276573122862
1.84232950288748
1.84189341195217
1.84145745833979
1.84102164195613
1.84058596269005
1.84015042040482
1.83971501492346
1.83927974600402
1.83884461329544
1.83840961625531
1.83797475398622
1.83754002487839
1.83710542571595
1.83667094896636
1.83623657229838
1.83580220437917
1.83536726412181
1.83490227542624
1.83427454709204
1.83370193673701
 1.8331771298407
1.83267411072637
1.83218413711737
1.83170314224126
 1.8312287897435
1.83075957310195
1.83029445657568
1.82983269725159
1.82937374434309
1.82891717801424
 1.8284626705984
1.82800996119178
1.82755883850035
1.82710912892279
1.82666068804829
1.82621339444465
1.82576714502468
1.82532185152837
1.82487743781092
1.82443383772391
1.82399099344021
1.82354885411566
1.82310737480982
1.82266651560763
1.82222624089877
1.82178651878159
1.82134732056667
1.82090862036082
1.82047039471639
1.82003262233413
1.81959528380952
1.81915836141523
1.81872183891374
1.81828570139549
1.81784993513875
 1.8174145274874
1.81697946674383
1.81654474207463
1.81611034342761
1.81567626145875
1.81524248746769
1.81480901334022
1.81437583149675
1.81394293484647
1.81351031674634
1.81307797096419
1.81264589164551
1.81221407328395
1.81178251069441
1.81135119898811
1.81092013354994
1.81048931001888
1.80864989289022