0.984244384068497
0.985556835116719
 0.98605166333515
 0.98640291359595
0.986729880667186
0.987052791300447
0.987375050561845
0.987697231362164
0.988019430154306
0.988341663192036
 0.98866393321944
0.988986240703128
0.989308585725514
0.989630968304176
0.989953388445833
0.990275846155429
0.990598341437717
0.990920874297541
0.991243444739928
 0.99156605277014
0.991888698393737
0.992211381616662
 0.99253410244539
 0.99285686088702
0.993179656949558
0.993502490642139
0.993825361975463
0.994148270962373
0.994471217618611
0.994794201964025
0.995117224024331
0.995440283833682
0.995763381438873
0.996086516905838
0.996409690330547
0.996732901857516
0.997056151712732
0.997379440265161
0.997702768148965
0.998026136530524
0.998349547776381
0.998673007478986
0.998996532290903
0.999320190432673
0.999644416037661
0.999991259128055
 1.00045999091623
  1.0008877699596
 1.00128000220734
   1.001656118987
 1.00202264764767
  1.0023826232417
 1.00273778882801
 1.00308926810621
 1.00343783347085
 1.00378403882748
 1.00412829474391
 1.00447091410299
 1.00481214104213
 1.00515216991056
 1.00549115806679
 1.00582923476836
 1.00616650751355
 1.00650306667399
 1.00683898894983
 1.00717433999275
 1.00750917642806
 1.00784354743425
 1.00817749599155
 1.00851105987923
 1.00884427248007
   1.009177163435
 1.00950975918025
 1.00984208339131
 1.01017415735262
 1.01050600026731
 1.01083762951858
 1.01116906089129
  1.0115003087609
 1.01183138625524
 1.01216230539377
 1.01249307720809
 1.01282371184647
 1.01315421866513
 1.01348460630792
 1.01381488277618
 1.01414505549033
 1.01447513134431
 1.01480511675387
  1.0151350176994
 1.01546483976412
 1.01579458816809
 1.01612426779878
  1.0164538832384
 1.01678343878863
 1.01711293849282
  1.0174423861561
 1.01777178536349
 1.01810113949614
  1.0184304517465
 1.01983852130321