0.584069951023425
0.583171308266299
0.582833269673777
0.582593596387123
0.582370626584198
0.582150524359856
0.581930961771945
0.581711547329196
0.581492215144698
0.581272954110565
0.581053762341845
0.580834639507611
0.580615585538959
0.580396600411182
0.580177684106972
0.579958836610231
0.579740057904994
 0.57952134797524
0.579302706804822
 0.57908413437744
0.578865630676591
0.578647195685517
0.578428829387108
0.578210531763834
0.577992302797556
0.577774142469379
0.577556050759365
0.577338027646138
0.577120073106374
0.576902187114002
0.576684369639025
0.576466620645789
0.576248940090174
0.576031327915242
0.575813784043939
0.575596308366704
0.575378900719426
0.575161560842287
 0.57494428829796
0.574727082292906
0.574509941230432
0.574292861355225
0.574075831511481
0.573858806039335
0.573641494422418
0.573409153853112
0.573095436261173
0.572809277720003
 0.57254702098899
0.572295658244214
0.572050818360952
0.571810467965973
0.571573438894623
0.571338977898236
0.571106567118578
0.570875835111203
0.570646506494798
0.570418371363301
0.570191265895223
0.569965059650438
 0.56973964699365
 0.56951494113588
0.569290869883337
0.569067372531489
0.568844397548313
0.568621900815363
0.568399844271737
0.568178194854677
0.567956923662038
0.567736005283188
0.567515417259349
0.567295139644399
0.567075154644526
 0.56685544632021
 0.56663600033806
0.566416803762839
0.566197844882094
0.565979113057486
0.565760598597988
0.565542292651134
0.565324187109409
0.565106274529337
0.564888548061338
0.564671001388561
0.564453628673335
0.564236424510092
0.564019383883931
0.563802502134071
0.563585774921513
0.563369198200275
0.563152768191679
0.562936481361435
0.562720334399134
0.562504324199811
0.562288447847349
0.562072702599648
0.561857085875151
0.561641595240493
 0.56142622839931
0.561210983182313
0.560291883372399