0.681065981291918
0.680313590898245
0.680031248993084
0.679831358817356
0.679645452610488
0.679461930427603
0.679278840603728
0.679095854943545
0.678912918221853
0.678730021136057
0.678547162115155
0.678364340890842
0.678181557414455
0.677998811674373
0.677816103665178
0.677633433382464
0.677450800821938
0.677268205979253
0.677085648849959
0.676903129429476
0.676720647713052
 0.67653820369572
0.676355797372216
0.676173428736925
 0.67599109778372
 0.67580880450584
0.675626548895651
0.675444330944314
0.675262150641356
0.675080007974006
0.674897902926207
0.674715835477167
0.674533805599005
0.674351813253117
0.674169858384059
0.673987940909179
0.673806060700174
0.673624217548629
0.673442411097554
 0.67326064069182
0.673078905004115
0.672897200900716
0.672715519054986
0.672533821260884
0.672351864251029
0.672157315888406
0.671894617372868
0.671654959868704
0.671435289727029
 0.67122471739456
  0.6710195838957
0.670818187331139
0.670619550048845
0.670423041682522
0.670228228878411
0.670034800821942
0.669842527095352
0.669651232076498
  0.6694607787096
0.669271057873352
 0.66908198120306
0.668893476104003
0.668705482193815
0.668517948703331
0.668330832537888
0.668144096805461
0.667957709681977
0.667771643524845
0.667585874172177
0.667400380382926
0.667215143385368
 0.66703014650963
  0.6668453748862
0.666660815196602
0.666476455465774
0.666292284888077
0.666108293680583
 0.66592447295871
0.665740814630139
 0.66555731130385
 0.66537395621181
0.665190743141295
0.665007666376216
0.664824720645958
0.664641901080592
0.664459203171494
0.664276622736691
0.664094155890299
0.663911799015466
0.663729548740327
 0.66354740191649
0.663365355599879
0.663183407033578
0.663001553632417
0.662819792969095
0.662638122761771
0.662456540862804
0.662275045248426
0.662093634009375
0.661912305342606
0.661137805409053