0.00298809071846972
0.00298679286305083
0.00298630091796688
0.00298595058645978
0.00298562425231048
0.00298530197019995
0.00298498038204833
0.00298465892279328
0.00298433749729849
0.00298401608953604
0.00298369469680541
0.00298337331865306
0.00298305195500458
0.00298273060584949
0.00298240927118808
0.00298208795102236
0.00298176664535452
0.00298144535418668
0.00298112407752078
 0.0029808028153585
0.00298048156770126
0.00298016033455006
0.00297983911590541
0.00297951791176718
0.00297919672213434
0.00297887554700475
0.00297855438637469
0.00297823324023836
0.00297791210858703
0.00297759099140795
 0.0029772698886825
0.00297694880038373
0.00297662772647213
0.00297630666688921
0.00297598562154672
0.00297566459030823
0.00297534357295655
0.00297502256913275
0.00297470157821496
0.00297438059905362
0.00297405962930909
0.00297373866344222
0.00297341768494397
0.00297309662617641
0.00297277505710879
 0.0029724310892657
0.00297196637439513
0.00297154232624396
0.00297115356592796
0.00297078083584811
0.00297041766616247
0.00297006104806018
0.00296970925334859
0.00296936116782453
0.00296901602557021
0.00296867327728783
0.00296833251579647
0.00296799343077264
0.00296765578005954
0.00296731937087226
0.00296698404710936
0.00296664968053844
0.00296631616450797
0.00296598340935336
0.00296565133897062
0.00296531988821509
0.00296498900089617
 0.0029646586282108
0.00296432872750504
0.00296399926128481
0.00296367019641803
0.00296334150348531
 0.0029630131562473
0.00296268513120415
0.00296235740722867
  0.002962029965259
0.00296170278803939
 0.0029613758599005
0.00296104916657201
0.00296072269502196
0.00296039643331835
0.00296007037050971
0.00295974449652137
0.00295941880206515
 0.0029590932785602
0.00295876791806357
0.00295844271320885
0.00295811765715234
0.00295779274352517
 0.0029574679663909
0.00295714332020751
0.00295681879979356
0.00295649440029793
0.00295617011717258
0.00295584594614805
0.00295552188321156
0.00295519792458714
0.00295487406671738
0.00295455030624689
0.00295422664000769
0.00295284358488937