1.07846188513707
1.07966542269396
1.08011853851523
1.08043991685101
1.08073899300552
1.08103431778357
1.08132901357481
1.08162360563917
1.08191818238813
1.08221275871301
1.08250733712251
1.08280191803817
1.08309650152952
 1.0833910876067
1.08368567626987
1.08398026751758
1.08427486134821
1.08456945776021
1.08486405675222
1.08515865832306
1.08545326247184
1.08574786919803
1.08604247850156
1.08633709038293
 1.0866317048435
1.08692632188562
1.08722094151307
1.08751556373162
1.08781018854962
1.08810481597922
1.08839944603787
1.08869407875074
1.08898871415449
1.08928335230322
1.08957799327842
1.08987263720575
1.09016728428511
1.09046193484662
1.09075658946195
1.09105124918748
1.09134591617259
1.09164059550443
1.09193530234208
1.09223009880688
1.09252538030504
 1.0928412203576
1.09326800255416
1.09365743332451
1.09401444978187
1.09435675117788
1.09469028354443
1.09501781193972
1.09534092448679
1.09566064505546
1.09597767745095
1.09629252641363
1.09660556608586
1.09691708160449
 1.0972272954668
 1.0975363848023
1.09784449303267
 1.0981517379717
1.09845821760367
1.09876401430463
1.09906919799082
1.09937382850891
1.09967795747872
1.09998162973264
1.10028488445346
1.10058775608324
1.10089027505645
1.10119246839664
  1.101494360206
1.10179597206998
1.10209732339424
1.10239843168694
  1.102699312797
 1.1029999811161
1.10330044975096
1.10360073067072
1.10390083483389
1.10420077229817
1.10450055231582
1.10480018341686
1.10509967348173
1.10539902980493
1.10569825915115
1.10599736780494
1.10629636161473
1.10659524603194
1.10689402614569
1.10719270671392
1.10749129219119
 1.1077897867536
1.10808819432137
1.10838651857908
1.10868476299405
1.10898293083278
1.10928102517573
1.10957904893116
 1.1108530187953