581.636443116336
581.637404374216
581.637376449121
581.635422721924
581.631654061505
581.625707225836
581.617510488069
581.606898782787
581.593762688204
581.577892503511
581.559028442168
581.537019572633
581.511763918351
581.483073216812
581.450780828817
581.414735366995
581.374876586494
581.331245497222
581.284095669466
581.233585164134
581.179323169297
581.120847005373
581.057597559137
580.988896144855
580.913909491079
580.831611083644
580.740729763527
580.639716694251
580.526981294249
580.400952646301
580.259725489436
580.101101891297
579.922491614887
579.720850475448
579.492583754364
579.233418244558
578.938334712583
578.601698027761
578.217000780806
577.776574700528
577.271398036258
576.690802053534
576.022115556921
575.250178873099
574.356823320169
573.321614477219
572.124231027631
 570.74274441767
569.154305151273
 567.33619124925
565.267754897531
562.933794640167
560.330548305896
557.474205015776
554.384046052231
551.064716541793
547.523008276355
543.769707893926
539.816943663569
  535.6798154992
526.595582036937
521.801545444497
517.043709446648
512.226202713963
507.344144319152
502.408346288081
 497.43393695776
492.436771526576
487.433795107228
482.440963345891
477.484689562446
472.605621838776
467.838696165345
463.213006368447
458.753211917706
454.480533472437
450.413509733196
446.568611156259
442.957705769254
439.561360284998
436.346185214104
 433.28310415995
430.346657299449
427.514326912499
424.766040464535
422.083798989114
  419.4514026948
416.858785054746
414.309381692397
411.808416775539
409.360673962156
406.970428867101
404.641548412399
402.377539765558
400.181595762349
  398.0563254981
395.998108974899
393.998106261133
392.047909014438
390.139702301657
 388.23295853735