                   0
0.000329367748803655
0.000403585900566883
 0.00120316279507943
 0.00180552745203566
 0.00223877786880311
 0.00238190552074036
 0.00226259401961548
 0.00196569398021329
 0.00159239199805361
 0.00156803072361966
 0.00162816514213815
 0.00152891457734605
 0.00154158048365094
 0.00161180922791848
 0.00167822949889995
 0.00174143103731894
 0.00180152909965736
 0.00185893388253366
 0.00191393402473716
 0.00196671364677448
 0.00201740981123133
 0.00206615245245456
 0.00211307233887204
 0.00215829556061853
 0.00220264756049349
 0.00224598548966282
 0.00228794626927065
 0.00232859374657934
 0.00236798582938658
 0.00240618091189404
  0.0024432428847716
 0.00247924328706062
 0.00251430588202495
 0.00254958555354445
 0.00258411408083359
 0.00261800260649614
 0.00265136707977942
 0.00268432512339722
 0.00271887429096163
 0.00275329272055136
 0.00278826255771669
 0.00282460461188383
 0.00286089169022596
 0.00289816989167413
 0.00293591637912494
 0.00297340211190922
 0.00301054734165129
 0.00304724477345664
 0.00308335973826357
 0.00311873324782597
 0.00315318798439068
 0.00318653679893499
 0.00321859284897807
 0.00324918018240616
 0.00327988441023819
 0.00330992080633119
 0.00333839121247292
 0.00336514520250897
 0.00339109080597644
 0.00341756585254638
 0.00344220153088615
 0.00346489683378004
 0.00348735624579044
 0.00350987884614029
  0.0035303611373263
 0.00354876272746307
 0.00356869176410091
 0.00358698184161765
 0.00360312372905525
 0.00361904613074859
 0.00363512282302114
 0.00364898755015552
 0.00366090914183004
    0.00367469357201
 0.00368620648062423
 0.00369548423395272
 0.00370495026711692
 0.00371402344224547
 0.00372086086453294
 0.00372551061210236
 0.00373120423706519
  0.0037355894607165
 0.00373775178945812
 0.00373767239649458
 0.00373854073291158
 0.00373804988825044
 0.00373517344023044
 0.00372973867087278
 0.00372472090790632
 0.00371866403286836
 0.00370967353178231
 0.00371695449651077
 0.00371800657669907
 0.00377050092611642
 0.00372546190750578
 0.00380337427906552
 0.00379585317251308
 0.00381712953424906
 0.00384703306021983
 0.00381365537616274
 0.00387450573354653
 0.00383358332208639
 0.00387458265269891
 0.00386967686208139
 0.00385933407176298
  0.0038897181235733
 0.00382988930974193
 0.00389420316526889
 0.00386191838935002
 0.00388419466528633
 0.00388557588299099
 0.00386096531206337
  0.0038946889208249
 0.00383414798225834
 0.00389012830117741
 0.00386059593266763
 0.00387305819786454
 0.00387315768707297
 0.00384491228938977
 0.00387281348319668
 0.00380934109506104
 0.00386059819104845
 0.00382305283052342
 0.00383718573875402
 0.00382324465617612
 0.00380298730900863
  0.0038104955797329
 0.00375971031676459
 0.00378603711097303
 0.00372446429512219
  0.0037507173075273
  0.0037055717859058
 0.00370533151587416
 0.00367385549678079
 0.00365055088698973
 0.00362938846692562
 0.00358601379662193
 0.00357241180966206
 0.00351281794602465
  0.0035036717633552
 0.00343289574945271
 0.00342527539706539
 0.00334869495250145
 0.00333998801494806
 0.00326060145472162
 0.00324792673588647
 0.00316855420006257
  0.0031502647666366
 0.00307356697562722
  0.0030478187850167
 0.00297591897623684
 0.00294068559753713
 0.00287481749813456
 0.00282883379383581
 0.00276306918264857
  0.0027001726000353
 0.00256736880307562
  0.0024574647118063
 0.00244809118019496
 0.00237791945916821
 0.00235134769675471
 0.00229182935546235
 0.00224818779754776
 0.00219918678321585
 0.00213871309816827
 0.00210156966158848
 0.00203037678400486
 0.00199899976970908
 0.00194214484937982
 0.00189101458134222
 0.00184864241090332
 0.00177891446884693
 0.00174981317555778
  0.0016953448646051
 0.00164530280476027
  0.0016054962540647
 0.00154192292282362
 0.00150925800051815
 0.00146070796964315
 0.00140707408996599
 0.00137314489801543
 0.00131749045745921
 0.00128014825185041
  0.0012393594429988
  0.0011823074156031
 0.00115587398915984
 0.00110848067731695
  0.0010678038689137
 0.00103505037143137
0.000982582513219477
0.000957460841779278
0.000921782675935234
 0.00087780068402421
0.000860148678273664
 0.00083984833609696
0.000819980108095697
0.000801243109517236
0.000784825268822842
0.000770541096678179
0.000782915321793476
0.000793525012049212
0.000795647089021301
0.000820758747922035
0.000840061926808411
 0.00084924856371682
0.000882579001779848
0.000893065351561861
0.000920664396726723
0.000938088284233474
0.000952495220295668
0.000975884638611035
 0.00097691070494621
 0.00100588391305806
 0.00100383750722177
 0.00102801520029061
 0.00103043459444319
 0.00104243123154707
 0.00105012575094937
 0.00104935391515637
 0.00106308528746984
 0.00104903930605871
0.000978970936853785
0.000849911277612359
0.000716265785012216
0.000699936494756248
 0.00069419779734764
0.000659502176988735
0.000667065465267236
0.000650714891639315
0.000635648894612983
0.000638057699730743
0.000600498894310242
0.000504960836772095
0.000373901451224956
0.000243437699602334
  0.0002587888290706
0.000283004506226869
0.000302667272872703
0.000324036795737503
0.000342464288003552
0.000359606328326545
 0.00037706761784162
0.000388707346830774
0.000405443162383945
 0.00041148507144545
0.000426878154895283
 0.00043181128027453
0.000440841113666379
0.000444841347926828
0.000447166307136704
0.000450357184631156
0.000446122417686434
0.000448410088910611
 0.00044141473317183
0.000439482475365183
0.000432096690487771
0.000420047637351428
 0.00040691615324101
 0.00039520643255142
0.000386061365182377
0.000379505403081293
0.000376635120953983
0.000387175275252005
0.000397631399565057
0.000408236710075505
0.000418790320502849
0.000429221904308719
0.000439793580089276
0.000450304920638356
0.000460727272997286
0.000471190426525103
0.000481638710208232
0.000491995533473455
0.000502258708269476
0.000512616621808792
0.000522916028399267
 0.00053309135618651
0.000543169149095357
0.000553249918213927
0.000563362830275027
0.000573352596037635
0.000583220858789035
0.000592986228257875
0.000602766175672675
0.000612554494484829
0.000622195220967292
0.000631726397874344
0.000641149844929245
0.000650484500581472
0.000659897450675961
0.000669174979966991
0.000678342168459523
0.000687397313830607
0.000696331902307223
0.000705136941754336
0.000714030358768047
0.000722809217519327
0.000731472072336814
0.000740017528337189
0.000748444250458613
0.000756750972184417
 0.00076507625606359
0.000773375448777758
0.000781553081543596
0.000789607925294256
0.000797538835980882
0.000805344754517767
0.000813024704530596
0.000820675213712763
0.000828335501675159
0.000835868245902427
0.000843272533999739
0.000850547525405476
0.000857692443532621
 0.00086470656671489
 0.00087158921823316
0.000878442633140297
0.000885292185685449
 0.00089200874389106
0.000898591652505276
0.000905040280438918
0.000911354010274978
0.000917532228099427
0.000923574313968167
  0.0009294796333017
0.000935359662658231
0.000941218003840616
0.000946938154549049
0.000952519455595047
0.000957961221772052
 0.00096326273772096
0.000968423255570672
0.000973441994469137
0.000978318142058177
0.000983050857875423
0.000987705177109666
0.000992379496310036
0.000996909178061056
 0.00100129337182886
 0.00100553121372804
 0.00100962183510056
 0.00101356437242384
 0.00101735797829283
 0.00102100183319798
 0.00102449515778891
  0.0010278372253083
 0.00103102737387117
 0.00103421792248715
 0.00103734267645095
 0.00104031475873412
 0.00104313361769282
 0.00104579879039579
 0.00104830991225757
 0.00105066672537091
 0.00105286908532909
 0.00105491696638693
 0.00105681046483452
 0.00105854980052134
 0.00106013531651206
 0.00106158350552121
 0.00106309869606447
 0.00106445998751159
 0.00106566788217188
 0.00106672299791666
 0.00106762606245825
  0.0010683779061913
 0.00106897945379592
 0.00106943171481744
 0.00106973577345992
 0.00106989277784186
 0.00106990392897011
 0.00106977046968049
 0.00106949367379805
 0.00106907483573138
 0.00106866477290701
 0.00106817033793849
 0.00106753458584996
 0.00106675884273644
 0.00106584443574698
 0.00106479268543902
 0.00106360489923896
 0.00106228236608752
 0.00106082635231375
 0.00105923809875419
   0.001057518819092
 0.00105566969936621
 0.00105369189857729
 0.00105158655027804
 0.00104935476503143
 0.00104699763359828
 0.00104451623070267
 0.00104200394817799
  0.0010394553250197
   0.001036783897157
 0.00103399075020949
 0.00103107696336857
  0.0010280436138459
 0.00102489178125942
 0.00102162255182336
 0.00101823702222714
 0.00101473630309967
 0.00101112152197813
 0.00100739382571957
  0.0010035543823117
0.000999604382055264
0.000995545038123824
 0.00099137758650758
0.000987103285372326
0.000982723413883502
0.000978239270549297
0.000973766170035306
0.000969245542064234
0.000964622898734557
0.000959899568816924
0.000955076894421314
0.000950156228320287
 0.00094513893111281
0.000940026368318359
0.000934819907466355
0.000929520915252668
0.000924130754830887
0.000918650783282127
 0.00091308234932086
0.000907426791263877
0.000901685435290789
0.000895859594009396
0.000889950565339692
0.000883959631702069
0.000877926535625129
0.000871944047985407
0.000865882223401337
0.000859742314145429
 0.00085352555581486
0.000847233167429406
0.000840866351748959
0.000834426295768242
0.000827914171360744
0.000821331136033221
0.000814678333756591
0.000807956895842121
0.000801167941824499
0.000794312580335133
0.000787391909928825
0.000780407019851603
0.000773432088781556
0.000766507164031038
0.000759520446785844
0.000752472990793951
0.000745365841706258
0.000738200037551096
0.000730976609106371
0.000723696580168465
 0.00071636096772143
0.000708970782010709
 0.00070152702653381
0.000694030697953929
0.000686482785952069
0.000679087439479975
0.000671646131065184
0.000664155313015113
0.000656615934813143
0.000649028938737306
0.000641395259617372
0.000633715824592596
0.000625991552870575
0.000618223355509651
0.000610613439723462
0.000602984842243748
0.000595314043079886
 0.00058760191370566
0.000579849317770886
0.000572057111044577
0.000564226141417157
0.000556587401870257
0.000548916337990146
0.000541207948177913
0.000533463049355865
0.000525682451755216
0.000517866959173219
0.000510241894396746
 0.00050259813044784
0.000494920738008942
 0.00048721050398548
0.000479468210624834
0.000471775229519578
0.000464207120158378
0.000456608241239387
0.000448979373898206
0.000441321296461794
0.000433634785108827
0.000425965715297183
0.000418445029682246
0.000410897560251922
0.000403324097148161
0.000395725429995775
0.000388102348690023
0.000380455644201083
0.000372786109384737
0.000365094539782396
0.000357381734399587
0.000349648496452026
0.000342024815197295
0.000334444077377816
 0.00032684559752405
 0.00031923019879887
0.000311598709095806
0.000303951961538873
0.000296290794902676
0.000288616053939483
0.000280928589614149
0.000273229259240892
 0.00026551892652571
0.000257798461511749
0.000250068740435871
 0.00024233064549839
0.000234585064560866
0.000226832890773299
0.000219075022149573
0.000211312361098059
0.000205712765462773
0.000200313383220685
0.000194905767555098
 0.00018966477291793
0.000184494921716905
0.000179339135085499
0.000174400472151892
0.000169455183895106
0.000164674606773385
0.000159953844728888
0.000155375171018601
0.000150870779027312
0.000146570569920401
0.000142394547194225
0.000138391475287825
0.000134600990748468
0.000131877453651397
0.000129307158334924
0.000131069823264385
 0.00013756298614509
 0.00014419597799864
0.000150783133653576
0.000157447106428066
0.000164147011851856
 0.00017079827012445
0.000177567275097434
0.000184321148678723
0.000191023578328453
0.000197813827823135
0.000204608545531615
0.000211349048240717
 0.00021808105396004
0.000224903359927531
0.000231668714872901
0.000238376241154858
0.000245105943743829
0.000251882819311877
0.000258599169364437
0.000265254127802539
0.000271883367656933
 0.00027859509932382
0.000285242790344142
0.000291825588099925
0.000298342655787431
0.000304874158659985
 0.00031143351099483
0.000317924541510584
0.000324346429999123
 0.00033069837348676
0.000336993830866827
 0.00034337345976998
0.000349680625050253
0.000355914543915814
0.000362074452243455
0.000368159604974494
0.000374169276483149
0.000380249463112881
0.000386268746082274
0.000392210135259363
0.000398072931460103
0.000403856456283602
0.000409560052408997
0.000415183083866788
0.000420827325631423
0.000426442127662296
 0.00043197410479201
0.000437422654358866
 0.00044278719625046
0.000448067173091982
0.000453262050402747
0.000458371316730322
0.000463394483749546
0.000468455276082969
0.000473449902129053
 0.00047835641911198
0.000483174380772278
0.000487903364838393
0.000492542973042465
0.000497092831115209
0.000501552588753951
 0.00050592191957044
0.000510200521011805
0.000514388114268405
0.000518568908205008
0.000522706657235528
0.000526751796574576
0.000530704098047563
0.000534563357562634
0.000538329394945469
0.000542002053750323
0.000545581201063072
0.000549066727286274
0.000552458545908241
0.000555756593262346
0.000558960828273447
0.000562071232195871
0.000565087808334974
0.000568103635968598
0.000571050178536092
0.000573901917288122
0.000576658911496386
 0.00057932124222182
0.000581889011994408
0.000584362344488998
0.000586741384190237
0.000589026296057504
0.000591217265180299
0.000593314496433184
0.000595318214123397
0.000597228661640026
 0.00059904610109407
 0.00060077081296428
0.000602403095734338
0.000603943265533813
0.000605431712001225
0.000606888438130504
0.000608252914250818
0.000609525510078868
0.000610706612181877
0.000611796623596339
0.000612795963450763
0.000613705066588199
 0.00061452438318943
0.000615254378399044
0.000615895531953514
0.000616448337809938
0.000616913303777444
0.000617290951151928
0.000617581814352564
0.000617786440559875
 0.00061790538935913
0.000617939232385289
0.000617888552969958
0.000617753945792332
0.000617536016534359
0.000617235381537906
0.000616878794141851
0.000616495772554071
0.000616030893291208
0.000615484812084954
0.000614858194217138
0.000614151714179334
0.000613366055333575
0.000612501909577068
0.000611559977014897
0.000610540965631179
0.000609445590967761
0.000608274575804701
0.000607028649847408
0.000605708549414219
0.000604315017132206
0.000602848801633193
0.000601310657257326
0.000599701343758863
0.000598021626016187
0.000596272273747811
0.000594454061231042
0.000592567767024876
 0.00059061417370021
0.000588594067570058
0.000586508238427763
0.000584357479288089
0.000582142586132539
0.000579928589173662
0.000577655922732623
0.000575320757756792
0.000572923905060696
  0.0005704661773831
0.000567948389151862
0.000565371356250566
0.000562735895788702
0.000560042825880291
0.000557292965424283
0.000554487133890502
0.000551626151110707
0.000548710837074529
0.000545742011728745
0.000542720494782989
0.000539647105519903
0.000536522662606842
0.000533347983917576
0.000530123886352207
 0.00052685118566842
0.000523530696310504
0.000520163231248816
0.000516749601818134
0.000513290617565332
0.000509787086097502
0.000506239812937626
0.000502717658050544
 0.00049915312401061
0.000495546726422269
0.000491899264543072
0.000488211534883876
0.000484484331081392
0.000480718443779393
0.000476914660509475
0.000473073765579368
0.000469196539963246
0.000465283761198698
0.000461336203283258
0.000457354636578033
0.000453339827716004
0.000449292539508317
0.000445213530862354
0.000441103556696687
0.000436963367862919
0.000432793711069523
 0.00042859532881101
0.000424408573418855
0.000420231891903322
0.000416028252425704
0.000411798379966077
0.000407542994960597
0.000403262813251537
 0.00039895854603067
0.000394630899794857
0.000390280576297419
0.000385908272505509
0.000381514680559691
0.000377100487736426
0.000372666376414754
0.000368213024039221
0.000363741103094561
0.000359307266865727
   0.000354889246307
0.000350454208121187
0.000346002801987932
0.000341535672523374
0.000337053459258607
0.000332556796629468
0.000328046313960106
0.000323522635454765
0.000318986380187347
0.000314438162093866
0.000309977796350225
0.000305506880535322
0.000301025347811068
0.000296533787200515
0.000292032782624574
0.000287522912902016
0.000283004751753912
0.000278478867811183
0.000274004286177965
0.000269571856057249
0.000265132900176379
 0.00026068796169687
0.000256237578804663
 0.00025178228471967
0.000247322607713096
 0.00024285907111965
0.000238490015282533
0.000234134384123674
0.000229775954485367
0.000225415224619718
0.000221052688011314
0.000216688833390322
0.000212324144754472
0.000208036802606726
0.000203793859109513
0.000199551062949999
0.000195396269394577
0.000191853678902287
0.000188309487423322
0.000184763980377589
0.000181217440460291
 0.00017767014773562
0.000174122379724029
0.000170574411492597
 0.00016702651574052
 0.00016347896288571
0.000159932021150055
0.000156385956641136
0.000152841033435047
0.000149297513655888
0.000145755657552815
0.000142215723577754
0.000138677968461565
0.000135142647283981
0.000131610013547112
0.000128080319244939
0.000124553814928818
0.000121030749774098
0.000117511371642731
0.000113995927146338
0.000110484661703047
0.000106977819597232
0.000103475644031903
9.99783771837848e-05
9.64862602534922e-05
9.29995335128275e-05
8.95184363525203e-05
8.60432073273021e-05
8.25740841956524e-05
7.91113039615432e-05
7.56551029117425e-05
7.27707975500813e-05
7.10824855943981e-05
6.97345493257395e-05
  6.842322603412e-05
6.71362006838816e-05
6.58891128564876e-05
6.46587542414978e-05
6.34503470873238e-05
6.22779056844158e-05
 6.1129620558209e-05
6.00100054329311e-05
5.89228242566242e-05
 6.2319573193248e-05
 6.5965259578471e-05
6.96479415602802e-05
7.33089674309628e-05
 7.6948056251247e-05
  8.056493000419e-05
8.42189416991879e-05
8.78519115177223e-05
9.14614755718191e-05
9.50473682552744e-05
9.86093269133015e-05
0.000102204176103182
0.000105774356668142
0.000109319499291827
0.000112839354097005
0.000116333674158975
0.000119802215492681
0.000123294439067667
0.000126762913831957
0.000130204608428386
0.000133619291803333
0.000137006735819289
0.000140366715245088
0.000143699007741693
0.000147023240230526
0.000150347037886078
0.000153642264531406
0.000156908710663206
0.000160146169627007
0.000163354437602736
0.000166533313594508
0.000169682599417076
0.000172802099684732
 0.00017589162179843
0.000178985981852176
0.000182057648062672
 0.00018509860207816
0.000188108663689679
0.000191087655413869
0.000194035402481418
0.000196951732826411
0.000199836477073445
0.000202689468528972
0.000205510543168641
0.000208299539628198
0.000211056299194601
0.000213793062065371
0.000216523218051767
0.000219220571461509
 0.00022188497522091
0.000224516284838883
0.000227114358401392
0.000229679056559684
0.000232210242526509
0.000234707782065247
0.000237171543484127
0.000239601397629796
0.000241997217881096
0.000244358880142626
0.000246686262842077
0.000248979246923353
0.000251237715842567
0.000253461555565826
0.000255673997974215
0.000257863193365182
0.000260017401059409
0.000262136517592326
0.000264220441957619
0.000266269075606118
0.000268282322442692
0.000270260088828023
0.000272202283576828
0.000274108817959418
0.000275979605703469
0.000277814562994694
0.000279613608479501
0.000281376663268995
 0.00028310365094053
0.000284794497545704
0.000286449131609245
0.000288067484140564
0.000289649488635746
0.000291195081084661
0.000292704199979399
0.000294176786321154
0.000295638693439848
0.000297071718449393
0.000298468088472337
0.000299827754060455
0.000301150668254868
0.000302436786596472
 0.00030368606713771
0.000304898470451676
0.000306073959646103
0.000307212500372467
 0.00030831406084264
0.000309378611837996
0.000310406126726726
0.000311396581476275
0.000312349954669333
0.000313266227518705
0.000314145383883524
0.000314987410285239
0.000315792295925821
0.000316560032705082
0.000317290615235777
0.000317984040866692
0.000318640309697971
0.000319259424602203
0.000319847918232696
0.000320427978635296
0.000320970995489223
0.000321476980537305
0.000321945948300595
0.000322377916099681
0.000322772904075119
0.000323130935208749
0.000323452035345451
0.000323736233215577
0.000323983560458485
0.000324194051642746
0.000324367744290344
0.000324504678901105
0.000324604898974457
0.000324668451034515
0.000324695384652962
0.000324685752473908
 0.00032463961023832
0.000324557016808225
0.000324438034191354
0.000324282727566239
 0.00032409116530574
0.000323863419004145
0.000323599563500032
0.000323329894879043
0.000323033360264846
0.000322701044282336
0.000322333029929567
0.000321929403459098
0.000321490254404644
 0.00032101567560372
0.000320505763224288
0.000319960616788961
0.000319380339200093
0.000318765036763313
0.000318114819213067
0.000317429799736146
0.000316710094995454
0.000315955825154202
0.000315167113899451
0.000314344088464091
0.000313486879650826
0.000312595621853928
0.000311670453081003
0.000310711514976303
0.000309718952837601
0.000308717902719247
0.000307703292542039
0.000306655557065438
0.000305574848681323
 0.00030446132343509
0.000303315141045202
0.000302136464921832
 0.00030092546218774
0.000299682303693816
0.000298407164039505
0.000297100221586133
 0.00029576165847689
0.000294391660648818
 0.00029299041784836
 0.00029155812364734
0.000290094975452515
0.000288601174519787
0.000287076925963969
0.000285522438769892
0.000283955883775722
0.000282392533125897
0.000280799565107293
0.000279177194393299
0.000277525639501786
0.000275845122804652
0.000274135870531156
0.000272398112777239
0.000270632083507305
0.000268838020557993
0.000267016165641509
0.000265166764343849
 0.00026329006612702
0.000261386324325485
0.000259455796143948
0.000257498742653794
0.000255527931038557
0.000253576356434859
0.000251598956197308
0.000249595995460483
0.000247567743170585
0.000245514472079433
0.000243436458732926
0.000241333983460157
 0.00023920733036209
0.000237056787296241
0.000234882645861134
 0.00023268520138009
0.000230464752880133
0.000228221603074452
0.000226016099486914
0.000223793239484849
0.000221548418671391
0.000219281942022809
0.000216994118111602
0.000214685259080749
 0.00021235568061595
0.000210005701917648
0.000207635645670168
0.000205245838009516
0.000202846294743653
0.000200490086264882
0.000198114881376998
0.000195721006798211
0.000193308792577174
0.000190878572057684
0.000188430681837382
0.000185965461726445
0.000183483254705186
0.000181050203523547
0.000178612813108936
0.000176159180644397
0.000173689648241604
0.000171204561030924
0.000168704267114794
0.000166210163545344
0.000163762391223177
0.000161300140946619
0.000158823759122129
 0.00015633359495526
 0.00015383000039737
0.000151351195269989
0.000148906632072565
0.000146449343497501
0.000143979679228634
0.000141497991497097
0.000139029800055868
0.000136611892999516
0.000134182646671643
0.000131742410935054
0.000129291537977583
0.000126878889072923
0.000124494337328418
0.000122099823816946
0.000119695698776345
0.000117282314495926
0.000114890831163006
0.000112542463773568
 0.00011018555996678
0.000107820471328068
0.000105447551148607
0.000103067154349823
0.000100679637407453
9.82853582742749e-05
9.58846763003951e-05
9.34779521537532e-05
9.10655477397437e-05
8.86478261188373e-05
8.62251514246459e-05
8.38560769549357e-05
8.14924535814665e-05
7.91249122527038e-05
 7.6753816152797e-05
7.43795290079063e-05
 7.2002415000938e-05
6.96228386849462e-05
6.72411648954263e-05
6.48577586634946e-05
6.27297897947132e-05
6.10081447900424e-05
5.93553571350824e-05
5.77084878551348e-05
5.60891458921686e-05
5.45153724380576e-05
5.29448707106139e-05
5.14421526410791e-05
4.99395294050187e-05
4.85054213732461e-05
4.70941256077717e-05
4.57256741031031e-05
4.44203054554837e-05
4.31680211449015e-05
4.20166183534021e-05
4.11604054322834e-05
4.03434425284566e-05
3.95561576040371e-05
4.15380619414041e-05
4.36303951005801e-05
 4.5736912057448e-05
4.78281544946668e-05
4.99631920054533e-05
5.20852754832823e-05
5.41923203747352e-05
5.63424637745058e-05
5.84757836723515e-05
6.05920617418043e-05
6.27341039187712e-05
6.48742386384349e-05
6.69964584210092e-05
6.91055146819775e-05
7.12479633697694e-05
7.33716372338655e-05
7.54763243393519e-05
7.75618168880055e-05
7.96819770465529e-05
8.17827155326079e-05
8.38634225144297e-05
8.59238968300424e-05
8.79811524829854e-05
9.00524892470944e-05
9.21027849130063e-05
9.41318458820284e-05
 9.6139483015234e-05
9.81255116427882e-05
0.000100135942251889
0.000102127252924022
0.000104096191194891
0.000106042581170751
0.000107966251575498
0.000109867035753997
0.000111771591933651
0.000113672214418603
0.000115549243444146
0.000117402522278987
0.000119231898941141
0.000121037226195941
 0.00012281836155581
0.000124575167272489
0.000126346770430219
0.000128097206665512
0.000129822687914727
   0.000131523087606
0.000133198284006264
0.000134848160207257
0.000136472604117754
0.000138071508450022
0.000139644770705383
0.000141203287132408
0.000142764134787976
0.000144298821893152
0.000145807258193242
0.000147289358276348
0.000148745041554932
 0.00015017423224517
0.000151576859344305
0.000152952856609323
0.000154302162533426
0.000155624720320269
0.000156920477859979
0.000158189387699847
0.000159452422306972
0.000160702482282282
0.000161925335707913
 0.00016312094813653
0.000164289289767972
0.000165430335415051
0.000166544064473806
0.000167630460888191
0.000168689513113662
0.000169721214085872
 0.00017072556118003
0.000171702556175601
0.000172652205218116
0.000173574518781194
0.000174469511625919
0.000175337202762416
0.000176196640372828
0.000177040568205777
 0.00017785703633022
0.000178646076577804
0.000179407724942404
0.000180142021535712
0.000180849010543715
0.000181528740180736
0.000182181262642134
0.000182806634059896
0.000183404914455787
0.000183976167692945
0.000184520461427251
0.000185037867064253
0.000185528459704543
 0.00018599231809846
0.000186429524597242
0.000186840165102176
0.000187224329016189
0.000187582109193452
0.000187934012486402
0.000188266155446426
0.000188571990096698
0.000188851620420039
0.000189105153698188
0.000189332700458067
0.000189534374420708
0.000189710292449297
0.000189860574495215
0.000189985343547194
 0.00019008472557891
0.000190158849495692
0.000190207847082124
0.000190231852950529
0.000190231004488561
 0.00019020544180548
0.000190155307682183
0.000190080747517474
0.000189981909276327
0.000189858943438814
0.000189712002947484
0.000189541243156288
0.000189346821780179
 0.00018913508445384
0.000188917979232039
0.000188677508304869
0.000188413837219237
0.000188127133691873
0.000187817567560478
0.000187485310730873
0.000187130537127045
 0.00018675342264185
0.000186354145084389
0.000185932884131823
0.000185489821280083
0.000185025139793238
0.000184539024657093
0.000184031662528117
0.000183503241687033
0.000182953951991527
0.000182383984827172
0.000181793533061692
0.000181182790998102
 0.00018055195433031
0.000179901220094481
0.000179230786626405
0.000178540853514875
  0.0001778316215586
 0.00017711494164252
0.000176391113765551
0.000175648439824538
0.000174887124247292
0.000174107372491017
0.000173309390998577
0.000172493387157635
0.000171659569257798
0.000170808146450208
0.000169939328705349
 0.00016905332677486
0.000168150352150898
0.000167230617026171
0.000166294334255301
0.000165341717318412
 0.00016437298028027
0.000163388337755643
0.000162388004870895
0.000161372197228671
0.000160341130871045
0.000159295022245098
0.000158234088168507
0.000157162882400197
0.000156097949523648
0.000155018708660082
0.000153925376657593
0.000152818170589208
0.000151697307716914
0.000150563005461901
0.000149415481371928
0.000148254953090232
0.000147081638325997
0.000145895754823488
0.000144697520332748
0.000143487152580501
0.000142264869241071
 0.00014103088790951
0.000139785426072736
0.000138528701082441
0.000137260930129335
 0.00013599055883784
0.000134729481611195
0.000133457877768972
0.000132175961922387
0.000130883948410876
   0.000129582051277
0.000128270484242687
0.000126949460686365
0.000125619193619197
0.000124279895661994
0.000122931779025226
 0.00012157505548549
0.000120209936363747
0.000118836632505781
0.000117475469682882
 0.00011611834041636
0.000114753517281185
  0.0001133812067724
0.000112001614828827
0.000110614946814414
0.000109221407498472
0.000107821201039693
0.000106414530968602
 0.00010500160016802
0.000103603955429632
 0.00010221436639779
0.000100818973719496
9.94179748168289e-05
9.80115664055425e-05
9.65999444797472e-05
9.51833042979189e-05
9.37618403673568e-05
9.23634409861762e-05
9.09706267731014e-05
8.95734136192594e-05
8.81719898189193e-05
8.67665428712083e-05
8.53572594659013e-05
8.39443254716521e-05
8.25602507197321e-05
8.11805575438029e-05
7.97976067197226e-05
 7.8411577277171e-05
7.70226473896241e-05
7.56309943661382e-05
 7.4267211039869e-05
7.29129092602587e-05
7.15562464874697e-05
7.01973925845145e-05
6.88365165257832e-05
6.74938980842477e-05
6.61742641629992e-05
6.48529388016517e-05
6.35928374288497e-05
6.23761585840654e-05
6.11577121689688e-05
5.99376408880747e-05
5.87160867597802e-05
   5.74931911137e-05
5.62690945860034e-05
5.50439371160838e-05
5.38178579438942e-05
 5.2590995605506e-05
5.13634879295566e-05
5.01354720348068e-05
4.89070843252559e-05
4.76784604899194e-05
4.64497354970561e-05
4.52210435912814e-05
4.39925182911249e-05
4.27642923876981e-05
4.15364979373667e-05
4.03092662633053e-05
3.90827279501682e-05
3.78570128420908e-05
3.66322500389149e-05
3.54085678946348e-05
3.41860940140659e-05
3.29649552492928e-05
3.17452776987803e-05
3.05271867020451e-05
2.94127878373018e-05
2.85833078967901e-05
2.77853785477511e-05
 2.6994347631315e-05
2.62335171626882e-05
2.54927890853685e-05
  2.477632100506e-05
2.40918157526915e-05
 2.3501508088497e-05
2.30555647652286e-05
2.26257238268301e-05
2.22073714568061e-05
2.17965898084982e-05
2.13938114758672e-05
2.10012405279514e-05
2.06150670528094e-05
2.04276535682446e-05
 2.1595948949793e-05
2.27571062327847e-05
2.39286980605602e-05
2.51011068597151e-05
2.62659371794705e-05
2.74275341627384e-05
2.86016313726378e-05
2.97677227281135e-05
3.09257033388466e-05
3.20794399626401e-05
3.32443948609651e-05
3.44008289052677e-05
3.55486407270789e-05
3.66877302251378e-05
 3.7829211900986e-05
3.89727187644073e-05
4.01071154310095e-05
4.12323055887232e-05
4.23481942268822e-05
4.34546876415531e-05
4.45724674114079e-05
4.56806206972082e-05
4.67790187219652e-05
 4.7867571822513e-05
4.89461916715062e-05
5.00147912805282e-05
5.10806821960585e-05
5.21483096556086e-05
5.32055879052251e-05
 5.4252434203983e-05
5.52887671732005e-05
5.63145067984383e-05
5.73295744350499e-05
5.83338928081822e-05
5.93322453463774e-05
6.03326738140009e-05
6.13220644043455e-05
6.23003442816739e-05
6.32674419975832e-05
6.42232874945581e-05
 6.5167812107747e-05
6.61009485702913e-05
6.70226310117705e-05
6.79327949633102e-05
6.88335226803893e-05
6.97368204649607e-05
7.06283614755332e-05
7.15080858240125e-05
7.23759350338415e-05
7.32318520406672e-05
7.40757811967807e-05
 7.4907668270674e-05
7.57274604501479e-05
7.65351063443109e-05
7.73305559851334e-05
7.81137608296678e-05
 7.8884673760049e-05
 7.9643636487603e-05
8.04048130205182e-05
 8.1153523397326e-05
8.18897251466666e-05
8.26133772269255e-05
8.33244400284539e-05
8.40228753729022e-05
8.47086465156632e-05
8.53817181474259e-05
8.60420563946196e-05
8.66896288194141e-05
8.73244044232724e-05
8.79463536471725e-05
8.85554483702755e-05
 8.9151661913478e-05
8.97349690385241e-05
9.03053459493375e-05
 9.0862770293354e-05
9.14176134385603e-05
9.19628995039723e-05
9.24951426348741e-05
9.30143250505999e-05
9.35204304082227e-05
9.40134438029983e-05
9.44933517679214e-05
9.49601422750579e-05
9.54138047344344e-05
9.58543299931502e-05
  9.628171033782e-05
9.66959394916866e-05
9.70970126152881e-05
 9.7484926306679e-05
9.78596785994323e-05
9.82212689626394e-05
9.85696983011319e-05
9.89049689534838e-05
9.92270846904564e-05
9.95360507156651e-05
9.98329636467954e-05
0.000100128870230254
0.000100411625557406
0.000100681239134648
0.000100937721885908
0.000101181086151536
0.000101411345687641
0.000101628515662977
0.000101832612658947
0.000102023654664718
0.000102201661077661
0.000102366652700248
0.000102518651737604
0.000102657681794627
0.000102783767874648
0.000102896936375219
0.000102997215084999
0.000103084633183315
0.000103159221233717
0.000103221011182875
0.000103270036356129
0.000103306331453723
0.000103329932547691
0.000103343914338971
0.000103355418142881
0.000103354316653759
0.000103340649713068
0.000103314458510084
0.000103275785575008
0.000103224674777191
0.000103161171319144
  0.0001030853217312
0.000102997173867969
0.000102896776902339
0.000102784181319482
0.000102659438913077
0.000102522602777766
0.000102373727305594
0.000102212868177354
0.000102040082358812
0.000101855428092712
0.000101658964893225
0.000101450753538401
0.000101230856064616
0.000100999335758134
0.000100756257148671
0.000100504055103423
0.000100251791793404
9.99881349970089e-05
 9.9713152221792e-05
9.94269121825653e-05
 9.9129484792071e-05
9.88209411540986e-05
9.85013535561574e-05
9.81707954572641e-05
9.78293414837239e-05
 9.7477067417806e-05
9.71140501893064e-05
9.67403678666656e-05
 9.6356099646755e-05
9.59613258457725e-05
9.55561278908057e-05
9.51405883076184e-05
9.47147907113255e-05
9.42788197966227e-05
9.38327613273504e-05
9.33767021242815e-05
9.29107300557952e-05
9.24484153586036e-05
9.19776740493372e-05
9.14972393684099e-05
9.10072011530705e-05
9.05076502411006e-05
8.99986784572704e-05
8.94803786037901e-05
8.89528444454335e-05
8.84161707002118e-05
8.78704530253849e-05
8.73157880068032e-05
8.67522731429204e-05
8.61800068363561e-05
8.55990883781299e-05
8.50096179338955e-05
8.44116965328379e-05
8.38054260539067e-05
8.31909092091632e-05
8.25790124008297e-05
 8.1964673236623e-05
8.13423371526234e-05
8.07121077919248e-05
 8.0074089576998e-05
7.94283876957014e-05
7.87751080877364e-05
7.81143574297705e-05
7.74462431203382e-05
7.67708732649641e-05
7.60883566615078e-05
7.53988027859531e-05
7.47023217739784e-05
7.39990244094102e-05
7.32890221062377e-05
7.25857961878518e-05
7.18810055877483e-05
7.11697706794467e-05
7.04522028032173e-05
6.97284138693188e-05
6.89985163448981e-05
6.82626232357819e-05
6.75208480704903e-05
 6.6773304884471e-05
6.60201082034462e-05
6.52613730269813e-05
6.44972148116096e-05
6.37450316338661e-05
6.29907485050207e-05
6.22313012561548e-05
6.14668043867894e-05
6.06973727947935e-05
5.99231217572882e-05
5.91441669128834e-05
5.83606242481327e-05
5.75726100759955e-05
5.68000228686749e-05
5.60255547097377e-05
5.52468657311067e-05
5.44640706274802e-05
5.36772843620081e-05
5.28866221500834e-05
5.20921994429102e-05
5.13139638489424e-05
5.05357592581746e-05
4.97540346551251e-05
4.89689034062213e-05
4.81804790526397e-05
4.73888752976492e-05
4.66102498832832e-05
4.58370794282903e-05
4.50609588675821e-05
 4.4281999461715e-05
4.35003125753841e-05
4.27210066202832e-05
4.19595190297439e-05
4.11955224719485e-05
4.04291256288491e-05
 3.9660437230582e-05
3.88973896661149e-05
3.81501891477676e-05
3.74009047472423e-05
 3.6649642381148e-05
3.58965079580997e-05
3.51541180969583e-05
3.44230152762304e-05
3.36902431354869e-05
3.29559048011241e-05
3.22201033351455e-05
3.14829417173978e-05
3.07445228306946e-05
3.00049494439403e-05
2.92762887907916e-05
2.85577749723487e-05
2.78383362455337e-05
 2.7118072755794e-05
2.63970844534001e-05
2.56754710765694e-05
2.49533321368123e-05
2.42307669044983e-05
2.35078743910933e-05
2.27847533336156e-05
2.20615021797599e-05
2.13382190739075e-05
2.06150018398077e-05
1.98919479643678e-05
1.91691545858852e-05
1.84467184760617e-05
1.78231607477208e-05
1.73177159485949e-05
1.68268596204557e-05
1.63440868858888e-05
1.58694554666106e-05
1.54087220732846e-05
1.49556760661307e-05
1.45162224364226e-05
1.40915547164333e-05
1.36799112702146e-05
 1.3285774611238e-05
 1.2912497279749e-05
1.26259946259255e-05
1.23715494760868e-05
 1.2126403164503e-05
1.18880909223962e-05
1.16545217674346e-05
1.20544459516481e-05
1.27019595725919e-05
1.33519924125913e-05
1.40080362445172e-05
1.46594786729626e-05
1.53145339094607e-05
1.59734097013864e-05
1.66274204165262e-05
1.72795571338202e-05
1.79398860693514e-05
1.85950910307486e-05
1.92451090730295e-05
1.98973272167446e-05
2.05523429426258e-05
2.12019199354874e-05
2.18459971998985e-05
2.24882415300609e-05
2.31359921474272e-05
2.37780001532961e-05
2.44142067262754e-05
2.50445541045696e-05
2.56741513799952e-05
2.63066742149931e-05
2.69331071800494e-05
2.75533949340989e-05
2.81674832314227e-05
2.87753189218698e-05
2.93851685608804e-05
 2.9993545211271e-05
3.05954547750176e-05
3.11908467800492e-05
3.17796718816155e-05
3.23618818631743e-05
3.29374296377249e-05
3.35155318480496e-05
 3.4089902497092e-05
3.46574173446523e-05
3.52180322318318e-05
3.57717041541417e-05
3.63183912606146e-05
3.68580528531393e-05
3.73906493895682e-05
3.79198334443664e-05
3.84495259080353e-05
3.89719858981952e-05
3.94871770239558e-05
3.99950640639357e-05
4.04956129669287e-05
4.09887908503492e-05
4.14745659969018e-05
4.19529078563574e-05
4.24237870406685e-05
4.28871753235249e-05
  4.334896321323e-05
4.38075997111209e-05
4.42586143323265e-05
4.47019821898653e-05
4.51376795644887e-05
4.55656839011276e-05
4.59859738084489e-05
4.63985290526381e-05
4.68033305558446e-05
4.72003603912974e-05
4.75896017806399e-05
4.79710390899335e-05
4.83446578243285e-05
4.87104446251774e-05
4.90711142118183e-05
4.94304750737751e-05
4.97819208049588e-05
5.01254414504437e-05
5.04610281841789e-05
5.07886733056573e-05
5.11083702317006e-05
5.14201134949044e-05
5.17238987352009e-05
5.20197226945296e-05
5.23075832119524e-05
5.25874792169923e-05
5.28594107225278e-05
5.31233788219065e-05
5.33793856778431e-05
5.36274345186438e-05
5.38675296317681e-05
5.40996763558343e-05
5.43275374296215e-05
5.45521280492789e-05
5.47687457954638e-05
 5.4977399249978e-05
5.51780980266869e-05
5.53708527626373e-05
5.55556751120623e-05
5.57325777379436e-05
5.59015743042401e-05
5.60626794672281e-05
5.62159088686176e-05
5.63612791271151e-05
5.64988078293194e-05
5.66285135228384e-05
5.67504157058529e-05
5.68645348215657e-05
 5.6970892246877e-05
 5.7069510284169e-05
5.71604121537561e-05
5.72436219845596e-05
 5.7319164804559e-05
5.73870948596955e-05
5.74550081131608e-05
5.75152920354594e-05
5.75679744319046e-05
5.76130839744504e-05
5.76506501939189e-05
5.76807034682325e-05
5.77032750148643e-05
5.77183968804018e-05
5.77261019321096e-05
5.77264238466046e-05
5.77193971007528e-05
5.77050569632309e-05
5.76834394827586e-05
5.76545814794382e-05
5.76185205343194e-05
5.75752949811825e-05
5.75249438932168e-05
5.74675070765807e-05
5.74030250581892e-05
5.73315390761664e-05
5.72530910711855e-05
5.71677236740342e-05
5.70754801967333e-05
5.69779550185778e-05
5.68793947854918e-05
 5.6774053050157e-05
 5.6661975114336e-05
5.65432069210559e-05
5.64177950443945e-05
5.62857866781563e-05
5.61472296269905e-05
5.60021722957327e-05
5.58506636783029e-05
5.56927533479357e-05
5.55284914480758e-05
5.53579286799444e-05
5.51811162941007e-05
5.49981060782301e-05
5.48089503493721e-05
5.46137019423742e-05
5.44124141976798e-05
5.42051409553324e-05
5.39919365423192e-05
 5.3772855760803e-05
5.35479538807948e-05
 5.3317286628829e-05
5.30809101784158e-05
5.28446420862139e-05
5.26044945037274e-05
 5.2358771140959e-05
5.21075292225781e-05
5.18508263778195e-05
5.15887206300469e-05
5.13212703880939e-05
5.10485344351608e-05
5.07705719183793e-05
5.04874423397084e-05
5.01992055468303e-05
4.99059217220488e-05
4.96076513725185e-05
4.93044553206978e-05
4.89963946952443e-05
 4.8683530920135e-05
4.83659257060065e-05
4.80436410403851e-05
4.77167391774724e-05
4.73852826292642e-05
4.70516301236401e-05
4.67194216748901e-05
 4.6382809686607e-05
4.60418568863918e-05
4.56966262201153e-05
 4.5347180842592e-05
4.49935841106974e-05
4.46358995698226e-05
4.42741909485456e-05
4.39085221475288e-05
4.35389572313039e-05
4.31655604189451e-05
4.27883960758546e-05
4.24075287035475e-05
4.20230229323248e-05
4.16349435119479e-05
4.12433553027558e-05
4.08554682269635e-05
4.04662205282236e-05
4.00736181569439e-05
3.96777254880742e-05
 3.9278606973614e-05
3.88763271323977e-05
3.84709505436565e-05
3.80625418381353e-05
3.76511656896561e-05
 3.7236886808234e-05
3.68197699300854e-05
3.63998798114107e-05
3.59772812199566e-05
  3.556182964215e-05
3.51443269344109e-05
3.47242646803192e-05
 3.4301706634432e-05
3.38767165333209e-05
3.34493580873563e-05
 3.3019694975156e-05
3.25877908340377e-05
3.21537092538016e-05
3.17224138661754e-05
3.12955129628811e-05
3.08665763910643e-05
3.04356663729521e-05
3.00028450579415e-05
2.95681745146048e-05
2.91317167249172e-05
2.86935335764849e-05
2.82654008485483e-05
2.78360000272038e-05
2.74050068911347e-05
2.69724816979178e-05
2.65384845887784e-05
2.61030755817071e-05
2.56716369111398e-05
2.52463028549421e-05
2.48196824677027e-05
2.43918339382088e-05
2.39628153135829e-05
2.35326844917338e-05
2.31103066636873e-05
2.26914086669527e-05
2.22715150559605e-05
2.18506817224462e-05
2.14289643933885e-05
2.10145794192762e-05
2.06050429039095e-05
2.01947304263594e-05
1.97836955526665e-05
1.93742654002182e-05
1.89761920783571e-05
1.85774955419049e-05
1.81782270469721e-05
1.77903719380534e-05
 1.7404750536576e-05
1.70186369095049e-05
1.66320798100639e-05
1.62451278125086e-05
1.58578293105727e-05
1.54702325114719e-05
1.50823854327964e-05
1.46943358989571e-05
 1.4306131534747e-05
1.39178197637868e-05
1.35294478047499e-05
1.31410626640349e-05
1.27527111359882e-05
1.23644397971301e-05
1.19762950019364e-05
1.15883228799518e-05
1.12005693313488e-05
1.08130800253736e-05
1.04259003921303e-05
1.00390756248014e-05
9.65265067187637e-06
9.33143802461789e-06
9.06975084480344e-06
8.80878216957814e-06
8.55904115726336e-06
8.31017473601481e-06
8.07196913343855e-06
7.83888928967968e-06
7.61339750732226e-06
7.39789742265629e-06
7.19620964900747e-06
 7.0553175884891e-06
6.91965047022736e-06
6.78778760571097e-06
 6.6585221632498e-06
6.53313427639857e-06
6.40978806215609e-06
6.28864790602757e-06
6.57392994929396e-06
6.93550170915991e-06
7.29473924998558e-06
 7.6537979583069e-06
8.01677823059066e-06
8.37728442970587e-06
 8.7352822275566e-06
9.09796830272924e-06
9.45899329196642e-06
9.81737395644444e-06
1.01735016480031e-05
1.05342957357202e-05
1.08923137138728e-05
1.12475228828401e-05
1.15998910079629e-05
 1.1954137847825e-05
1.23081130083413e-05
1.26591216120797e-05
1.30071326145398e-05
1.33521154506155e-05
1.36974037168169e-05
1.40432033948201e-05
1.43858567289712e-05
1.47253344415788e-05
1.50616077490007e-05
 1.5394648361422e-05
 1.5726679353234e-05
1.60596855620643e-05
1.63893501952117e-05
1.67156463473095e-05
1.70385476190305e-05
1.73580281177532e-05
1.76740624584504e-05
1.79866257654648e-05
1.83011314298653e-05
 1.8612704324461e-05
 1.8920709775827e-05
 1.9225124390676e-05
1.95259252915303e-05
1.98230901211627e-05
 2.0116597039932e-05
2.04064247277813e-05
2.06925523860146e-05
2.09787015172935e-05
2.12629105338369e-05
2.15433381207664e-05
2.18199650394713e-05
2.20927725753661e-05
2.23617425407774e-05
 2.2626857273611e-05
 2.2888099639351e-05
2.31454530281727e-05
2.33989013584956e-05
2.36484290747629e-05
2.38940211476635e-05
2.41397596563164e-05
2.43824926100533e-05
 2.4621228419619e-05
2.48559536690784e-05
 2.5086655472073e-05
2.53133214704881e-05
2.55359398331212e-05
2.57544992572356e-05
2.59689889670067e-05
2.61793987117453e-05
2.63857187678962e-05
2.65879399359292e-05
2.67860535421161e-05
2.69800514356433e-05
2.71699259886127e-05
2.73560079906421e-05
2.75422295354932e-05
2.77242912143372e-05
2.79021870148721e-05
2.80759114446028e-05
2.82454595306181e-05
2.84108268189254e-05
2.85720093720077e-05
2.87290037699339e-05
2.88818071061403e-05
2.90304169887623e-05
2.91748315377482e-05
 2.9315049383305e-05
2.94510696654537e-05
  2.958289203292e-05
2.97105166395806e-05
2.98339441440199e-05
2.99531757081972e-05
3.00682129956709e-05
3.01790581691552e-05
3.02890393262256e-05
3.03957687088907e-05
3.04983000685155e-05
3.05966370894861e-05
3.06907839493498e-05
3.07807453150399e-05
3.08665263419883e-05
  3.094813267146e-05
3.10255704294438e-05
3.10988462228767e-05
3.11679671387566e-05
3.12329407408107e-05
3.12937750681641e-05
3.13504786326746e-05
3.14030604156024e-05
3.14515298662776e-05
3.14958968983259e-05
3.15361718892238e-05
3.15723656756361e-05
3.16044895509737e-05
3.16325552640606e-05
3.16565750151376e-05
3.16787779497396e-05
3.16988280790742e-05
3.17148568462766e-05
3.17268777656476e-05
3.17349047906923e-05
3.17389523125655e-05
3.17390351556313e-05
 3.1735168574798e-05
3.17273682532981e-05
3.17156502986915e-05
3.17000312402005e-05
3.16805280240473e-05
3.16571580121217e-05
3.16299389788721e-05
3.15988891050889e-05
3.15640269772377e-05
3.15253715832409e-05
3.14829423091467e-05
3.14367589357989e-05
3.13868416330632e-05
3.13332109607156e-05
 3.1275887859783e-05
3.12148936532086e-05
3.11506688415175e-05
3.10865140777938e-05
3.10187392198458e-05
3.09473665862647e-05
3.08724188613496e-05
3.07939190873352e-05
3.07118906652804e-05
3.06263573468524e-05
3.05373432334388e-05
3.04448727712625e-05
3.03489707471627e-05
3.02496622837101e-05
3.01469728372084e-05
3.00409281919212e-05
2.99315544567413e-05
2.98188780603059e-05
2.97029257481096e-05
2.95837245767316e-05
 2.9461301910505e-05
2.93356854170757e-05
2.92069030627395e-05
2.90749831086679e-05
2.89399541064661e-05
2.88056238824108e-05
2.86688076851505e-05
2.85289523864751e-05
2.83860871397312e-05
2.82402413700478e-05
2.80914447694514e-05
2.79397272939796e-05
2.77851191567979e-05
2.76276508259787e-05
2.74673530185066e-05
 2.7304256695837e-05
2.71383930601221e-05
2.69697935482149e-05
2.67984898283391e-05
2.66245137949817e-05
2.64478975637861e-05
2.62686734671114e-05
2.60868740495912e-05
2.59025320632489e-05
2.57187079522048e-05
2.55341601951287e-05
 2.5347149485766e-05
2.51577087968524e-05
2.49658712898615e-05
2.47716703092316e-05
2.45751393777027e-05
2.43763121925422e-05
 2.4175222619105e-05
2.39719046866149e-05
2.37663925848342e-05
2.35587206567356e-05
2.33489233949502e-05
2.31370354373261e-05
2.29230915609335e-05
2.27071266780676e-05
2.24944630848878e-05
2.22799099394155e-05
2.20634182668267e-05
2.18450228544054e-05
2.16247586060092e-05
2.14026605358519e-05
2.11787637658389e-05
2.09531035175736e-05
2.07257151110252e-05
2.04966339567569e-05
2.02658955523738e-05
2.00335354776371e-05
1.98034336849062e-05
1.95739349322377e-05
1.93428958161768e-05
1.91103515150282e-05
1.88763372706013e-05
1.86408883837696e-05
1.84040402098073e-05
1.81658281541708e-05
1.79262876665032e-05
1.76880157285453e-05
1.74524759541939e-05
 1.7215686074934e-05
1.69776809351152e-05
1.67384954081751e-05
1.64981643904216e-05
1.62567227968147e-05
1.60150001478065e-05
1.57783925172073e-05
1.55407492541393e-05
1.53021045254942e-05
1.50624925010501e-05
1.48219473490308e-05
1.45805032314428e-05
1.43434291608457e-05
1.41075549038305e-05
1.38708521644215e-05
1.36333542335443e-05
1.33950943814742e-05
1.31567206202998e-05
1.29246012985362e-05
1.26917869824883e-05
1.24583099874176e-05
1.22242025930586e-05
1.19898800412521e-05
1.17623658226762e-05
1.15342842550437e-05
1.13056666006806e-05
1.10765440763938e-05
1.08492036987595e-05
1.06269649950974e-05
1.04042811088778e-05
1.01811822059705e-05
9.95769839273741e-06
9.73385971270169e-06
9.50969614343933e-06
9.29221654510926e-06
9.07491055079923e-06
8.85733929090193e-06
8.63953168828147e-06
8.42151658653201e-06
8.20332274509283e-06
7.98497883547356e-06
7.76651343703527e-06
7.54795503543626e-06
7.32933201641472e-06
7.11067266423449e-06
6.89200515791022e-06
6.67335756676657e-06
6.45475784866179e-06
6.23623384421457e-06
 6.0178132754718e-06
5.79952374168968e-06
5.58139271711333e-06
5.39053165660164e-06
5.23917978034749e-06
 5.0926418618813e-06
4.94628069336311e-06
4.80641906186463e-06
4.66667320619951e-06
4.53325913540858e-06
4.40223499031944e-06
4.27534128188967e-06
4.15398890230012e-06
4.03911132407231e-06
3.95057290247802e-06
3.87353686770453e-06
3.79914525566738e-06
3.72688607030991e-06
  3.656015493958e-06
3.58619572515817e-06
 3.6213387260009e-06
3.81848443975485e-06
4.01933950944233e-06
4.21896886737549e-06
4.41749595814223e-06
4.61933345463628e-06
4.81974577493105e-06
5.01871351810124e-06
5.21961504995616e-06
5.42039201589795e-06
5.61964703926776e-06
5.81736125715437e-06
 6.0178069289929e-06
6.21693128688428e-06
6.41443986371115e-06
6.61031439830317e-06
6.80723243706716e-06
7.00411855869554e-06
7.19929857950774e-06
7.39275490269087e-06
7.58447022830566e-06
7.77690109821094e-06
7.96917993128865e-06
8.15964960088067e-06
8.34829353602018e-06
8.53509547216191e-06
8.72003945162625e-06
8.90570395917223e-06
9.09072539290179e-06
9.27382575599545e-06
9.45498988658144e-06
9.63420293720318e-06
9.81145037592945e-06
9.98671798591033e-06
1.01618862642372e-05
1.03367234414176e-05
1.05095240661157e-05
1.06802747816825e-05
1.08489625536556e-05
 1.1015574668205e-05
1.11800987354638e-05
1.13425226866415e-05
1.15028347766888e-05
1.16634283795491e-05
1.18227654872793e-05
1.19799424778133e-05
 1.2134948523812e-05
1.22877731272286e-05
1.24384061144234e-05
1.25868376388283e-05
1.27330581809471e-05
1.28770585459126e-05
1.30188298659295e-05
1.31583635978316e-05
1.32970311945702e-05
1.34350595630828e-05
1.35708129169743e-05
1.37042836756418e-05
1.38354645853322e-05
1.39643487193641e-05
1.40909294765734e-05
1.42152005806473e-05
1.43371560805683e-05
1.44567903483939e-05
1.45740980801445e-05
1.46890742940275e-05
1.48017143293266e-05
1.49120138464021e-05
1.50199688258024e-05
1.51269147097288e-05
 1.5232872463633e-05
1.53364628820984e-05
1.54376829175629e-05
 1.5536529840432e-05
1.56330012384132e-05
1.57270950156274e-05
1.58188093892786e-05
1.59081428909857e-05
1.59950943645626e-05
1.60796629644633e-05
1.61618481542281e-05
1.62416497058171e-05
1.63190676980562e-05
1.63941025148606e-05
1.64667548441244e-05
1.65370256755004e-05
 1.6604916300178e-05
1.66704283075525e-05
1.67358485485547e-05
1.67990610899782e-05
1.68598897924976e-05
1.69183371654391e-05
1.69744060125598e-05
1.70280994300498e-05
1.70794208036451e-05
 1.7128373808406e-05
1.71749624060524e-05
1.72191908422992e-05
1.72610636466342e-05
1.73005856294317e-05
1.73377618801762e-05
1.73725977654637e-05
1.74050989258934e-05
1.74352712769554e-05
1.74631210039244e-05
 1.7488654561193e-05
1.75118786693851e-05
1.75328003153563e-05
1.75514267461985e-05
1.75678441762805e-05
1.75842000784687e-05
1.75982732886215e-05
1.76100718460859e-05
1.76196040433396e-05
1.76268784251032e-05
1.76319037861195e-05
1.76346891682666e-05
1.76352438567839e-05
1.76335773811598e-05
1.76296995102465e-05
1.76236202509283e-05
1.76153498450127e-05
1.76048987665656e-05
1.75922777210236e-05
1.75774976411969e-05
 1.7560569685493e-05
1.75415052341421e-05
1.75203158887527e-05
1.74970134692032e-05
1.74716100092009e-05
1.74441177558382e-05
1.74145491664834e-05
1.73829169050066e-05
1.73499366928898e-05
1.73164653973767e-05
1.72809591885148e-05
 1.7243431308156e-05
1.72038951951059e-05
1.71623644817931e-05
1.71188529924926e-05
1.70733747399954e-05
1.70259439238318e-05
 1.6976574925831e-05
1.69252823092325e-05
1.68720808155776e-05
1.68169853602684e-05
1.67600110323463e-05
1.67011730907163e-05
1.66404869603731e-05
1.65779682304024e-05
1.65136326528703e-05
1.64474961368288e-05
1.63795747480933e-05
1.63098847054677e-05
1.62384423778583e-05
1.61652642822752e-05
1.60912553401893e-05
1.60169991803016e-05
1.59410470346177e-05
1.58634157467752e-05
1.57841222978572e-05
1.57031838001753e-05
1.56206174977136e-05
1.55364407616876e-05
1.54506710878799e-05
1.53633260946417e-05
1.52744235188962e-05
1.51839812143617e-05
1.50920171482216e-05
1.49985493977933e-05
1.49035961494182e-05
1.48071756940205e-05
1.47093064246651e-05
1.46100068352251e-05
1.45092955148307e-05
1.44071911472032e-05
1.43048910590249e-05
1.42026213849622e-05
1.40990038606237e-05
1.39940572589925e-05
1.38878004352083e-05
1.37802523254571e-05
 1.3671431941864e-05
1.35613583713834e-05
 1.3450050773578e-05
1.33375283761783e-05
 1.3223810472196e-05
1.31089164199238e-05
1.29928656371625e-05
1.28756776005545e-05
1.27573718420315e-05
1.26379679459276e-05
1.25185000006134e-05
1.23998387822066e-05
1.22801258901628e-05
1.21593808000142e-05
1.20376230277053e-05
1.19148721287043e-05
1.17911476966714e-05
1.16664693585733e-05
1.15408567740172e-05
 1.1414329630588e-05
1.12869076442923e-05
1.11586105533412e-05
1.10294581190384e-05
1.09018966076846e-05
1.07743231736457e-05
1.06459396171932e-05
1.05167654276261e-05
1.03868201051238e-05
1.02561231605236e-05
1.01246941108801e-05
9.99255247968733e-06
9.85971778977301e-06
9.72750193173333e-06
9.59688052226682e-06
9.46560931813778e-06
9.33370746114548e-06
 9.2011940877601e-06
9.06808832579209e-06
8.93440929128353e-06
  8.800176087842e-06
8.66916483599489e-06
8.53763142272257e-06
8.40558459369589e-06
8.27304298778309e-06
8.14002522209201e-06
  8.006549891304e-06
7.87472752472596e-06
7.74434240446986e-06
7.61353828426792e-06
7.48233323255576e-06
  7.350745287793e-06
7.21879245557666e-06
7.08994526599227e-06
6.96142749134765e-06
 6.8325807549563e-06
6.70342248243472e-06
6.57397006276206e-06
6.44762195811666e-06
 6.3218754937644e-06
 6.1958683781338e-06
6.06961737803502e-06
5.94410626542086e-06
5.82175596286483e-06
5.69919318404999e-06
5.57643404341945e-06
5.45349460989719e-06
5.33268719271618e-06
 5.2137412662745e-06
5.09464345332944e-06
4.97540914601302e-06
4.85605368605313e-06
4.73659236410739e-06
4.61704041798683e-06
4.49741303132356e-06
4.37772533268266e-06
4.25799239200941e-06
 4.1382292204073e-06
 4.0184507683616e-06
3.89867192551741e-06
3.77890751623866e-06
3.65917230027435e-06
3.53948097231438e-06
3.41984815710461e-06
3.30028841144525e-06
3.18081621974997e-06
3.06144599626634e-06
2.94219207908064e-06
 2.8588948685071e-06
 2.7784109224438e-06
2.69836310640148e-06
2.62155334229686e-06
2.54518651476854e-06
2.47192473223912e-06
2.40037526189063e-06
2.33111483793902e-06
2.26488705490357e-06
2.20224811908754e-06
2.15742965464782e-06
2.11549580525494e-06
2.07474005103903e-06
2.03506513446472e-06
1.99639595471757e-06
1.95828574733881e-06
1.95895860510831e-06
2.06816819137146e-06
2.17896613707858e-06
2.28903465382402e-06
2.39900729326337e-06
2.51025052411258e-06
2.62072110235323e-06
2.73040844245287e-06
2.84156705498972e-06
2.95220950308206e-06
3.06202662581079e-06
 3.1712081403068e-06
3.28179189890143e-06
3.39150946082611e-06
3.50035072971266e-06
3.60830575596438e-06
3.71702495716164e-06
3.82549785471475e-06
3.93304550483364e-06
4.03965832496134e-06
4.14532688819413e-06
4.25140699533699e-06
4.35734914727703e-06
4.46231024398003e-06
4.56628125578007e-06
4.66925331221724e-06
4.77121770270372e-06
4.87336737498012e-06
 4.9753414252951e-06
5.07627383750098e-06
5.17615633155444e-06
5.27498079194721e-06
5.37273926459747e-06
5.46942396040251e-06
5.56556737207892e-06
5.66198702323106e-06
5.75730245566675e-06
5.85150634302423e-06
5.94459152436499e-06
6.03655100639422e-06
6.12737796301666e-06
6.21706573555869e-06
6.30560783299039e-06
6.39345619402043e-06
6.48144020232166e-06
6.56825271705408e-06
6.65388773790632e-06
6.73833943332092e-06
 6.8216021413825e-06
 6.9036703700398e-06
6.98453879621752e-06
7.06420226759263e-06
7.14265580015194e-06
7.21989457996841e-06
7.29591396209095e-06
7.37179698373502e-06
7.44695907184401e-06
7.52088213773483e-06
7.59356204693695e-06
7.66499483573213e-06
7.73517671026624e-06
 7.8041040465493e-06
7.87177339001133e-06
7.93818145483627e-06
8.00332512440605e-06
8.06720145130058e-06
8.12980765596549e-06
8.19114112760033e-06
8.25119942216013e-06
8.30998026413177e-06
8.36793198066843e-06
8.42559993130543e-06
8.48197864544709e-06
8.53706635939311e-06
8.59086147775301e-06
8.64336257011544e-06
8.69456837238047e-06
8.74447778476117e-06
8.79308987289384e-06
8.84040386717189e-06
8.88641915985922e-06
8.93113530731071e-06
8.97455202908404e-06
9.01666920549715e-06
9.05748687851649e-06
9.09700525086876e-06
  9.135224686041e-06
9.17214570517189e-06
9.20776898927222e-06
 9.2425714488531e-06
 9.2769307624696e-06
 9.3099899030058e-06
9.34175003575177e-06
9.37221248387132e-06
9.40137872551539e-06
9.42925039293385e-06
9.45582927225352e-06
9.48111730281198e-06
9.50511657715758e-06
9.52782933749674e-06
9.54925797791439e-06
9.56940504193149e-06
9.58827322139477e-06
9.60586535692087e-06
9.62218443478768e-06
9.63723358893276e-06
 9.6510160974006e-06
9.66353538300879e-06
9.67479501090551e-06
9.68479868901362e-06
9.69355026669838e-06
9.70140632405858e-06
9.70892391150002e-06
9.71519665804443e-06
9.72022882983481e-06
 9.7240248306818e-06
9.72658920050939e-06
9.72792661335653e-06
9.72804187870935e-06
9.72693993794849e-06
9.72462586390499e-06
9.72110486041622e-06
9.71638226121563e-06
9.71046352682414e-06
 9.7033542467706e-06
9.69506013515087e-06
9.68558703129396e-06
 9.6749408984298e-06
9.66312782191281e-06
9.65015400766767e-06
9.63602578285538e-06
9.62074959187653e-06
9.60433199792554e-06
  9.586779679438e-06
9.56809942986858e-06
9.54919571483082e-06
9.52952986987832e-06
 9.5087519371706e-06
9.48686901858231e-06
9.46388832723244e-06
9.43981718393161e-06
9.41466301584981e-06
9.38843335673845e-06
9.36113584426579e-06
9.33277821868472e-06
9.30336832327683e-06
 9.2729140994674e-06
9.24142358971203e-06
9.20890493194548e-06
9.17536636224625e-06
9.14081620995155e-06
9.10526289876756e-06
 9.0687149432167e-06
9.03118094974786e-06
8.99266961273959e-06
8.95318971494419e-06
8.91275012526727e-06
  8.871591437698e-06
8.83057590939096e-06
8.78862230924149e-06
8.74573969111836e-06
8.70193718993661e-06
8.65722401788283e-06
8.61160946596939e-06
8.56510290070389e-06
8.51771376297883e-06
8.46945156673939e-06
8.42032589853936e-06
8.37034641332224e-06
8.31952283619763e-06
8.26786495888854e-06
8.21538263795496e-06
8.16208579568212e-06
8.10798441586158e-06
8.05308854445741e-06
7.99740828694162e-06
7.94095380585169e-06
7.88466217893635e-06
7.82813190380871e-06
 7.7708520531683e-06
7.71283285017077e-06
7.65408456926409e-06
 7.5946175366326e-06
7.53444212753251e-06
7.47356876407146e-06
7.41200791520846e-06
7.34977009431148e-06
7.28686585849125e-06
7.22330580615882e-06
7.15910057635938e-06
7.09426084588571e-06
7.02879733016637e-06
6.96272077949089e-06
6.89732403169607e-06
6.83166978676653e-06
6.76542795030599e-06
6.69860922530852e-06
 6.6312243434119e-06
6.56328406445361e-06
6.49479917647078e-06
6.42578049236953e-06
6.35623884948089e-06
6.28618510734036e-06
6.21563014679971e-06
6.14458486891678e-06
6.07365903282364e-06
6.00348166956977e-06
5.93283899652519e-06
5.86174178063281e-06
 5.7902008021582e-06
5.71822685646595e-06
5.64583074869063e-06
 5.5730232944029e-06
5.49981531827726e-06
5.42625199484448e-06
5.35426190695354e-06
5.28189533688384e-06
5.20916291435469e-06
 5.1360752708618e-06
5.06264304145354e-06
4.98887686162242e-06
4.91478736641682e-06
4.84185764815237e-06
 4.7692545890321e-06
 4.6963509479081e-06
4.62315711780015e-06
4.54968348595486e-06
4.47594043473387e-06
4.40252913702643e-06
4.33048722348062e-06
4.25819746796563e-06
4.18566997439918e-06
4.11291483803922e-06
4.03994214082104e-06
3.96815065206724e-06
3.89706713566085e-06
3.82578623248087e-06
3.75431771870716e-06
3.68267135497646e-06
3.61219307576377e-06
3.54257941870273e-06
3.47280682455597e-06
3.40288472799877e-06
3.33282254461054e-06
3.26475099554635e-06
3.19682242233554e-06
 3.1287714377104e-06
3.06060711641187e-06
 2.9923385116426e-06
2.92461444773018e-06
2.85848688696966e-06
2.79227232025114e-06
2.72597945771835e-06
2.65961698353578e-06
2.59319355588872e-06
 2.5267178054289e-06
2.46019833483047e-06
2.39364371634743e-06
2.32706249270187e-06
 2.2604631748635e-06
 2.1938542422717e-06
2.12724413972687e-06
2.06064127938888e-06
1.99405403678021e-06
1.92749075211829e-06
1.86095972942724e-06
1.79446923254112e-06
1.72802748754641e-06
1.66164268078361e-06
1.61193087433453e-06
1.56712090093603e-06
1.52241752271465e-06
1.47910966263876e-06
1.43644567629497e-06
1.39512264918373e-06
1.35452328531294e-06
 1.3157189262536e-06
1.27821748319157e-06
1.24233661091822e-06
1.21241090106361e-06
1.18865314940875e-06
1.16576822778436e-06
 1.1435181672681e-06
1.12170086391528e-06
1.10038581724314e-06
1.07957249934065e-06
 1.1333393352686e-06
1.19438371681824e-06
1.25553936514144e-06
1.31628348065682e-06
1.37772327479802e-06
1.43912059646922e-06
1.50008233190668e-06
1.56117056193672e-06
 1.6226816608178e-06
1.68373364428653e-06
1.74432074429021e-06
1.80527561011168e-06
1.86629016440953e-06
1.92681705035724e-06
1.98685068264481e-06
2.04673477832706e-06
2.10707420911227e-06
2.16689850374152e-06
 2.2262022798536e-06
2.28498024168466e-06
2.34349321659444e-06
2.40244041327387e-06
2.46084111132916e-06
2.51869023637497e-06
2.57598280506421e-06
2.63271392508813e-06
2.68915398127234e-06
2.74590639826044e-06
2.80207822878076e-06
 2.8576648214429e-06
2.91266161767112e-06
2.96706415281456e-06
3.02086805592516e-06
3.07409266708802e-06
3.12776345934296e-06
3.18081842909379e-06
3.23325346451853e-06
3.28506454905231e-06
3.33624776249763e-06
 3.3867992796921e-06
 3.4367153716186e-06
3.48599240584946e-06
3.53474857250902e-06
3.58372719100331e-06
3.63205213016471e-06
3.67972003334494e-06
3.72672764137327e-06
3.77307179122433e-06
3.81874941801641e-06
3.86375755301316e-06
3.90809332584396e-06
3.95175396250558e-06
3.99473678536211e-06
4.03703921425524e-06
4.07930232748654e-06
 4.1211367356464e-06
4.16227959498805e-06
4.20272861401116e-06
4.24248159935914e-06
4.28153645404272e-06
4.31989117899434e-06
4.35754387151377e-06
 4.3944927254902e-06
4.43073603206834e-06
4.46627217809414e-06
4.50109964678092e-06
4.53521701682114e-06
4.56862296283056e-06
4.60131625534821e-06
4.63375709225389e-06
4.66583644209706e-06
4.69719639695221e-06
4.72783601801474e-06
4.75775446151516e-06
4.78695097916315e-06
4.81542491614917e-06
4.84317571181059e-06
4.87020289896556e-06
 4.8965061043571e-06
4.92208504732083e-06
4.94693953956293e-06
4.97106948560422e-06
4.99447488144789e-06
5.01715581457951e-06
5.03911246352295e-06
5.06034509739628e-06
5.08085407635583e-06
5.10063984915377e-06
5.12031530330859e-06
5.13939921420459e-06
5.15775845943978e-06
 5.1753937635457e-06
5.19230593942765e-06
5.20849588769856e-06
5.22396459667895e-06
5.23871314106472e-06
5.25274268148301e-06
5.26605446560247e-06
5.27864982458048e-06
5.29053017617187e-06
5.30169702028793e-06
5.31215194232715e-06
5.32189660962246e-06
5.33093277188534e-06
5.33926226120585e-06
5.34688699049823e-06
5.35380895416715e-06
5.36003022566511e-06
5.36555295904684e-06
 5.3703793858606e-06
5.37509889420029e-06
5.37923718524347e-06
5.38268319494328e-06
5.38543939154756e-06
5.38750831902135e-06
5.38889259837916e-06
5.38959492413227e-06
5.38961806584304e-06
5.38896486790286e-06
5.38763824664557e-06
5.38564119123564e-06
5.38297676211386e-06
5.37964809144142e-06
 5.3756583808795e-06
5.37101090269942e-06
5.36570899756228e-06
5.35975607340866e-06
5.35315560679095e-06
5.34591114154104e-06
5.33802628543967e-06
 5.3295047135471e-06
5.32035016420629e-06
5.31056643904293e-06
5.30028282663686e-06
  5.289942814235e-06
5.27898237456803e-06
5.26740548534299e-06
5.25521618421898e-06
5.24241856836305e-06
5.22901679489429e-06
5.21501507910749e-06
 5.2004176924747e-06
5.18522896530982e-06
 5.1694532825497e-06
5.15309508486439e-06
5.13615886599261e-06
5.11864917496219e-06
5.10057061253733e-06
5.08192783121864e-06
5.06272553502107e-06
 5.0429684792519e-06
5.02266146629182e-06
5.00180934914773e-06
4.98041702856611e-06
4.95848945081256e-06
4.93603160989231e-06
4.91335405694571e-06
4.89057246078062e-06
4.86727268489417e-06
4.84345982254553e-06
4.81913901184683e-06
4.79431543176645e-06
4.76899430124078e-06
4.74318088183878e-06
4.71688047332108e-06
4.69009841341794e-06
4.66284007893947e-06
4.63511088266699e-06
 4.6069162744633e-06
4.57826173771991e-06
4.54915279179957e-06
4.51959498959376e-06
4.48959391552428e-06
4.45915518665352e-06
4.42828445135213e-06
 4.3969873875227e-06
4.36580496243621e-06
4.33446237946278e-06
4.30270720808146e-06
4.27054515639291e-06
4.23798195847702e-06
4.20502337572515e-06
4.17167519239925e-06
4.13794321896255e-06
4.10383328852681e-06
4.06935125729646e-06
4.03450300234809e-06
3.99929442296276e-06
3.96373143707329e-06
3.92781998304059e-06
3.89156601765528e-06
3.85497551436131e-06
  3.818662579258e-06
3.78230336672836e-06
3.74562176230775e-06
3.70862370857594e-06
3.67131516432195e-06
3.63370209943703e-06
3.59579049868941e-06
3.55758635861569e-06
3.51909568552244e-06
3.48032449815072e-06
3.44127882301315e-06
3.40196469705845e-06
3.36253234456407e-06
3.32369680333677e-06
3.28460668153063e-06
3.24526793749058e-06
3.20568653466857e-06
3.16586844228972e-06
3.12581963402003e-06
3.08554608663414e-06
3.04505377957121e-06
3.00434869582311e-06
2.96430210489085e-06
2.92427700787634e-06
2.88405233139777e-06
2.84363394276177e-06
2.80302770905294e-06
 2.7622394964677e-06
2.72127516809384e-06
2.68065972020004e-06
 2.6405170350241e-06
2.60021080644712e-06
 2.5597467612215e-06
2.51913062054854e-06
2.47836809985635e-06
2.43746491035424e-06
 2.3976379357471e-06
2.35768196654718e-06
2.31759710045409e-06
2.27738888858298e-06
2.23706287538761e-06
2.19702689197021e-06
2.15774699618976e-06
2.11836043328972e-06
2.07887257430706e-06
2.03928877962056e-06
1.99997631011861e-06
1.96152018894225e-06
1.92297854728629e-06
 1.8843565605664e-06
 1.8456593910976e-06
1.80776651803605e-06
1.77025763825611e-06
1.73268323266917e-06
 1.6950482701894e-06
1.65735770552011e-06
1.62034913309128e-06
1.58386412096867e-06
1.54733255963713e-06
  1.510759204848e-06
1.47414879747565e-06
1.43750606373949e-06
1.40083571364968e-06
1.36414244078509e-06
 1.3274309225153e-06
1.29070581844637e-06
1.25397176953257e-06
1.21723340029689e-06
1.18049531527831e-06
1.14376209947586e-06
1.10703831901482e-06
1.07032851914823e-06
1.03363722425698e-06
9.96968938293818e-07