                   0
9.41050710867586e-05
0.000115303017632351
0.000344469453417179
0.000516867396504916
 0.00064290712072812
0.000687280687804881
0.000657573103885034
  0.0005775290909108
0.000475643339829523
0.000442434490615096
0.000460344012297664
0.000433549543574219
0.000438878601263071
0.000458749355453147
0.000477540551852451
0.000495287829511137
0.000512125682905484
0.000528171347252082
0.000543507361128126
  0.0005581864630404
0.000572247962936479
 0.00058572910371274
0.000598847984860762
0.000611654654192273
0.000624001966340659
0.000635914897154755
0.000647415038990184
0.000658521007556201
0.000669249756603152
0.000679673850520035
0.000690069436910079
0.000700151590411646
0.000709944242709537
0.000719473817285599
0.000728768954411652
0.000738026674578507
 0.00074748985397266
0.000756833146006608
0.000766192143758282
 0.00077599918468485
0.000785742158289859
0.000795743335162857
0.000805936675096541
0.000816049716797385
0.000826074506861563
0.000836241249829728
0.000846239782345992
0.000855981372712367
0.000865422334413113
0.000874518077863873
0.000883225688144695
0.000891853650926366
  0.0009001808826542
0.000908111664250311
0.000915609230741299
0.000922644104506487
0.000929195142677641
0.000935904332846516
0.000942251974866526
0.000948105866886206
0.000953456400987429
0.000958544598804623
0.000963733128485078
0.000968408674701271
0.000972573397825527
0.000976234326542924
0.000980237497972936
 0.00098375258341854
0.000986764839731036
0.000989284744577268
0.000991979365724704
0.000994372870784521
0.000996273180835727
0.000997686197340197
0.000999080096993898
 0.00100036906331935
 0.00100116211323442
 0.00100145609588509
 0.00100146867219431
 0.00100166194080176
 0.00100133911503808
 0.00100046315721025
0.000998969152210982
 0.00099798881036961
0.000996401649805301
0.000999118539220523
 0.00100706531407158
 0.00100229938714469
 0.00102012854162825
 0.00101411800406737
 0.00102705243832546
 0.00103067236812271
 0.00102832147118781
 0.00104142678977759
 0.00103066585164446
  0.0010467447146798
 0.00104512505781285
 0.00104710201480362
 0.00105450225245529
 0.00104304584346226
  0.0010576220959192
 0.00104767919706816
 0.00105353755059912
 0.00105223481935923
 0.00104559999913967
 0.00105265830307311
 0.00103678631933013
 0.00104911360311366
 0.00104139772881262
  0.0010418925975052
  0.0010420850548768
 0.00103131702599868
 0.00103900120975853
 0.00102488784386801
 0.00103235373127086
 0.00102546896295719
 0.00102240143520804
  0.0010223274336757
 0.00100944942082903
 0.00101567084107557
 0.00100129224759904
  0.0010056948473447
0.000997259289867602
0.000992478607491076
0.000989365457732871
0.000976042678681233
0.000977700040421525
0.000960079685822457
0.000962526282511478
0.000949226057652686
 0.00094401534539712
0.000934432086391546
0.000922348602607426
0.000915837364140359
0.000897714986911935
0.000893505696192287
0.000871907758464241
0.000867592680663609
0.000847967026468943
0.000838436349291372
 0.00082016025872389
0.000806819234104084
0.000789320432947771
0.000773701544134753
0.000756413619462437
0.000739294558866399
0.000721814848560098
0.000704025100548678
0.000686017076814316
0.000668236232296171
0.000649378699450864
0.000632090099371707
0.000611967499267063
0.000595711767507834
0.000574238320268372
0.000555762641286095
0.000531796281097452
0.000524573839090992
0.000516874438477033
 0.00051079227255002
0.000501482075189297
0.000494791592022037
0.000486285558960131
0.000476524666304656
0.000468804264827538
0.000458489240552917
0.000449683464268991
 0.00043996236395516
0.000429431358589749
0.000420129389044344
0.000408977542489142
0.000399309520553892
0.000395725931418567
0.000391602044732209
 0.00038747574146103
0.000383479650958196
0.000378944704864104
0.000373921194442906
0.000369359375920641
0.000364473993646364
0.000359164511507193
0.000353560755169569
0.000348415481804532
0.000343073302655372
0.000337498579273898
0.000331830943800404
0.000326167861504412
0.000320663015838885
0.000315287921879626
0.000309903659124089
0.000304654210460664
0.000299745243120708
0.000294978789130762
0.000290383916910941
0.000285976187537007
0.000281691198125933
0.000277467228999351
0.000273346870290569
0.000269296398684449
0.000265236905527821
0.000261192857197501
0.000257158828922299
0.000253116621893534
0.000249053956096423
0.000256594712766095
0.000271110368337157
0.000280698533168727
0.000292636618791059
0.000299918961190387
 0.00030940088936382
0.000313465697155124
0.000320612188957847
 0.00032091750640148
0.000325819335655481
0.000322337383840715
0.000325019808801175
0.000318208159910294
0.000318615512213155
 0.00030930998400866
0.000307280208872496
0.000296592593424183
0.000292012894440169
0.000281129951771264
 0.00027381229836354
0.000263790622369309
0.000253672901003824
0.000245429889995208
0.000233914651252373
0.000226561850734941
0.000218722280223502
0.000207826832534119
 0.00020368221501868
 0.00019626026605371
0.000197561235603355
0.000199200350842477
0.000201418263835046
0.000204292348365248
0.000207647554576265
0.000211020323134317
0.000214067104720966
 0.00021863949113661
 0.00022234288612355
0.000224518711819499
0.000227849812649825
0.000230828990838261
 0.00023163314899792
0.000234026516195779
 0.00023548470841521
0.000234581953878432
0.000236176858425544
 0.00023590397413617
0.000233799402813928
0.000234126163981149
 0.00023251284770158
0.000229602419981198
0.000228491449281665
0.000226437038123098
 0.00022388543394275
0.000221279617178674
 0.00021881323147703
0.000216485603548339
0.000214169317114987
0.000211727819731639
0.000209051527709073
 0.00020607705989098
0.000202790707270847
0.000199193176878582
0.000195329825350588
0.000191224460208597
0.000186889380145008
 0.00018232509884919
0.000177521942029621
0.000172496445477746
0.000167260661721194
0.000161838333581632
0.000156261146335199
0.000150570610114253
0.000144826442919035
0.000139079961783042
0.000133378931708894
0.000127759482804621
0.000122257226868663
0.000116903189531739
0.000111716396122702
 0.00011290829078614
 0.00011527205994466
0.000117606042922325
0.000119910734434958
0.000122219183912975
0.000124538791885453
0.000126823607958793
0.000129078489901957
0.000131303243413372
 0.00013355732290965
0.000135787846618385
0.000137987833968789
0.000140157046692346
0.000142295294073946
0.000144469835201555
  0.0001466206229922
0.000148740030839645
0.000150827833083622
0.000152883784023339
 0.00015496332912468
0.000157029054555502
0.000159062505856955
0.000161063419816032
0.000163031519352375
 0.00016499268112391
0.000166968080721697
  0.0001689102640553
0.000170818945435913
0.000172693831002491
0.000174534621852795
0.000176386605057366
0.000178232423836189
0.000180043772162075
0.000181820350998452
0.000183561862913351
 0.00018526801583385
0.000186984562580705
0.000188693706625886
0.000190367136188696
0.000192004568112303
0.000193605731517277
0.000195170371429243
0.000196730111532317
0.000198295778669699
0.000199824583881347
0.000201316289733078
0.000202770680501008
0.000204187564975311
0.000205566778877064
0.000206980949337687
0.000208359039099104
0.000209699133856489
0.000211001094563956
0.000212264811917384
0.000213490207385258
 0.00021469071570257
0.000215912845180521
0.000217096348726464
0.000218241175374057
0.000219347305084105
0.000220414748320685
 0.00022144354514686
0.000222433763871765
0.000223450297489491
0.000224434383615746
 0.00022537961224578
0.000226286075178495
0.000227153888666676
0.000227983191107506
0.000228774140500598
0.000229526911741496
0.000230305276782472
0.000231048889409613
0.000231754089378367
0.000232421064746191
0.000233050015184033
0.000233641149247621
0.000234194681743571
0.000234710831245155
0.000235189817807124
0.000235693402031223
0.000236160187114254
0.000236589644916019
0.000236981996848962
0.000237337462469012
0.000237656258023966
0.000237938595313847
0.000238184680864451
0.000238394715419199
0.000238568893736524
0.000238739869060645
0.000238899787416313
0.000239023788559112
0.000239112066080738
0.000239164808382597
0.000239182199229804
  0.0002391644185048
0.000239111643120071
 0.00023902404805376
0.000238901807466996
0.000238745095866078
0.000238554089270759
0.000238342522804191
0.000238137150154638
0.000237897566491507
0.000237623956966804
 0.00023731651051595
0.000236975420804808
0.000236600887065674
0.000236193114798944
 0.00023575231633266
0.000235278711225528
0.000234772526513383
0.000234233996798006
0.000233663364183068
0.000233060878068847
0.000232469294478288
0.000231854779992657
0.000231208668670879
0.000230531222489394
0.000229822709777672
0.000229083404671981
 0.00022831358649722
0.000227513539093005
0.000226683550103912
 0.00022582391025483
0.000224934912629315
0.000224016851965714
0.000223070023989913
0.000222094724794952
0.000221122433486931
0.000220140203139318
0.000219129917236494
0.000218091874952475
0.000217026374696561
0.000215933713707206
0.000214814187720513
0.000213668090713881
0.000212495714724037
0.000211297349734574
0.000210073283630319
0.000208823802208435
0.000207549189243594
0.000206249726595664
0.000204949237211927
0.000203651287047357
0.000202329026057102
0.000200982735165667
0.000199612693631335
0.000198219179225245
0.000196802468414692
0.000195362836549084
0.000193900558038806
0.000192415906520305
 0.00019090915500608
0.000189380576012699
0.000187830441665038
0.000186289214970436
0.000184751658065196
0.000183193150490646
0.000181613961297011
0.000180014359123182
0.000178394612218025
0.000176754988440164
0.000175095755233556
0.000173417179585189
 0.00017171952796502
0.000170003066250035
0.000168299008842521
 0.00016660706180871
 0.00016489691025956
0.000163168812871373
0.000161423027452146
0.000159659810850754
  0.0001578794188688
0.000156082106173239
0.000154268126217105
0.000152460757108619
 0.00015068283091213
0.000148888798119029
0.000147078902021813
0.000145253384606914
  0.0001434124865205
0.000141556447048052
0.000139685504111586
0.000137858874377228
0.000136034269717422
0.000134195248704172
 0.00013234203858048
0.000130474865474017
0.000128593954463518
0.000126757639596242
 0.00012492997318958
0.000123088984546382
0.000121234889725708
0.000119367904240053
0.000117541590617165
0.000115731080350456
0.000113908035447308
0.000112072665792162
0.000110225273684206
0.000108446849146293
0.000106656426125784
0.000104854213357763
0.000103040420161571
0.000101250802510833
9.94913423104649e-05
9.77206569375277e-05
9.59389603595318e-05
9.41464676513792e-05
9.23433951634522e-05
9.05875633128717e-05
8.88321451570917e-05
8.70666629060324e-05
8.52913426936386e-05
8.35064121604834e-05
8.17121005964871e-05
7.99086390733117e-05
7.80962605644309e-05
7.62752000512124e-05
7.44456946106808e-05
7.26079834859616e-05
7.07623081354081e-05
6.89323629164407e-05
 6.7126420367436e-05
6.53134739251882e-05
6.34937739669161e-05
 6.1667572602786e-05
5.98351236471562e-05
5.79966825704492e-05
5.61525064315949e-05
5.43028537952073e-05
5.24479846333303e-05
5.05881602153591e-05
4.87236429887461e-05
4.68546964525474e-05
4.49815850279145e-05
4.31045739271996e-05
4.16076068864846e-05
4.04152797093271e-05
3.92615149876208e-05
3.81306630297673e-05
3.69959869961911e-05
3.59085210099863e-05
 3.4832915267069e-05
3.58149420990328e-05
3.75782962008797e-05
3.93882841368542e-05
4.11887041614767e-05
 4.3001741258597e-05
4.48399889246831e-05
4.66679296469152e-05
4.85183791689714e-05
5.03811726114689e-05
5.22329135691502e-05
5.41051346079069e-05
 5.5988746692881e-05
5.78605583460012e-05
 5.9737411371219e-05
6.16381044894476e-05
6.35262507271417e-05
6.54015971712774e-05
6.73014102258174e-05
6.92021610110283e-05
7.10893696591608e-05
7.29627858110371e-05
7.48530257268509e-05
7.67483644387168e-05
 7.8629177487799e-05
8.04952177254625e-05
8.23462421206678e-05
8.42297013812221e-05
8.60986983335366e-05
8.79519592477118e-05
8.97892451223736e-05
9.16103214031461e-05
9.34536983417944e-05
9.52888273242358e-05
 9.7107043412592e-05
9.89081168591976e-05
0.000100691822677912
0.000102458603779221
0.000104252467662547
0.000106028281533166
0.000107785825999351
0.000109524886734103
0.000111245254551862
0.000112946725477903
0.000114646833954124
0.000116353692257931
0.000118040999571467
0.000119708558797726
0.000121356178322651
 0.00012298367206709
0.000124590859532092
0.000126177565837993
0.000127776101870536
0.000129363072463362
0.000130928947902009
0.000132473561758273
0.000133996753448606
 0.00013549836825455
0.000136978257337605
0.000138436277747456
0.000139872292424625
0.000141318321608686
0.000142749248032703
0.000144157613453322
0.000145543291048988
0.000146906160050198
0.000148246105724947
0.000149563019360199
0.000150856798237897
0.000152127345606878
0.000153374570650899
0.000154599803995015
0.000155836614874061
0.000157049633554007
0.000158238781227116
0.000159403985099615
0.000160545178345073
0.000161662300055876
0.000162755295190498
 0.00016382411451743
0.000164868714557787
0.000165889057525348
0.000166885111262616
0.000167856849176751
0.000168804250173626
0.000169742774818404
0.000170673993029946
0.000171580547826955
0.000172462431655918
0.000173319642428837
0.000174152183449072
0.000174960063334617
0.000175743295941388
 0.00017650190028351
0.000177235900455153
0.000177945325550266
0.000178630209581865
0.000179290591401204
0.000179926514616069
0.000180538027508947
0.000181125182954878
0.000181688038340178
0.000182226655479178
0.000182754447717426
0.000183272377365151
0.000183765957029292
0.000184235262095656
0.000184680372231072
0.000185101371297125
0.000185498347263224
0.000185871392122894
0.000186220601805509
0.000186546076093808
0.000186847918537514
 0.00018712623636985
0.000187381140422938
0.000187612745045973
0.000187821168020519
0.000188006530479901
0.000188168956826495
0.000188308574650575
0.000188425514650037
0.000188519910550133
0.000188591899024315
0.000188641619614849
0.000188669214654991
0.000188686909622482
0.000188693008328022
 0.00018867713448123
0.000188639441162208
0.000188580084002576
0.000188499221105198
0.000188397012965913
0.000188273622395929
0.000188129214444444
 0.00018796395632259
  0.0001877780173275
0.000187571568767586
0.000187344783889043
0.000187097837801908
 0.00018683090740812
 0.00018654417133035
 0.00018623780984095
0.000185912004791566
0.000185566939545079
0.000185202798907769
0.000184819769060707
0.000184418037494916
 0.00018399779294509
0.000183559225325758
   0.000183102525667
0.000182627886052167
0.000182135499556257
0.000181625560184973
0.000181111086073882
0.000180585182199433
0.000180042105389688
0.000179482054518232
0.000178905229135662
0.000178311829411748
 0.00017770205607881
0.000177076110375429
0.000176434193992048
0.000175776509017012
0.000175103257884168
0.000174414643320464
0.000173710868295873
 0.00017299213597366
0.000172258649661861
0.000171510612765324
0.000170748228739526
0.000169971701045379
0.000169181233104276
0.000168377028254785
0.000167559289710462
 0.00016672822051822
0.000165884023518359
0.000165026901304821
0.000164157056187331
0.000163274690153314
0.000162380004832374
0.000161473201460649
0.000160562185324231
0.000159649981464005
0.000158726123030473
0.000157790810444869
0.000156844243565879
0.000155886621658996
0.000154918143366767
0.000153939006680703
0.000152949408912972
0.000151949546669528
0.000150939615825352
 0.00014991981149759
0.000148890328023565
0.000147851358935802
 0.00014680309694115
0.000145745733898361
0.000144679460797992
 0.00014360446774242
0.000142520943927082
 0.00014142907762138
 0.00014032905615291
0.000139221065889483
0.000138105292223578
0.000136989570759249
0.000135879313960197
0.000134761709464692
 0.00013363693866808
 0.00013250518191088
0.000131366618466577
0.000130221426530852
0.000129069783210478
0.000127911864513996
0.000126747845340947
 0.00012557789947476
0.000124402199573326
0.000123220917161881
  0.0001220342226258
0.000120842285204592
0.000119645272985358
0.000118443352897124
0.000117240872628099
0.000116053605288213
0.000114861801884247
 0.00011366562394155
 0.00011246523180608
0.000111260784642075
0.000110052440429054
0.000108840355961148
0.000107624686845109
0.000106405587499858
0.000105183211155047
0.000103957709852387
0.000102729234444099
0.000101503751692267
0.000100297467300781
9.90885119284135e-05
9.78770304554955e-05
9.66631665876294e-05
 9.5447062859022e-05
9.42288606353703e-05
9.30087001151936e-05
9.17867203337197e-05
9.05630591658824e-05
8.93378533298739e-05
8.81404210321124e-05
8.69436309244298e-05
8.57455336908952e-05
8.45462599591285e-05
8.33459392386438e-05
8.21446999257347e-05
8.09426693079152e-05
7.97399735685822e-05
7.85477794326139e-05
7.73778984045626e-05
7.62075450519983e-05
 7.5036839568221e-05
7.38659010945941e-05
7.26948477240974e-05
7.15237965084325e-05
7.03528634622419e-05
6.91949493849542e-05
6.80599706431861e-05
6.69252704027512e-05
6.57909589534267e-05
6.46571456003331e-05
6.35239386703734e-05
 6.2391445516341e-05
6.14925645610609e-05
6.06704529786395e-05
5.98471962161562e-05
5.90228452551078e-05
5.81974512232075e-05
5.73710654135917e-05
5.65437393035828e-05
5.57155245722862e-05
  5.488647311791e-05
5.40566370741957e-05
5.32260688250741e-05
 5.2394821020374e-05
5.15629465888678e-05
5.07304987517054e-05
4.98975310343486e-05
4.90640972781176e-05
4.82302516510158e-05
4.73960486566116e-05
4.65615431440858e-05
4.57267903153369e-05
 4.4891845732864e-05
4.40567653259838e-05
4.32216053967149e-05
4.23864226244963e-05
 4.1551274070295e-05
4.07162171799924e-05
3.98813097869377e-05
3.90466101136688e-05
3.82121767728005e-05
3.73780687676351e-05
3.65443454914405e-05
 3.5711066726396e-05
3.48782926416491e-05
3.40460837909839e-05
3.32145011089358e-05
3.23836059079596e-05
3.15534598726575e-05
 3.0724125055559e-05
2.98956638708492e-05
2.90681390878733e-05
2.82416138246422e-05
 2.7416151539561e-05
2.65918160239353e-05
2.57686713932004e-05
 2.4946782077484e-05
 2.4126212812281e-05
2.33070286283499e-05
2.24892948409439e-05
2.16730770388196e-05
2.08584410730239e-05
2.00454530450145e-05
1.92341792941697e-05
1.84246863859094e-05
1.87087381634532e-05
 1.9462905117229e-05
2.02257627507363e-05
2.09909394132124e-05
2.17498716924558e-05
2.25101388219295e-05
 2.3278159966944e-05
2.40395988929665e-05
2.47984697804293e-05
2.55671008002611e-05
2.63288302126963e-05
2.70869883173264e-05
2.78540565659124e-05
2.86139221497006e-05
2.93702870759471e-05
3.01337166128679e-05
3.08896605294429e-05
3.16425236139839e-05
3.24003500407066e-05
3.31504256421145e-05
  3.389620727412e-05
3.46465927665296e-05
3.53889796668172e-05
3.61233141752404e-05
 3.6864207831333e-05
3.75972167079297e-05
3.83219448778505e-05
3.90433922664579e-05
 3.9765472903186e-05
4.04790614478845e-05
4.11841095162568e-05
4.18806055756393e-05
4.25816607346752e-05
4.32739833735596e-05
4.39575281707683e-05
4.46322505799346e-05
4.52981068328473e-05
4.59652728503901e-05
4.66256795691455e-05
4.72770518590293e-05
4.79193489325569e-05
4.85525307708512e-05
4.91765581263071e-05
4.98001827419214e-05
5.04175023524622e-05
5.10255225862899e-05
5.16242070778272e-05
5.22135202242202e-05
5.27934271884467e-05
 5.3363893902425e-05
 5.3930755720466e-05
5.44933596684505e-05
5.50464036036535e-05
5.55898562250023e-05
 5.6123686992926e-05
5.66478661337966e-05
5.71623646431485e-05
5.76671542901197e-05
5.81622076214483e-05
5.86573003366064e-05
 5.9143429092301e-05
5.96197303822654e-05
6.00861793961238e-05
6.05427520983248e-05
6.09894252318055e-05
6.14261763245416e-05
6.18529836931003e-05
6.22698264484134e-05
6.26766845015503e-05
6.30811081863136e-05
6.34782454932425e-05
6.38653369138265e-05
6.42423649018786e-05
6.46093127121272e-05
6.49661644075428e-05
6.53129048643342e-05
 6.5649519778721e-05
6.59759956729289e-05
6.62923199020726e-05
6.65984806603737e-05
6.68944669884874e-05
 6.7189211028329e-05
6.74750039501015e-05
6.77505944404189e-05
6.80159740196196e-05
6.82711350608045e-05
6.85160707974974e-05
6.87507753309724e-05
6.89752436368041e-05
6.91894715734165e-05
6.93934558889664e-05
6.95871942290038e-05
6.97706851439106e-05
 6.9943928097338e-05
7.01117964382325e-05
7.02748600774905e-05
7.04276826800632e-05
 7.0570266164971e-05
7.07026133752731e-05
7.08247280845065e-05
7.09366150054569e-05
7.10382797980413e-05
7.11297290774127e-05
7.12109704215091e-05
7.12820123796032e-05
7.13428644795178e-05
7.13935372368413e-05
7.14340421613668e-05
7.14643917661961e-05
7.14920788830176e-05
7.15129240590473e-05
7.15236592905288e-05
7.15242995262821e-05
7.15148607276506e-05
7.14953598772716e-05
7.14658149861824e-05
7.14262451029235e-05
7.13766703186458e-05
7.13171117771028e-05
7.12475916803124e-05
7.11681332968839e-05
7.10787609686792e-05
7.09795001183622e-05
7.08703772556163e-05
7.07514199846937e-05
7.06335668265723e-05
7.05066143221744e-05
7.03699127221347e-05
7.02234919767175e-05
7.00673831358634e-05
 6.9901618356627e-05
6.97262309082847e-05
6.95412551786623e-05
6.93467266804637e-05
6.91426820559338e-05
6.89291590834085e-05
 6.8706196681978e-05
6.84738349164826e-05
6.82321150020648e-05
6.79810793100533e-05
 6.7732166833423e-05
6.74753383125282e-05
6.72093152890296e-05
6.69341422727676e-05
6.66498649275482e-05
6.63565300743629e-05
6.60541856959407e-05
6.57428809384131e-05
6.54226661169766e-05
6.50935927154483e-05
6.47557133921506e-05
6.44090819790222e-05
6.40537534855046e-05
6.36906548836524e-05
6.33322222073351e-05
6.29652435328865e-05
6.25897756905136e-05
6.22058766786004e-05
6.18136056638185e-05
6.14130229822374e-05
6.10041901392133e-05
6.05871698098337e-05
6.01620258381397e-05
5.97288232362381e-05
5.92876281837462e-05
5.88385080254605e-05
5.83923830713706e-05
 5.7943410467387e-05
5.74866879247127e-05
5.70222841810297e-05
5.65502691223241e-05
5.60707137801097e-05
5.55836903282092e-05
5.50892720796448e-05
5.45875334825308e-05
5.40785501159657e-05
5.35623986852585e-05
5.30541946472951e-05
5.25416886686392e-05
5.20222065975018e-05
5.14958260441345e-05
 5.0962625719464e-05
 5.0422685430318e-05
4.98760860724312e-05
4.93229096238945e-05
4.87632391370507e-05
4.82070984639815e-05
4.76546616597906e-05
4.70959334131216e-05
4.65309971725558e-05
4.59599374297293e-05
4.53828397121159e-05
4.47997905730357e-05
 4.4210877581552e-05
4.36278679404323e-05
4.30498135290946e-05
4.24661027532691e-05
4.18768230640021e-05
4.12820628920008e-05
4.06819116360868e-05
4.00764596527603e-05
3.94839743088626e-05
3.88927869676703e-05
 3.8296506267077e-05
3.76952219738325e-05
3.70890247703981e-05
3.64802834390554e-05
3.58908683141257e-05
3.52967451745512e-05
3.46980038140599e-05
3.40947348969056e-05
3.34917714907013e-05
 3.2906994412274e-05
3.23178886435516e-05
3.17245438191671e-05
3.11270503972061e-05
3.05439638604854e-05
2.99662321775473e-05
 2.9384542945321e-05
2.87989855803916e-05
2.82253222791962e-05
2.76601834470203e-05
 2.7091361499143e-05
2.65189450050496e-05
 2.5961243508843e-05
2.54090650796401e-05
 2.4853476166764e-05
2.42945649464588e-05
2.37324202628786e-05
2.31905900157092e-05
2.26470362016395e-05
2.21004544587733e-05
2.15509340477094e-05
2.09985647927624e-05
2.04434370622564e-05
1.98856417484294e-05
1.93252702463398e-05
1.87624144338261e-05
1.81971666496916e-05
1.76296196728876e-05
1.70598667002531e-05
1.64880013249213e-05
1.59141175143374e-05
1.53383095871096e-05
1.47606721910831e-05
1.41955161417351e-05
1.36333009016498e-05
1.30696080623549e-05
1.25045327530882e-05
1.20294701119739e-05
1.16731548774895e-05
1.13153611082661e-05
1.09717994603575e-05
1.06323365011152e-05
1.02978711447044e-05
9.97601975633033e-06
9.65598526764255e-06
9.35095335713454e-06
 9.7844361113264e-06
1.04422992639464e-05
1.10970372518837e-05
1.17485678537976e-05
1.24030460874058e-05
1.30632396198038e-05
1.37199982574998e-05
 1.4373240202481e-05
1.50228846279576e-05
1.56793848159476e-05
1.63363269439776e-05
1.69894446164776e-05
1.76386577359633e-05
1.82838872353486e-05
1.89290073420167e-05
 1.9580136064401e-05
2.02270572389196e-05
  2.086969284254e-05
2.15079659410256e-05
 2.2141800698261e-05
2.27711223844684e-05
 2.3408170330752e-05
2.40416779422326e-05
2.46704548164667e-05
2.52944276859512e-05
2.59135244462527e-05
2.65276741620024e-05
2.71368070760003e-05
2.77454800495791e-05
2.83570841390635e-05
2.89634641930103e-05
2.95645523306076e-05
 3.0160281899505e-05
3.07505874819203e-05
3.13354049013004e-05
3.19146712263185e-05
3.24883247767582e-05
3.30592160533438e-05
3.36333933053101e-05
3.42017675269979e-05
3.47642793933067e-05
3.53208708750996e-05
 3.5871485240091e-05
  3.641606705862e-05
3.69545622043166e-05
3.74869178576542e-05
3.80130825068381e-05
3.85330059508027e-05
3.90467384904225e-05
3.95651225897353e-05
4.00771012609713e-05
4.05826271472343e-05
4.10816542339987e-05
4.15741378483325e-05
4.20600346594524e-05
4.25393026776133e-05
4.30119012526653e-05
4.34777910733875e-05
4.39369341651563e-05
4.43892938880586e-05
4.48348349343375e-05
4.52735233253954e-05
4.57053264087959e-05
4.61369094788555e-05
4.65650077495772e-05
4.69860977935221e-05
4.74001502438481e-05
 4.7807137073308e-05
4.82070315886984e-05
4.85998084260864e-05
4.89854435461456e-05
4.93639142279401e-05
 4.9735199062817e-05
5.00992779490783e-05
5.04561320836538e-05
5.08057439577714e-05
5.11480973472977e-05
5.14831773075208e-05
5.18109701641567e-05
5.21314635059111e-05
5.24446461765971e-05
5.27505082661417e-05
5.30566472048966e-05
5.33570223069102e-05
5.36500128341943e-05
5.39356123243628e-05
5.42138155499305e-05
5.44846185090986e-05
5.47480184148741e-05
5.50040136861885e-05
5.52526039365731e-05
5.54937899645003e-05
5.57275737418372e-05
5.59539584039648e-05
5.61729482380091e-05
5.63845486717396e-05
5.65887662625775e-05
5.67856086860496e-05
5.69750847235762e-05
5.71572042512569e-05
5.73319782278814e-05
 5.7499418682383e-05
5.76595387024037e-05
5.78123524214158e-05
5.79578750068421e-05
5.81033594315716e-05
5.82426478835663e-05
5.83746516737982e-05
5.84993890671015e-05
5.86168793266229e-05
5.87271427010538e-05
5.88302004113084e-05
 5.8926074637089e-05
5.90147885036751e-05
5.90963660682675e-05
5.91708323074425e-05
 5.9238213102164e-05
5.92985352252384e-05
5.93518263277693e-05
5.93981149251688e-05
5.94374303839462e-05
5.94698029072749e-05
5.94952635227797e-05
5.95138440673271e-05
5.95255771740355e-05
5.95304962590637e-05
5.95286355076219e-05
5.95200298596499e-05
5.95047149977157e-05
5.94827273316945e-05
 5.9454103986778e-05
5.94241589171318e-05
5.93901338197256e-05
5.93495462803961e-05
 5.9302435613251e-05
5.92488417985315e-05
 5.9188805468513e-05
5.91223678950703e-05
5.90495709752448e-05
5.89704572175886e-05
5.88850697297305e-05
5.87934522039424e-05
5.86956489043722e-05
5.85917046540541e-05
5.84816648213637e-05
5.83655753070289e-05
5.82434825313616e-05
5.81154334209355e-05
5.79814753961516e-05
5.78416563590256e-05
5.76960246793101e-05
5.75446291828374e-05
5.73875191388629e-05
5.72247442479634e-05
5.70563546291591e-05
5.68824008085889e-05
5.67029337071867e-05
5.65180046280256e-05
5.63353196267879e-05
5.61473898512688e-05
5.59541165849886e-05
5.57555521333297e-05
5.55517491364066e-05
5.53427605587409e-05
5.51286396763828e-05
5.49094400674743e-05
5.46852155987043e-05
5.44560204167599e-05
5.42219089354479e-05
5.39829358261468e-05
5.37391560059275e-05
5.34906246287825e-05
5.32373970727473e-05
5.29795289320178e-05
5.27170760052931e-05
5.24500942857831e-05
5.21786399518831e-05
5.19027693568486e-05
5.16225390195801e-05
5.13380056141877e-05
5.10492259617745e-05
5.07572857573191e-05
5.04685941205008e-05
5.01757920358115e-05
4.98789363244656e-05
4.95780839155913e-05
4.92732918371264e-05
4.89646172068259e-05
4.86521172240462e-05
4.83358491611963e-05
4.80158703548561e-05
4.76922381986711e-05
4.73650101342482e-05
4.70342436433846e-05
4.66999962402959e-05
4.63623254642886e-05
 4.6021288871434e-05
4.56769440275728e-05
4.53293485005446e-05
4.49785598533037e-05
4.46246356368141e-05
4.42735913825931e-05
4.39229682765996e-05
4.35693438259888e-05
 4.3212774831547e-05
4.28533180540924e-05
  4.249103020737e-05
4.21259679522779e-05
4.17581878897622e-05
4.13877465551549e-05
4.10147004121786e-05
4.06391058462852e-05
4.02610191596597e-05
3.98804965646704e-05
3.94975941788722e-05
3.91123680189009e-05
3.87275874381698e-05
3.83484998531802e-05
3.79672124154462e-05
3.75837799023726e-05
3.71982569717932e-05
3.68106981549765e-05
3.64211578539608e-05
3.60296903353374e-05
3.56363497260315e-05
3.52411900087501e-05
3.48442650175418e-05
3.44456284323558e-05
3.40462292672816e-05
 3.3656167219287e-05
3.32645039425872e-05
3.28712915438345e-05
3.24765819632589e-05
3.20804269705599e-05
3.16828781617984e-05
3.12839869544002e-05
3.08838045846027e-05
3.04823821032363e-05
3.00847839147522e-05
2.96937701779187e-05
2.93016132695278e-05
2.89083624468445e-05
2.85140667743988e-05
2.81187751194345e-05
2.77225361487998e-05
2.73253983271715e-05
2.69288792993372e-05
 2.6543409699098e-05
2.61571276469752e-05
2.57700796669758e-05
2.53823120752728e-05
2.49938709765418e-05
2.46048022618517e-05
2.42151516063327e-05
2.38332964014321e-05
2.34564015941796e-05
2.30789998082459e-05
2.27011346447537e-05
2.23228494863337e-05
2.19441874947934e-05
2.15651916086745e-05
2.11995262850984e-05
2.08342487054702e-05
2.04687007877569e-05
2.01029232516081e-05
1.97369565940742e-05
1.93755991731992e-05
1.90521312604663e-05
1.87355348201246e-05
1.84185967016526e-05
1.81013503186556e-05
1.77838289676657e-05
1.74660658276427e-05
1.71480939586965e-05
1.68299463013111e-05
1.65116556755107e-05
 1.6193254779695e-05
1.58747761896394e-05
 1.5556252357718e-05
1.52377156119043e-05
1.49191981543839e-05
1.46007320612207e-05
 1.4282349280581e-05
1.39640816322339e-05
1.36459608061079e-05
1.33280183616247e-05
1.30102857263115e-05
1.26927941947463e-05
1.23755749273924e-05
1.20586589497651e-05
 1.1742077150878e-05
1.14258602824657e-05
1.11100389573182e-05
1.07946436488371e-05
1.04797046891481e-05
1.01652522679907e-05
9.85131643183035e-06
9.53792708241474e-06
9.22511397538628e-06
8.91290671906075e-06
8.60133477348368e-06
 8.2904274484874e-06
7.98021390291392e-06
7.67072314306061e-06
7.36198402134791e-06
7.05402523487608e-06
7.16769671782469e-06
 7.4338965557752e-06
7.69812388567992e-06
7.96961130278273e-06
8.23978644837187e-06
8.50786067296827e-06
8.77380973074438e-06
9.03760969628298e-06
9.30363794982014e-06
9.57256901323866e-06
9.83922779029811e-06
1.01035910123892e-05
1.03656357465232e-05
1.06263146573138e-05
1.08926669741827e-05
1.11565832116023e-05
1.14180411947551e-05
1.16770190988769e-05
1.19334954501449e-05
1.21948117505211e-05
1.24546890171162e-05
 1.2711953548572e-05
1.29665847323768e-05
1.32185623197278e-05
1.34732376263491e-05
1.37278251817197e-05
1.39796542342197e-05
 1.4228705478625e-05
1.44749599823024e-05
1.47219263434417e-05
 1.4970030139061e-05
1.52152388328552e-05
1.54575345087116e-05
1.56968996312123e-05
1.59343751739982e-05
1.61748693208175e-05
1.64123413805006e-05
1.66467748962118e-05
 1.6878153799027e-05
1.71064624100437e-05
1.73347578404925e-05
1.75634543142511e-05
1.77889969218414e-05
1.80113711182317e-05
1.82305627532964e-05
1.84465580733706e-05
1.86614705179888e-05
1.88771761244766e-05
1.90896102201243e-05
1.92987602278816e-05
1.95046139712662e-05
1.97071596752529e-05
1.99063859659399e-05
2.01064205034296e-05
2.03046892669478e-05
2.04995729576885e-05
 2.0691061413336e-05
2.08791448764734e-05
2.10638139953589e-05
2.12450598233715e-05
2.14248154944974e-05
2.16045190980507e-05
2.17807436981854e-05
2.19534815817379e-05
2.21227254432188e-05
2.22884683849234e-05
 2.2450703917043e-05
2.26094259577758e-05
2.27647196537895e-05
2.29213638125447e-05
2.30744499444269e-05
 2.3223973211306e-05
2.33699291839473e-05
2.35123138414561e-05
2.36511235721659e-05
2.37863551735273e-05
2.39180058516641e-05
2.40460732217063e-05
2.41723974799823e-05
2.42979022714307e-05
 2.4419792436059e-05
2.45380668263406e-05
2.46527247033113e-05
2.47637657357913e-05
2.48711900000531e-05
2.49749979800429e-05
2.50751905664925e-05
2.51717690569198e-05
2.52647351556279e-05
2.53549919726481e-05
2.54450479496571e-05
 2.5531474500684e-05
2.56142745411747e-05
2.56934513900298e-05
2.57690087701601e-05
2.58409508070434e-05
2.59092820282802e-05
2.59740073634829e-05
2.60351321422769e-05
2.60926620954116e-05
2.61466033519842e-05
  2.619696244055e-05
2.62447070432659e-05
2.62919804441264e-05
2.63356704915951e-05
2.63757848695256e-05
2.64123316563447e-05
2.64453193234981e-05
2.64747567346735e-05
2.65006531442458e-05
2.65230181970555e-05
2.65418619258551e-05
2.65571947516419e-05
2.65690274808827e-05
2.65773713048478e-05
2.65822377983893e-05
2.65836389181651e-05
2.65827096818105e-05
2.65811095535584e-05
2.65760597013553e-05
2.65675731415671e-05
2.65556632660369e-05
2.65403438397538e-05
2.65216290004089e-05
2.64995332553974e-05
2.64740714810419e-05
2.64452589201492e-05
2.64131111801236e-05
2.63776442308572e-05
2.63388744038417e-05
2.62968183882828e-05
2.62514932303226e-05
2.62029163302646e-05
 2.6151105440797e-05
2.60979014704565e-05
2.60435181687058e-05
2.59859333974211e-05
2.59251658156767e-05
 2.5861234425939e-05
2.57941585710686e-05
 2.5723957931878e-05
2.56506525243561e-05
2.55742626977806e-05
2.54948091310547e-05
2.54123128309303e-05
2.53267951285663e-05
2.52382776771976e-05
2.51467824491369e-05
2.50523317324447e-05
 2.4954948128264e-05
2.48546545483785e-05
2.47540736798557e-05
2.46519530395783e-05
2.45469690828282e-05
2.44391454272685e-05
2.43285059889908e-05
2.42150749787395e-05
2.40988768995809e-05
2.39799365417959e-05
2.38582789811037e-05
2.37339295752204e-05
2.36069139588624e-05
2.34772580413045e-05
 2.3344988003271e-05
2.32101302921617e-05
2.30727116189433e-05
2.29327589538197e-05
2.27938596423227e-05
2.26530637287281e-05
2.25097908005401e-05
2.23640683001403e-05
 2.2215923916491e-05
2.20653855795838e-05
2.19124814565541e-05
2.17572399494603e-05
2.15996896887338e-05
2.14398595310694e-05
2.12777785542073e-05
2.11134760528253e-05
2.09469815348751e-05
2.07783247169191e-05
2.06109610796368e-05
2.04425829403165e-05
2.02721057098731e-05
2.00995593314657e-05
1.99249739404328e-05
1.97483798611842e-05
1.95698076019823e-05
 1.9389287850502e-05
 1.9206851470277e-05
1.90225294944835e-05
1.88363531228308e-05
1.86483537158999e-05
1.84618350268506e-05
1.82753016849668e-05
1.80870112577169e-05
1.78969950891394e-05
1.77052846680459e-05
1.75119116238021e-05
1.73169077209989e-05
1.71203048549007e-05
1.69221350467819e-05
1.67224304387092e-05
1.65240014134982e-05
1.63269560600199e-05
1.61284419077923e-05
 1.5928490854189e-05
1.57271349016108e-05
1.55244061513793e-05
1.53203368006283e-05
1.51149591356425e-05
1.49085988230269e-05
1.47070244438385e-05
1.45042060704093e-05
1.43001755414929e-05
1.40949647695621e-05
1.38886057364784e-05
1.36811304876083e-05
 1.3472571127715e-05
1.32696906550711e-05
1.30660184302078e-05
 1.2861322769897e-05
1.26556351419671e-05
 1.2448987057434e-05
 1.2241455323303e-05
1.20404680886699e-05
1.18385784689812e-05
1.16358172153053e-05
1.14322151076873e-05
1.12278029507085e-05
1.10278746495718e-05
 1.0829673245949e-05
1.06307162321961e-05
1.04310335591329e-05
 1.0230655188459e-05
1.00351595507808e-05
9.84140095017239e-06
9.64699800154456e-06
9.45197975221745e-06
  9.257142915442e-06
9.06901995167964e-06
8.88033078294548e-06
8.69110351475744e-06
8.50136624219733e-06
 8.3165365210025e-06
8.13383237452392e-06
 7.9506648968386e-06
7.76706124011595e-06
7.58304853204494e-06
 7.4040620713367e-06
7.22698022537216e-06
 7.0495370366741e-06
6.87175873148593e-06
6.69367149624955e-06
6.51530147288693e-06
6.33667475458122e-06
 6.1578173817245e-06
5.97875533780989e-06
5.79951454499072e-06
5.62012086025021e-06
5.44420557246905e-06
5.27131521199653e-06
5.09833383710578e-06
4.92528635659406e-06
4.75219758905299e-06
4.57909225920483e-06
4.40599499451633e-06
4.23293032059124e-06
4.05992265800625e-06
3.88699631820311e-06
3.71417549993591e-06
 3.5414842855519e-06
3.38001605398874e-06
3.27320649717855e-06
3.17012535105965e-06
3.06897080859514e-06
2.97090328732486e-06
2.87514937735711e-06
2.81923662626138e-06
2.97412449035139e-06
3.13360997616918e-06
3.29207361238204e-06
3.45050038708106e-06
3.61219222289044e-06
3.77271862173068e-06
3.93597581027638e-06
4.09932028733184e-06
4.26453341972888e-06
4.43033736663434e-06
4.59826388587992e-06
4.76617294686843e-06
4.93697508796576e-06
5.10720739321791e-06
5.27972059316539e-06
5.45081377756329e-06
5.62445443896831e-06
5.79665072142355e-06
5.96893449023028e-06
 6.1419239771876e-06
6.31338353762612e-06
6.48433439243146e-06
6.65624327456094e-06
6.82656215056365e-06
6.99527570124925e-06
7.16356844410182e-06
7.33235750260963e-06
7.49948406875145e-06
 7.6649335047918e-06
7.82869147120113e-06
7.99170738130517e-06
8.15514405583251e-06
8.31683600877042e-06
8.47676964266242e-06
 8.6349316666956e-06
8.79130909470227e-06
8.94588924826856e-06
9.10078269944492e-06
9.25459690004349e-06
9.40656617487434e-06
 9.5566786524337e-06
9.70492277363455e-06
9.85128729147355e-06
9.99576127058699e-06
1.01383340880279e-05
 1.0279261170254e-05
1.04206363461534e-05
1.05600697622998e-05
1.06975516597219e-05
1.08330725943073e-05
1.09666234372474e-05
1.10981953753697e-05
1.12277799088067e-05
1.13553688524393e-05
1.14809543340089e-05
 1.1604528794007e-05
1.17260849847867e-05
1.18472276754433e-05
 1.1967121771872e-05
1.20849673646006e-05
1.22007581149219e-05
1.23144879968784e-05
1.24261512965962e-05
1.25357426108419e-05
1.26432568471335e-05
 1.2748689221409e-05
1.28520352571382e-05
1.29532907852115e-05
1.30524519414976e-05
1.31495151665106e-05
1.32444772038554e-05
1.33373350981181e-05
1.34287382222986e-05
1.35195612466221e-05
1.36082631599921e-05
1.36948419200422e-05
1.37792957836114e-05
1.38616233053002e-05
1.39418233355837e-05
1.40198950197012e-05
1.40958377953249e-05
1.41696513916711e-05
1.42413358272808e-05
1.43108914081314e-05
1.43783187270818e-05
1.44436186598762e-05
1.45067923654763e-05
1.45678412830641e-05
1.46267671299327e-05
1.46835719007088e-05
1.47382578641331e-05
1.47908275616171e-05
1.48412838055778e-05
1.48914095994268e-05
1.49396497993726e-05
1.49857769076167e-05
1.50297945732403e-05
1.50717067088912e-05
1.51115174900074e-05
1.51492313508195e-05
1.51848529842402e-05
1.52183873370904e-05
1.52498396100986e-05
1.52792152543491e-05
1.53065199696156e-05
1.53317597011426e-05
1.53549406382014e-05
1.53760692114258e-05
1.53951520903695e-05
1.54121961809528e-05
1.54272086232421e-05
1.54401967892293e-05
1.54511682796121e-05
1.54601309220181e-05
1.54670927685618e-05
1.54720620927362e-05
1.54757286534579e-05
1.54786635396809e-05
1.54796229175913e-05
1.54786157319231e-05
1.54756511392407e-05
1.54707385064956e-05
 1.5463887406697e-05
1.54551076178011e-05
1.54444091194916e-05
1.54318020908484e-05
1.54172969073496e-05
1.54009041382075e-05
1.53826345441477e-05
1.53624990747447e-05
1.53405088646474e-05
1.53166752328016e-05
  1.529100967812e-05
1.52635238780396e-05
1.52342296844132e-05
1.52031391226215e-05
1.51702643872431e-05
1.51356178405004e-05
1.50992120092619e-05
1.50610595816003e-05
1.50216779721823e-05
 1.4982039031608e-05
1.49406837041122e-05
 1.4897625117527e-05
1.48528765501199e-05
 1.4806451428595e-05
1.47583633252069e-05
1.47086259552065e-05
1.46572531736222e-05
1.46042589732609e-05
1.45496574813775e-05
1.44934629575655e-05
1.44356897907594e-05
1.43763524964591e-05
1.43154657145095e-05
1.42530442058808e-05
1.41891028503371e-05
1.41236566437719e-05
1.40567206956543e-05
1.39883102256988e-05
1.39184405623105e-05
1.38471271393659e-05
1.37751232252015e-05
1.37031087453776e-05
1.36296883843645e-05
1.35548777748795e-05
1.34786926438979e-05
1.34011488109875e-05
1.33222621853113e-05
1.32420487629625e-05
1.31605246237454e-05
1.30777059305087e-05
1.29936089247051e-05
1.29082499245037e-05
1.28216453232355e-05
1.27338115851749e-05
1.26447652444295e-05
1.25545229018309e-05
1.24631012223819e-05
1.23705169332577e-05
1.22769824456581e-05
 1.2184545616245e-05
1.20909869046892e-05
1.19963230312825e-05
1.19005707684972e-05
1.18037469384324e-05
1.17058684108162e-05
1.16069521001183e-05
 1.1507014962997e-05
1.14060739968558e-05
1.13041462369567e-05
1.12012487544222e-05
1.10973986535701e-05
1.09926130698046e-05
1.08869091677288e-05
1.07816602537003e-05
1.06769443078969e-05
1.05713504596761e-05
1.04648956964493e-05
1.03575970263892e-05
 1.0249471475654e-05
1.01405360858342e-05
 1.0030807913175e-05
9.92030402491295e-06
9.80904149838757e-06
9.69703741804384e-06
9.58430887409989e-06
9.47385583505156e-06
  9.362892073983e-06
9.25124214046225e-06
9.13892281317885e-06
 9.0259508694901e-06
8.91234308253441e-06
 8.7981162197881e-06
8.68328704095589e-06
8.56787229630562e-06
8.45428522455727e-06
8.34130564886237e-06
8.22777611386716e-06
8.11371295683649e-06
7.99913249827089e-06
7.88405104235057e-06
 7.7684848724946e-06
7.65314939799033e-06
7.54052186502374e-06
7.42744271753359e-06
7.31392775421558e-06
7.19999274856331e-06
7.08565344820222e-06
 6.9709255726691e-06
  6.858514203123e-06
6.74708889591979e-06
6.63530546396451e-06
6.52317908744759e-06
6.41072491436301e-06
6.29795805839883e-06
6.18768729099273e-06
6.07851481870814e-06
5.96905772232148e-06
  5.859330533875e-06
5.74934774777436e-06
5.64011792802965e-06
5.53396508673476e-06
5.42758256838471e-06
5.32098424987915e-06
 5.2141839673725e-06
5.10853274104939e-06
5.00575266215719e-06
4.90279405318539e-06
4.79967010014182e-06
4.69639394506949e-06
 4.5972257064486e-06
4.49812116853909e-06
4.39888443898306e-06
4.30336930579145e-06
4.20837925446671e-06
4.11327037508347e-06
4.01805445932046e-06
3.92274326049824e-06
3.82734849208033e-06
3.73188182711814e-06
3.63635489691871e-06
 3.5407792901565e-06
3.44516655204075e-06
3.34952818303869e-06
3.25387563815394e-06
3.15822032592727e-06
3.06257360727091e-06
2.96694679491338e-06
2.87135115201176e-06
2.77579789159654e-06
2.68029817551696e-06
2.58486311327522e-06
2.48950376174895e-06
2.39423112352588e-06
2.29905614657078e-06
2.20398972328173e-06
2.10904268932444e-06
2.01422582291055e-06
1.92671314380721e-06
1.86976054955545e-06
1.81291470052747e-06
 1.7589733133927e-06
1.70588558806584e-06
1.65479814295821e-06
 1.7424933327348e-06
1.83157020461344e-06
1.92150257583013e-06
  2.010838226707e-06
2.10130680911025e-06
 2.1921762751731e-06
2.28242520150523e-06
2.37463465990739e-06
2.46618274069021e-06
2.55837289486749e-06
2.65104340857469e-06
2.74325735594161e-06
2.83686574975572e-06
2.92975082794023e-06
3.02314193234565e-06
3.11676209774348e-06
3.20962479349873e-06
3.30297891404374e-06
3.39638274260423e-06
3.48899595270513e-06
3.58103734721116e-06
3.67400673562113e-06
3.76615352304377e-06
3.85746963749156e-06
3.94794713842739e-06
4.03940869320163e-06
4.13002064603152e-06
4.21976376807631e-06
4.30863047384822e-06
4.39661331208541e-06
4.48536224562091e-06
 4.5732708017221e-06
4.66026730938651e-06
4.74634469671553e-06
4.83149602947819e-06
4.91571451044504e-06
5.00011083093277e-06
5.08404070731494e-06
5.16701213182369e-06
5.24901870879724e-06
5.33005418346111e-06
5.41011244048484e-06
5.48918750498117e-06
5.56727354295017e-06
 5.6455229097141e-06
5.72309102420121e-06
5.79964797575716e-06
5.87518835226675e-06
5.94970688394536e-06
6.02319844322796e-06
6.09565804454704e-06
6.16708084544282e-06
6.23746214523102e-06
6.30679738622408e-06
6.37600989839004e-06
  6.444601640343e-06
6.51212961111369e-06
6.57858969044245e-06
6.64397790062221e-06
6.70829040805287e-06
6.77152352157595e-06
6.83367369380683e-06
6.89473752057967e-06
6.95471174028128e-06
7.01359323485029e-06
7.07137902933308e-06
7.12806629077356e-06
7.18460633097884e-06
7.24034419774533e-06
7.29497150531166e-06
7.34848586292358e-06
7.40088502237946e-06
7.45216687825234e-06
7.50232946689078e-06
7.55137096630776e-06
7.59928969662482e-06
7.64608411940593e-06
7.69175283721335e-06
 7.7362945936077e-06
7.77970827248176e-06
7.82199289839358e-06
7.86314763578932e-06
7.90317178844813e-06
7.94226075462312e-06
7.98119624401128e-06
8.01899596913902e-06
8.05565966266464e-06
8.09118719535817e-06
8.12557857621243e-06
 8.1588339509997e-06
8.19095360304889e-06
8.22193795180226e-06
8.25178755314848e-06
8.28050309797934e-06
8.30808541318895e-06
8.33453545912022e-06
8.35985433111919e-06
8.38404325775866e-06
8.40710360028307e-06
8.42903685260854e-06
8.44984464065668e-06
8.46952872135542e-06
8.48809098230596e-06
8.50553344144966e-06
 8.5223683636837e-06
8.53870401518186e-06
8.55392285359358e-06
8.56802728277373e-06
8.58101983236548e-06
8.59290315990968e-06
8.60368004806933e-06
 8.6133534054067e-06
8.62192626449598e-06
8.62940178203431e-06
8.63578323784253e-06
8.64107403397707e-06
8.64527769373069e-06
8.64839786174354e-06
8.65043830189371e-06
8.65140289818545e-06
8.65129565208456e-06
8.65012068274051e-06
8.64788222632029e-06
 8.6445846346761e-06
8.64023237412415e-06
 8.6348300257777e-06
 8.6284518128199e-06
8.62209513718959e-06
8.61469879609444e-06
8.60626768373063e-06
8.59680680342922e-06
8.58632126898851e-06
8.57481630189838e-06
8.56229723100732e-06
8.54876949185623e-06
8.53423862556824e-06
8.51871027729434e-06
8.50219019588039e-06
8.48468423286786e-06
8.46619834082851e-06
8.44673857292033e-06
8.42631108177727e-06
8.40492211828803e-06
8.38257803048581e-06
8.35928526266017e-06
8.33505035435778e-06
8.30987993882815e-06
8.28378074257952e-06
8.25691378880666e-06
8.23016600137727e-06
8.20250565936043e-06
8.17393970764524e-06
8.14447517882844e-06
8.11411919265925e-06
8.08287895515125e-06
8.05076175702801e-06
8.01777497227985e-06
7.98392605805276e-06
7.94922255242803e-06
7.91367207364502e-06
7.87728231887996e-06
7.84006106335777e-06
7.80201615813159e-06
7.76315553030482e-06
7.72348718058868e-06
7.68301918285808e-06
7.64175968248626e-06
7.59971689479055e-06
7.55739924607202e-06
7.51511119256865e-06
7.47205966822317e-06
7.42825300448224e-06
 7.3836995975185e-06
7.33840790800855e-06
7.29238645924557e-06
7.24564383569604e-06
7.19818868255562e-06
7.15002970363976e-06
7.10117566049551e-06
7.05163537095821e-06
7.00141770781926e-06
6.95053159771586e-06
6.89898601990979e-06
6.84679000428901e-06
6.79395263081251e-06
6.74144324230852e-06
6.68880037213437e-06
6.63553753521562e-06
6.58166382871972e-06
6.52718839511124e-06
6.47212042015344e-06
6.41646913146499e-06
6.36024379740974e-06
6.30345372576446e-06
6.24610826238658e-06
6.18821678977088e-06
6.12978872582826e-06
6.07083352266446e-06
6.01136066469277e-06
5.95297316563492e-06
5.89413189600041e-06
5.83479446403246e-06
5.77497028508844e-06
5.71466880272542e-06
5.65389948659067e-06
5.59267183186662e-06
5.53099535727242e-06
5.46887960384268e-06
5.40633413426139e-06
5.34336853075246e-06
5.28166791258222e-06
5.21974147149606e-06
5.15741560624949e-06
5.09469975706889e-06
5.03160337972375e-06
4.96813594363932e-06
4.90430693123045e-06
4.84012583612525e-06
4.77560216205486e-06
4.71258644973993e-06
4.64946649536557e-06
4.58602340003278e-06
4.52226646541209e-06
4.45820499905825e-06
4.39384831307787e-06
4.32920572335238e-06
  4.265525894942e-06
4.20256017219511e-06
4.13932671672335e-06
4.07583459927086e-06
4.01209288991566e-06
3.94811065718148e-06
3.88430520126271e-06
3.82218569938697e-06
3.75984271328011e-06
3.69728503724076e-06
3.63452146079357e-06
3.57156076713494e-06
3.50912427671268e-06
3.44817764785788e-06
3.38704968239067e-06
3.32574886607873e-06
3.26428367602993e-06
3.20266257813895e-06
 3.1431697355977e-06
3.08368187096342e-06
3.02405250285354e-06
2.96428978363572e-06
2.90440185168883e-06
2.84666760869134e-06
2.78898519462389e-06
2.73119093735508e-06
2.67329265324356e-06
2.61529814266082e-06
2.55920774433482e-06
2.50343770630268e-06
2.44758419204461e-06
2.39165467941227e-06
2.33565662688395e-06
2.27959747395312e-06
 2.2234846385194e-06
2.16732551755472e-06
 2.1122471060564e-06
 2.0582327807106e-06
2.00418589285656e-06
1.95011351605823e-06
1.89602269856648e-06
1.84192046237541e-06
1.78781380266724e-06
1.73370968681308e-06
1.67961505320724e-06
1.62553681082311e-06
1.57148183849154e-06
1.51745698345751e-06
1.46346906115813e-06
1.40952485389034e-06
1.35563111075543e-06
1.30179454582713e-06
1.24802183826267e-06
1.19431963113703e-06
1.14069453049925e-06
1.10234530742437e-06
1.06960978157877e-06
1.03763622633091e-06
1.00634480565409e-06
9.76064669366838e-07
9.52471853610248e-07
1.00104558264924e-06
1.04928746447186e-06
1.09719283991616e-06
1.14628815317541e-06
1.19515268681702e-06
 1.2436595528964e-06
1.29335126797248e-06
1.34269599938452e-06
1.39209985916544e-06
1.44217720599027e-06
1.49186019149372e-06
1.54221723613901e-06
1.59251350118073e-06
1.64276917646866e-06
1.69357789414626e-06
   1.74395690411e-06
1.79479954565132e-06
1.84557906168781e-06
1.89590951049645e-06
1.94669252961965e-06
1.99731616334908e-06
2.04747191689947e-06
2.09751249935497e-06
2.14785886643032e-06
2.19771918630318e-06
2.24708922014205e-06
2.29628543768623e-06
2.34573474544586e-06
2.39467646967473e-06
2.44310657693259e-06
 2.4910211164908e-06
2.53887066770098e-06
2.58674633890621e-06
2.63409029266359e-06
2.68089879995603e-06
2.72716821625441e-06
2.77289498218369e-06
2.81851733829885e-06
2.86408332694776e-06
2.90909198863432e-06
2.95354000001691e-06
 2.9974241246844e-06
3.04074121204589e-06
3.08348819810789e-06
3.12566210503018e-06
3.16809917255689e-06
 3.2099810429731e-06
3.25127715938844e-06
3.29198479476212e-06
3.33210130964989e-06
  3.371624151427e-06
3.41055085495423e-06
3.44887904224489e-06
3.48660642235377e-06
3.52407574732982e-06
3.56138953971907e-06
3.59809226113672e-06
 3.6341818812069e-06
3.66965645703932e-06
3.70451413300721e-06
3.73875314085836e-06
3.77237179916001e-06
3.80536851340985e-06
3.83774177548091e-06
3.86949016395466e-06
3.90061234356587e-06
3.93127354214595e-06
 3.9618670154562e-06
3.99182718435753e-06
4.02115297859496e-06
 4.0498434131786e-06
4.07789758904986e-06
4.10531469230424e-06
4.13209399463543e-06
4.15823485178102e-06
4.18373670485472e-06
4.20859907801496e-06
4.23282158024119e-06
4.25640390322446e-06
4.27934582225564e-06
4.30164719544823e-06
4.32330796285019e-06
4.34461250953255e-06
4.36565916206444e-06
4.38606217345594e-06
4.40582174032755e-06
4.42493814079015e-06
4.44341173322371e-06
4.46124295749861e-06
4.47843233220002e-06
4.49498045640429e-06
4.51088800801358e-06
4.52615574342285e-06
4.54078449718676e-06
4.55477518190861e-06
4.56812878690815e-06
4.58084637833256e-06
4.59292909882336e-06
4.60437816640624e-06
   4.61519487438e-06
4.62538059053941e-06
4.63493675739723e-06
4.64407191080873e-06
4.65299832907995e-06
4.66129685328109e-06
4.66896915363169e-06
4.67601697240472e-06
4.68244212359359e-06
4.68824649191291e-06
4.69343203324257e-06
4.69800077240734e-06
4.70195480406499e-06
4.70529629092997e-06
4.70802746466159e-06
4.71015062353253e-06
4.71166813298396e-06
4.71258242440431e-06
4.71289599501823e-06
4.71261140688739e-06
4.71173128624436e-06
 4.7102583230485e-06
4.70819527031985e-06
4.70554494313991e-06
4.70231021854062e-06
4.69857235008142e-06
4.69478979459037e-06
4.69042887640825e-06
4.68549265220108e-06
4.67998423769878e-06
4.67390680691793e-06
4.66726359205083e-06
4.66005788124502e-06
4.65229302015757e-06
4.64397240873549e-06
4.63509950310304e-06
4.62567781289724e-06
4.61571090104584e-06
4.60520238398932e-06
4.59415592957146e-06
4.58257525748351e-06
4.57046413770978e-06
4.55782639008362e-06
4.54466588417635e-06
4.53098653763195e-06
4.51679231583402e-06
4.50208723123957e-06
4.48691200716222e-06
4.47183086482728e-06
 4.4562482213184e-06
4.44016820744242e-06
  4.423594998193e-06
4.40653281175152e-06
4.38898590870984e-06
4.37095859162628e-06
4.35245520413741e-06
4.33348013029189e-06
4.31403779344031e-06
4.29413265590206e-06
4.27376921818823e-06
4.25295201811338e-06
4.23168562968534e-06
4.20997466343831e-06
4.18782376476745e-06
4.16523761304077e-06
 4.1422209215991e-06
4.11877843653485e-06
4.09502264253625e-06
4.07143182767911e-06
4.04742653559165e-06
4.02301156776641e-06
3.99819175544991e-06
3.97297195886548e-06
 3.9473570663251e-06
3.92135199422938e-06
3.89496168518022e-06
3.86819110853587e-06
3.84104525841256e-06
3.81352915368449e-06
3.78564783742874e-06
3.75740637537092e-06
3.72880985577417e-06
3.69986338855099e-06
3.67057210459709e-06
3.64126997187686e-06
3.61207746657488e-06
3.58255222066006e-06
3.55269936336278e-06
3.52252404178799e-06
3.49203141980503e-06
3.46122667882476e-06
3.43011501513502e-06
3.39870164078881e-06
3.36699178182798e-06
3.33499067850518e-06
3.30270358339657e-06
3.27013576206792e-06
3.23729249085414e-06
3.20493444061487e-06
3.17243379155396e-06
3.13966969534007e-06
3.10664737812605e-06
3.07337207516856e-06
3.03984903016197e-06
3.00608349446119e-06
2.97208072586042e-06
2.93784598870417e-06
2.90338455244399e-06
2.86870169219355e-06
2.83477411477939e-06
2.80065977342758e-06
2.76633546303362e-06
2.73180636889414e-06
2.69707767808214e-06
2.66215457989105e-06
2.62704226439148e-06
2.59174592320832e-06
2.55642575808235e-06
2.52189352090149e-06
2.48718804218839e-06
2.45231439310878e-06
2.41727764271893e-06
2.38208285818775e-06
2.34673510390859e-06
2.31123944094414e-06
2.27673395569727e-06
2.24215863076083e-06
2.20744530987638e-06
2.17259890966659e-06
2.13762434186915e-06
2.10252651211551e-06
2.06812543201984e-06
2.03405112841892e-06
1.99986282534148e-06
1.96556526821379e-06
1.93116319602282e-06
1.89666133898481e-06
1.86315521577551e-06
1.82976225715503e-06
1.79627805885207e-06
 1.7627071785542e-06
 1.7290541646231e-06
1.69605910005366e-06
1.66358149122914e-06
1.63102966432849e-06
1.59840798541477e-06
1.56572080967088e-06
1.53390421586685e-06
1.50244137342437e-06
1.47092027125151e-06
  1.439345074572e-06
1.40785111407693e-06
1.37752642198619e-06
1.34715432498211e-06
1.31673879322225e-06
1.28628378498474e-06
1.25579324622427e-06
1.22630314502992e-06
1.19705016199401e-06
 1.1677673555921e-06
1.13845847615757e-06
1.10912726131174e-06
1.07977743546428e-06
1.05041270992423e-06
1.02103678195631e-06
9.91653334891929e-07
9.62266037629611e-07
9.32878543746796e-07
 9.0349449172189e-07
8.74117504767735e-07
8.44751189443826e-07
8.15399136544492e-07
7.86064919766627e-07
7.56752095987245e-07
7.27464204430817e-07
6.98204766835797e-07
6.68977286677475e-07
6.39785248945923e-07
6.10632120146004e-07
5.86227359822278e-07
 5.6881813820242e-07
5.51409059357244e-07
5.34802164053882e-07
5.18432303059368e-07
5.08647354680036e-07
5.35630005682464e-07
5.62435405693229e-07
5.89724370891886e-07
6.17062855701178e-07
6.44212500455765e-07
6.71951323472086e-07
6.99566024331411e-07
7.27265829225665e-07
7.55286366116437e-07
7.83098129453208e-07
8.11427046443214e-07
8.39578024214305e-07
8.67950543992357e-07
8.96384281134921e-07
9.24701381910253e-07
9.53363628819481e-07
9.81790001186589e-07
1.01018627352012e-06
1.03878137469593e-06
1.06713031344796e-06
1.09523055946692e-06
1.12367271476455e-06
1.15187718463527e-06
1.17982308178721e-06
1.20751218590787e-06
1.23550803532435e-06
1.26323583904409e-06
1.29069323495656e-06
1.31787790402793e-06
1.34487588576704e-06
1.37204524075507e-06
1.39893301043248e-06
1.42553699267189e-06
1.45185502975487e-06
1.47788500770574e-06
1.50368631068876e-06
1.52963369548509e-06
1.55528494971691e-06
1.58063808453068e-06
1.60569115614795e-06
1.63044226519915e-06
1.65488955783388e-06
1.67903122516577e-06
1.70308456592938e-06
1.72707129586502e-06
1.75074539598974e-06
1.77410518964471e-06
1.79714904580131e-06
1.81987537906103e-06
1.84228264998865e-06
1.86436936422396e-06
1.88613407337002e-06
1.90757537521513e-06
1.92898238693395e-06
1.95019716509037e-06
1.97108290644898e-06
 1.9916383461327e-06
2.01186226522765e-06
2.03175349089424e-06
2.05131089570099e-06
2.07053339873475e-06
2.08941996426848e-06
2.10796960298243e-06
 2.1261813705209e-06
2.14405436871346e-06
 2.1616265166724e-06
2.17921014844524e-06
 2.1964510693584e-06
2.21334852101851e-06
2.22990179044036e-06
2.24611021082399e-06
2.26197315955634e-06
2.27749006043165e-06
2.29266038187514e-06
2.30748363749811e-06
2.32195938576485e-06
 2.3360872301037e-06
2.34986681901805e-06
2.36329784464306e-06
2.37638004463303e-06
2.38911320005197e-06
2.40149713703897e-06
2.41382525223433e-06
  2.425871269085e-06
2.43756637974268e-06
2.44891054590468e-06
2.45990377312211e-06
2.47054611013375e-06
2.48083764919915e-06
2.49077852587654e-06
 2.5003689183567e-06
2.50960904824016e-06
2.51849917876079e-06
2.52703961667322e-06
2.53523071014339e-06
2.54307284963673e-06
2.55056646758511e-06
2.55771203772071e-06
2.56451007529801e-06
2.57096113653876e-06
2.57706581907602e-06
2.58282476051086e-06
2.58831816379868e-06
2.59373118238759e-06
2.59879927466677e-06
2.60352320136104e-06
2.60790376249709e-06
2.61194179818069e-06
 2.6156381872644e-06
2.61899384768061e-06
2.62200973655258e-06
2.62468684908423e-06
2.62702621878219e-06
2.62902891701167e-06
2.63069605332955e-06
2.63202877404112e-06
2.63302826286615e-06
2.63369574038386e-06
2.63403246358873e-06
2.63403972600162e-06
2.63371885644847e-06
2.63307122017054e-06
2.63209821715904e-06
2.63080128282134e-06
2.62918188687067e-06
2.62748622370523e-06
2.62556693031435e-06
2.62332841571844e-06
2.62077224810753e-06
2.61790002809015e-06
2.61471339024766e-06
2.61121400135789e-06
2.60740356095024e-06
2.60328380052854e-06
2.59885648368208e-06
2.59412340475329e-06
2.58908638972599e-06
2.58374729544819e-06
2.57810800852187e-06
 2.5721704463022e-06
2.56593655545423e-06
2.55940831173085e-06
2.55258772052791e-06
2.54547681544093e-06
2.53807765826508e-06
2.53039233877317e-06
2.52242297460459e-06
2.51434946663132e-06
2.50617431474254e-06
2.49772017024696e-06
2.48898921673124e-06
2.47998366453839e-06
2.47070574910246e-06
2.46115773150368e-06
2.45134189724716e-06
2.44126055681804e-06
 2.4309160443492e-06
2.42031071828741e-06
2.40944695950596e-06
2.39832717296995e-06
2.38695378529385e-06
2.37532924551864e-06
2.36345602477872e-06
2.35133661541376e-06
2.33897353063561e-06
2.32636930419527e-06
2.31352649038286e-06
2.30063479011999e-06
2.28771077748213e-06
2.27455432899593e-06
2.26116803270227e-06
2.24755449473868e-06
2.23371634011649e-06
2.21965621083342e-06
2.20537676709487e-06
2.19088068520445e-06
 2.1761706588963e-06
2.16124939766971e-06
 2.1461196266781e-06
2.13078408695111e-06
2.11524553406228e-06
2.09950673812909e-06
2.08357048370189e-06
2.06743956931987e-06
2.05137436004588e-06
2.03529792408563e-06
2.01903344243526e-06
2.00258371674256e-06
1.98595156009063e-06
  1.969139797664e-06
1.95215126619352e-06
1.93498881306819e-06
1.91765529644616e-06
1.90015358447759e-06
1.88248655497159e-06
1.86465709561823e-06
1.84666810265632e-06
1.82852248076237e-06
1.81063503013057e-06
1.79267839794939e-06
1.77457175809526e-06
1.75631799192999e-06
1.73791998758777e-06
1.71938064008614e-06
1.70070285054891e-06
1.68188952576198e-06
1.66294357850649e-06
1.64386792622651e-06
1.62466549114004e-06
1.60576364505172e-06
1.58687532558766e-06
1.56786658356278e-06
1.54874029523189e-06
1.52949934084656e-06
1.51014660276783e-06
1.49068496646532e-06
1.47111731962912e-06
1.45144655172569e-06
 1.4321516595972e-06
1.41290676458627e-06
1.39356470274521e-06
 1.3741282995916e-06
1.35460038119817e-06
1.33498377352659e-06
1.31528130331571e-06
1.29579498409083e-06
1.27660215099024e-06
1.25732901234965e-06
1.23797831774741e-06
1.21855281509653e-06
1.19905525097774e-06
1.17953766154422e-06
1.16060696209175e-06
1.14160940789532e-06
1.12254765971542e-06
 1.1034243759811e-06
1.08424221212378e-06
1.06514696229798e-06
1.04657864530289e-06
1.02795626577556e-06
1.00928238622178e-06
9.90559565372529e-07
9.71790357850999e-07
9.53604070041969e-07
9.35486418995879e-07
9.17326768212767e-07
8.99127573728009e-07
8.80891287469154e-07
8.63282909047136e-07
8.45722598619147e-07
 8.2812923801745e-07
8.10505176973564e-07
7.92853449782527e-07
7.75914172967962e-07
7.58948047074881e-07
7.41957319638775e-07
7.24944232088909e-07
7.07911019859342e-07
 6.9085991188933e-07
 6.7381522966814e-07
6.57431018402654e-07
6.41032698700528e-07
6.24622397304986e-07
6.08202234075872e-07
 5.9177432121249e-07
5.75340763087073e-07
5.58903656411314e-07
5.42465089570232e-07
5.26027142733199e-07
5.09591887298821e-07
 4.9316138556188e-07
4.76737691101903e-07
4.60322848117034e-07
4.43918890868922e-07
4.27527844237829e-07
4.11151723000991e-07
3.94792531610566e-07
3.78452264193641e-07
3.62132904163648e-07
3.45836424109347e-07
3.33152891829336e-07
 3.2326831356233e-07
3.13540190421957e-07
3.04097071135434e-07
2.94884216489599e-07
2.86550433603594e-07
3.01441392958068e-07
 3.1623234175715e-07
3.31001283604415e-07
3.46088695368785e-07
3.61069652399237e-07
3.76074485664013e-07
3.91314512571128e-07
4.06441746148012e-07
4.21749087653467e-07
4.37098109595802e-07
4.52404665063355e-07
4.67943593540632e-07
4.83358801650624e-07
4.98960282868666e-07
5.14529784223505e-07
5.30065585424566e-07
5.45759650805167e-07
5.61319508429747e-07
5.76869412238779e-07
 5.9252094952722e-07
 6.0803254720021e-07
6.23402840904674e-07
6.38954618881193e-07
6.54381001496951e-07
6.69660576102515e-07
6.84792035854365e-07
7.00079916260421e-07
7.15233626324974e-07
7.30233983170514e-07
7.45079742237031e-07
7.59797832761144e-07
7.74633717504081e-07
7.89310073745497e-07
8.03825723094675e-07
8.18179512807049e-07
8.32370315007047e-07
8.46419231037565e-07
8.60562913151952e-07
8.74539120121476e-07
8.88346795235861e-07
9.01984907097919e-07
9.15452450733767e-07
9.28748446149541e-07
9.41871939552641e-07
9.54954195386826e-07
9.67990461675505e-07
9.80850340281947e-07
9.93532952353604e-07
1.00603744512817e-06
1.01836299204461e-06
1.03050879218802e-06
1.04247407117786e-06
1.05425808061277e-06
1.06586009751553e-06
1.07748501076976e-06
1.08896013117921e-06
1.10025015076509e-06
1.11135442515398e-06
1.12227233606266e-06
1.13300329174226e-06
1.14354672620109e-06
1.15390209964872e-06
 1.1640688981629e-06
1.17404663380061e-06
1.18383484470908e-06
1.19343309457065e-06
1.20294877858917e-06
1.21238542072355e-06
1.22162994720121e-06
1.23068200152954e-06
1.23954125252901e-06
1.24820739499931e-06
1.25668014938629e-06
1.26495926155989e-06
1.27304450314725e-06
1.28093567075549e-06
1.28863258685996e-06
1.29613509902704e-06
1.30344307935903e-06
1.31055642582645e-06
1.31747506104674e-06
1.32419893239533e-06
1.33082666675666e-06
1.33736323149058e-06
 1.3437040988773e-06
1.34984929356374e-06
1.35579886462178e-06
1.36155288521511e-06
1.36711145348745e-06
 1.3724746914523e-06
1.37764274521501e-06
1.38261578519483e-06
1.38739400501464e-06
1.39197762250021e-06
1.39636687879197e-06
1.40056203878913e-06
1.40456339059458e-06
1.40837124529281e-06
1.41198593728298e-06
1.41540782372385e-06
1.41863728453373e-06
 1.4216747222795e-06
1.42455901919192e-06
1.42740450304046e-06
1.43005844299715e-06
1.43252131035165e-06
1.43479359870913e-06
1.43687582365715e-06
1.43876852187752e-06
1.44047225258959e-06
1.44198759555181e-06
1.44331515228302e-06
1.44445554517425e-06
1.44540941759974e-06
1.44617743336184e-06
1.44676027746815e-06
1.44715865468825e-06
1.44737329021982e-06
 1.4474049294666e-06
1.44725433737225e-06
1.44692229864241e-06
1.44640961752263e-06
1.44571711735431e-06
1.44484564112979e-06
1.44379605004907e-06
1.44273648361448e-06
1.44152066838821e-06
1.44012857883347e-06
1.43856113055119e-06
1.43681925779404e-06
1.43490391191214e-06
1.43281606301837e-06
1.43055669821202e-06
1.42812682191185e-06
1.42552745596713e-06
1.42275963876948e-06
1.41982442591893e-06
1.41672288911376e-06
1.41345611692767e-06
1.41002521325539e-06
1.40643129897811e-06
1.40267550963191e-06
1.39875899674013e-06
 1.3946829272582e-06
1.39044848279646e-06
1.38605686017534e-06
1.38150927087022e-06
1.37695984547825e-06
1.37229870889044e-06
1.36748444923285e-06
1.36251831395207e-06
1.35740156415043e-06
1.35213547469704e-06
1.34672133378366e-06
1.34116044236965e-06
1.33545411473701e-06
1.32960367738022e-06
1.32361046978335e-06
1.31747584297681e-06
1.31120116031447e-06
1.30478779725163e-06
1.29823714001276e-06
1.29155058703478e-06
1.28472954696868e-06
1.27777544012275e-06
1.27068969701938e-06
1.26347375839497e-06
 1.2563108787722e-06
1.24905091802852e-06
1.24166420045757e-06
1.23415218455936e-06
1.22651633793769e-06
1.21875813807737e-06
1.21087907078987e-06
1.20288063132357e-06
1.19476432336452e-06
1.18653165859239e-06
1.17818415767967e-06
1.16972334818222e-06
1.16115076631562e-06
1.15246795517887e-06
1.14367646530944e-06
1.13477785423921e-06
1.12579077660158e-06
1.11692143778264e-06
1.10794865793018e-06
1.09887399546427e-06
1.08969901446709e-06
1.08042528579322e-06
1.07105438518218e-06
 1.0615878942577e-06
1.05202739986154e-06
1.04237449383149e-06
1.03263077277926e-06
1.02279783809056e-06
1.01287729548094e-06
1.00287075455174e-06
9.92898027685207e-07
9.82995286391564e-07
9.73010221283488e-07
9.62944428195556e-07
9.52799505959945e-07
9.42577056739502e-07
9.32278685694676e-07
9.21906000650452e-07
9.11460611652259e-07
9.00944131299042e-07
8.90358174077122e-07
8.79851390189756e-07
8.69438450346038e-07
8.58959555594119e-07
8.48416294108034e-07
8.37810255394089e-07
8.27143030290856e-07
8.16416210414062e-07
8.05631388045569e-07
7.94790156355418e-07
7.84094039030236e-07
7.73487578875631e-07
7.62828000322457e-07
7.52116860347485e-07
7.41355714928282e-07
7.30546120819575e-07
7.19689633554843e-07
7.08912921254523e-07
6.98337479509981e-07
6.87718213043809e-07
6.77056634312834e-07
6.66354254330592e-07
6.55612583555509e-07
6.44838919483526e-07
6.34409964339611e-07
6.23944591326975e-07
6.13444262720364e-07
6.02910438241011e-07
5.92344576166859e-07
5.81821691048034e-07
5.71594673925979e-07
5.61338276305889e-07
5.51053904174204e-07
5.40742960963847e-07
5.30406847887299e-07
5.20403652726209e-07
5.10427608957364e-07
5.00428810834563e-07
4.90408604503223e-07
4.80368332111958e-07
4.70711271349789e-07
4.61045362554202e-07
4.51361603259759e-07
4.41661278827166e-07
 4.3205122546297e-07
4.22731843641166e-07
4.13397971854579e-07
4.04050837232717e-07
3.94691663463398e-07
3.85321670182126e-07
 3.7603126107344e-07
3.67035100090618e-07
3.58030038227763e-07
3.49017237055715e-07
  3.399978545926e-07