 4.91205601327799
 4.91186418664456
 4.91305020032865
 4.91340918191097
 4.91412358337152
  4.9145693769191
  4.9150784073806
 4.91547591388644
 4.91583932462831
 4.91613991300222
 4.91632595024818
 4.91625387303323
 4.91597103951163
 4.91543019701699
 4.91463047830979
 4.91354849943327
 4.91215798624514
  4.9104657030415
 4.90838297088711
 4.90621528996892
 4.90395420413089
 4.90158947882499
 4.89910720371036
 4.89648766463901
 4.89371150350802
 4.89074527463552
 4.88756281400002
 4.88408969215433
 4.88014748211951
 4.87570605503794
 4.87067950078299
  4.8649878185806
 4.85852899089509
 4.85118716691709
 4.84281935527229
  4.8332716566436
  4.8222918442271
 4.80962542072655
 4.79501088764182
 4.77813115624481
 4.75861722141757
  4.7360343879042
 4.70986931011542
 4.67952318813385
 4.64421595275712
 4.60278528246989
  4.5543693866787
 4.49805576499976
 4.43294118586732
 4.35818789550166
  4.2731262771671
  4.1774075826465
 4.07125295132104
 3.95657753854951
 3.83563757078533
 3.70939408669827
  3.5788474870745
 3.44514560266838
   3.309397010483
 3.17273895541371
 2.90688806701085
 2.77643417982408
 2.65132679611954
 2.52900689749471
 2.40944531895263
  2.2929860520822
 2.18002268136016
 2.07090363201745
 1.96593939510709
 1.86535955694301
 1.76954221980402
 1.67904803387606
   1.594219287693
 1.51521120972493
 1.44204710451531
 1.37465859552158
 1.31291594587878
 1.25665138756468
 1.20563391294662
 1.15921774125413
 1.11664086073703
 1.07727859229223
 1.04061518557817
 1.00622083756746
0.973734789553805
0.942852682171469
0.913317029827185
0.884959809063751
0.857771206351969
0.831758343158963
0.806920524342311
0.783249523022866
0.760731512044867
0.739348300398682
 0.71907840503397
0.699895150029766
0.681717325385286
0.664423837317734
0.647905963486817
 0.63206754014838
0.616772572794578