  0.012398493673618
 0.0123832619706458
 0.0123527850243713
 0.0122918197603313
 0.0122004284489529
 0.0120787902575363
 0.0119272033185653
 0.0117460868091312
  0.011535983041471
 0.0112975875333189
 0.0110327275910457
 0.0107454955229661
 0.0104412061582606
 0.0101250836337595
0.00980213561163316
0.00947711071065103
0.00915448660609013
0.00883845856520474
  0.008532697294171
0.00823877538469727
0.00795588384204588
0.00768258866731377
0.00741753733585042
0.00715946108572795
0.00690716714608021
0.00665953844536334
0.00641554023761099
0.00617440675519903
0.00593600077464295
0.00570062436348839
0.00546860980126154
0.00524027063221647
0.00501590139509239
0.00479577740134834
0.00458015672737661
0.00436928300647195
0.00416346974275315
0.00396314483750242
0.00376875045695833
 0.0035806811165165
0.00339928328343476
0.00322485647705954
0.00305765467795612
0.00289788806207206
0.00274579193765518
0.00260184463349157
0.00246671099282518
 0.0023410022707299
0.00222524531004148
0.00211989282859904
0.00202533935532907
0.00194193936468168
0.00187001560172997
0.00180957607349935
0.00176003871079355
0.00172056469385489
0.00169040063995404
0.00166887650136742
0.00165539500940747
 0.0016494290114375
0.00165050715791415
0.00165821349411456
0.00167223007128334
0.00169233976851699
0.00171837036449976
0.00175017155061982
0.00178761029129231
0.00183056883378307
0.00187893568402471
0.00193260079534925
 0.0019913808838413
0.00205487696708672
0.00212251902117306
0.00219368379301632
0.00226770250284267
0.00234385723638077
0.00242137870424817
0.00249944536853183
0.00257721859750828
0.00265420994411588
0.00273048513514639
0.00280633664143311
0.00288208124533507
0.00295805662209031
0.00303462071128999
0.00311215133647484
0.00319104596604271
0.00327164717824153
0.00335402608901972
0.00343800527817592
0.00352335829590456
0.00360984614008326
0.00369721852298807
0.00378521312106706
0.00387355567439278
0.00396196688323879
0.00405029654747919
0.00413864863156753
0.00422726380858435
0.00431639938226839
0.00440586095014064