841.963543954762
841.966326946679
841.966246099097
841.960589758365
841.949678960483
841.932462185052
841.908731971973
841.878010731039
841.839982075218
841.794039444562
841.739431464904
841.675722084175
841.602617161355
  841.5195730156
841.426108826383
841.321788207747
841.206438840123
841.080181660904
840.943752808037
840.797612052643
840.640631357697
840.471475421209
840.288530814324
840.089839332049
839.872997113512
  839.6350433898
839.372312608945
839.080339977053
838.754544575941
838.390407746973
837.982451530802
837.524361412387
837.008701545095
836.426740856089
835.768179756867
835.020788480027
834.170222498204
833.200410554026
832.092832234821
830.825709986747
829.373486786301
827.706025816697
825.787649603463
823.575829501076
821.019812081723
818.062901012358
814.649416946137
810.719960939306
806.213596496337
 801.07106496069
795.240504546778
788.687051139817
781.409465815794
 773.46313901934
764.912071969244
 755.77979546363
746.096178675932
735.902178255466
725.242241578589
714.168404015074
690.151585417672
677.642739741825
665.341457138751
653.000703700264
640.612445930643
628.208428123256
615.830068783716
603.519098933591
591.318329050859
579.266508497042
567.425656462283
 555.88868539974
544.731323120183
534.012666174452
523.779266910929
514.068081894949
504.908735067635
496.325347113066
488.331331757992
 480.87155165654
473.862601669738
467.233072051971
460.921467020431
454.874314871696
449.044771358683
443.391571351624
437.878245949815
432.481947927623
427.208222395062
422.066132720697
417.063617189523
412.207391668173
407.503192388213
402.955909675916
398.569710271031
394.347531779614
390.279995798149
386.347704672372
382.532511106504
378.817788233015
375.124017159442