579.261033032386
579.260198641684
579.254894052253
579.241827351597
579.221843827377
579.194315779018
579.158967257581
579.115262180498
579.062590676064
579.000156714605
578.927140041059
578.843329201766
578.749027856407
578.644475024584
578.530045345342
 578.40625366801
578.273829791563
578.133775190441
 577.98744960812
577.835932731649
577.678713174622
577.514895011417
577.343488358189
577.163296401825
576.972906652878
576.770645210088
576.554516982105
 576.32221521343
576.071582548318
575.800878220619
575.508068256191
575.190863073056
574.846653220604
574.472457126752
574.064850855578
573.619879895484
573.133059447719
572.599679280624
572.014599093807
571.371928900193
 570.66493185746
569.885851285283
569.025694613037
568.073936915509
567.018218368389
 565.84523258431
564.543501596866
563.101693651598
561.508736213082
559.754679583469
557.832066750732
555.738261774986
 553.47954134438
551.077167793489
548.552761294117
545.913915594024
 543.16796831931
 540.32343911412
537.389975045968
 534.37806065667
527.918904698509
524.584782531952
521.315940909589
518.040122917856
514.750309526052
511.450604532644
508.148158715719
504.851016831551
501.567336638882
498.305141339635
495.079468243785
491.914795379355
488.831856936076
485.847682586895
482.976586903694
 480.23084925008
477.621212918231
 475.15727538313
472.845797006374
470.673505717073
468.618304640455
466.661060329237
464.785092153717
 462.97569548208
461.219792330932
459.505671335212
457.822795246636
456.164587740309
454.533213893435
 452.93201938927
451.364032847765
449.832001780181
448.338425668034
446.885586401988
 445.47557633185
444.110126992969
442.786935376519
441.500310092516
440.244836443164
439.015475554394
439.013912168528