2920740.56527081
2920961.78902181
2921661.06819837
2922020.08331649
 2922305.5397761
2922428.49725939
2922413.27005436
2922245.53528686
2921917.87703128
2921430.29608233
2920709.39909688
2919668.45445481
2918328.20282372
2916681.52192881
 2914729.6374059
2912472.37836539
2909912.47243796
2907057.63562572
2903913.92877169
2900675.64877631
 2897368.7678243
2893971.31204943
2890470.66801624
2886847.51558027
2883079.62930238
2879139.33308554
2874997.58741597
2870591.08057688
2865816.44810097
2860645.41166905
2855036.52979639
2848945.07971548
2842319.73154508
 2835102.0315555
2827224.88215133
2818611.67421337
2809149.54401837
 2798728.8409187
2787246.27502239
2774581.47816279
2760597.96154523
2745139.63556132
2728027.00938169
2709054.19883244
2687950.10720097
2664329.04947042
2637936.64086941
2608543.37081954
2575933.36804834
2539926.70784455
2500410.08973972
2457384.71644965
2411051.16988709
2362176.38063125
2311593.87278533
2259616.20050289
2206523.50458197
2152607.52074831
2098166.97916706
2043498.38961856
1935662.49989267
1882442.25389949
1831180.76640903
1780723.00403113
1730971.92633592
1682001.18206187
1633922.88121117
1586852.79685119
1540898.32663067
1496155.13891634
1452803.86485835
1411133.11373615
1371357.37435663
1333623.96668323
1298031.70718192
1264644.13078596
1233499.34859495
1204617.71811106
1177984.73809519
1153359.26578738
1130417.04361561
1108886.22298984
1088537.21663059
1069174.10176208
1050628.30805449
1032753.90477599
1015424.06785507
998558.303476503
982167.850171479
966274.896694496
950897.203046548
936048.728843992
921740.199514861
 907979.61520225
894772.707530819
882121.516703482
869990.851810877
858316.119897789
847037.792438569
836101.984668824
836094.137723344