0.214430839437982
0.214475227058401
0.214700980512012
0.215241236312541
0.216059455741567
0.217177804445337
0.218602767232842
0.220349755286405
0.222435281483783
0.224881059385098
0.227707248593278
0.230908302029182
0.234458050126111
0.238332684767337
0.242503699558506
0.246938432233545
0.251598146044885
0.256436946564817
0.261399816449694
0.266444711453717
0.271583973385106
0.276841222337761
0.282241236331153
0.287813213538405
 0.29359051345624
0.299611455811505
 0.30592036052161
0.312566406707267
0.319589991596213
 0.32701596871092
0.334873798296216
0.343195828537062
0.352018310625802
0.361381911591754
 0.37133250380103
0.381922161467142
0.393207861399606
0.405243474728216
0.418084001102798
   0.431791568664
0.446435835735248
0.462095686928097
0.478861309232419
0.496837210943777
 0.51614457665458
0.536902188728012
0.559179145452796
0.583029881497296
0.608495201723436
0.635592241204818
0.664299460254221
0.694531438300198
0.726094550852762
0.758624177916637
0.791799518822287
0.825517140371633
0.859691630936439
0.894235205670604
0.929057620870505
0.964068631928738
 1.03702032479984
 1.07372454751105
  1.1091836421235
 1.14426046972441
 1.17908308360446
 1.21365493372367
  1.2479451148488
 1.28191181942478
 1.31551041614249
 1.34869574767302
 1.38134966882329
 1.41325772507861
  1.4442421357239
 1.47415977851327
 1.50289130727654
 1.53033393331503
 1.55639636676168
 1.58099506556186
 1.60407140203189
 1.62576381159036
  1.6462967712278
 1.66586391635207
 1.68463366603672
 1.70275432930387
  1.7203578244135
 1.73756243306292
 1.75447483245192
 1.77116209426646
 1.78760328787427
 1.80376523558802
 1.81961756432611
 1.83513235915753
 1.85028384973574
 1.86504812620783
 1.87940288119087
  1.8933291877439
 1.90684912410525
 1.92001954878996
 1.93289481390659
 1.94552573817506
 1.94553352619245