1153446.11059918
1153527.40439939
1153772.65695634
1153840.34580735
  1153840.513379
1153734.56227843
1153530.59848601
1153220.04449143
1152796.66633921
1152256.15123194
1151565.14626432
1150688.49966809
1149636.35242567
1148407.54143493
1147004.98142963
1145431.84233393
 1143693.6418167
 1141799.3605369
1139759.28436577
1137655.95760117
1135496.99685976
 1133269.1386093
1130962.34179443
1128562.88743655
1126054.84560776
1123418.86206472
1120633.46836061
1117662.36208882
1114454.76272488
1110991.69128116
1107247.77473316
1103195.37062309
 1098803.0214269
 1094035.0913065
 1088850.9508105
1083204.36083842
1077033.44755459
1070277.77061969
1062878.69191021
1054769.09982844
1045873.79233956
1036107.91647926
1025375.26907176
1013566.76264501
1000545.86239164
986136.674135605
970230.251990735
952737.093252839
933584.366205336
 912728.57739881
890172.333744378
 865989.30347519
840365.888232995
813741.777216024
786560.734150154
759015.669078219
731278.900119233
703521.775099769
675911.512185549
648606.138692237
 595078.01130805
569226.305260513
544799.405125794
521207.700472895
498384.472486173
476343.090576011
455111.830385167
434717.443723015
415180.100052512
396512.503401901
378759.572854722
362004.605621563
346294.956670361
331648.013701356
318061.020972258
305517.906774166
293994.202228308
283460.687411908
273877.868196391
265129.359641311
257076.258054564
249604.569166152
242619.982833698
236043.667992069
 229809.19962583
223860.273055814
218148.989212011
212644.231409475
207345.418770894
202255.413285781
 197375.52911861
192705.810172918
188245.273240438
183992.120161697
179943.922392466
176097.227773593
172437.558469118
 168942.15554913
165590.445266975
 162364.10983668
162361.917206895