                   0
0.000320160170478756
0.000966666897481899
 0.00141103864165015
 0.00115816468089203
0.000905536405975349
 0.00100782120584508
 0.00109928671218218
 0.00118036619624373
 0.00125492690272799
 0.00132246439840178
 0.00138485122012288
 0.00144196921364514
 0.00149497930018572
 0.00154511576866168
 0.00159237034763726
 0.00163655720583034
 0.00167813825677343
 0.00171783417173477
  0.0017565760506757
  0.0017936442385289
 0.00182942816926945
 0.00186509985734507
 0.00190149114469729
 0.00193755592590361
 0.00197528150197845
 0.00201302422132632
 0.00205216408015629
 0.00209125107917796
 0.00212977514875057
 0.00216836627569617
 0.00220549084326715
 0.00224089541425943
 0.00227435332714165
 0.00230567526591718
 0.00233556723328809
 0.00236363327402156
 0.00238953173468914
 0.00241323335330068
 0.00243473959875673
 0.00245555933189889
 0.00247483815701965
 0.00249203450354907
 0.00250744026770899
 0.00252278763188563
 0.00253596738440831
 0.00254724922050187
 0.00255866836454954
 0.00256745687138249
  0.0025758665980955
 0.00258248775070191
  0.0025879094164325
 0.00259200099773427
 0.00259479912048088
 0.00259578998180321
 0.00259605282753173
 0.00259312993279304
 0.00259056936227453
 0.00258270070069377
 0.00257721810660794
 0.00256573538661775
 0.00255463879019757
 0.00253944505201598
 0.00252124940563614
  0.0025019888076967
 0.00247548504109374
 0.00245181352139601
 0.00242050757330325
 0.00238784283235072
 0.00235232092029469
 0.00231157241264057
 0.00227198531437312
 0.00223055770477987
 0.00218652936138652
 0.00218494150065096
 0.00218383158093438
 0.00218104965728028
 0.00217984506434599
 0.00217241881479047
  0.0021657205427088
 0.00215643225748741
 0.00214142392784455
 0.00212910057773374
 0.00210917732682203
 0.00209069969358366
 0.00206633831279035
 0.00204194670817426
 0.00201244090363617
 0.00198398543628664
 0.00195208258797575
  0.0019195603459885
 0.00188844467096327
 0.00186118069426211
 0.00183822684622825
 0.00181757272938299
 0.00179733820372308
 0.00177690537057162
 0.00175654727391716
 0.00175767535815163
 0.00175663512795338
 0.00175426370778337
 0.00175142460769206
 0.00174634583901795
 0.00174116675981462
  0.0017345481353031
 0.00172723005804898
 0.00171986970643978
 0.00171281838088705
 0.00170624724673563
 0.00170066657842305
 0.00169603807209823
 0.00169242340733056
 0.00168829218877398
 0.00168214491111796
 0.00167384749478439
  0.0016628054519815
 0.00164836839924798
 0.00162999023626426
 0.00160654873384891
 0.00157791247304406
 0.00154357405433947
  0.0015039668322735
 0.00146059905533669
 0.00141491980696118
 0.00136934866323896
 0.00132679307936201
 0.00128939362124186
  0.0012588542490326
 0.00123628735496883
 0.00122180841221914
 0.00121403634054529
 0.00121192598864556
 0.00121093860581667
 0.00121033391358488
 0.00120781847010365
 0.00120132919429528
 0.00119013828900122
 0.00117428256386681
 0.00115449321600047
  0.0011316533112975
 0.00110692041002469
  0.0010815197272056
 0.00105637998442654
 0.00103206736716172
 0.00100941189388082
0.000995903142008592
0.000982423156817402
0.000968970786794365
0.000955545256804635
0.000942146192223436
0.000928773579999875
0.000915427684133885
0.000902108918423572
 0.00088881790667239
0.000875555429977304
0.000862322330693166
0.000849119541385779
0.000835948130078812
0.000822809322010176
0.000809704510073672
0.000796708854128969
0.000783827844294427
 0.00077098220882843
0.000758173916184601
0.000745405099305874
0.000732678041163837
0.000719995192666856
0.000707359179026312
 0.00069477279640151
0.000682239006574381
0.000669760931588659
0.000657341847914106
0.000644985179593549
0.000632694490113606
0.000620473472860761
0.000608325930741449
0.000596255785340949
0.000584392364580744
0.000572611077438667
 0.00056091264120095
0.000549301174617822
0.000537780845291991
0.000526355851280025
0.000515030401910588
0.000503808698238295
0.000492694913161618
0.000481693171303421
0.000470807528800243
0.000460041953207035
0.000449440485751795
0.000439009889444231
0.000428676693881247
 0.00041841378034646
0.000408291999776988
0.000398320355037951
 0.00038850103696908
0.000378829837682781
0.000369306064772035
0.000359940031275929
0.000350733031893036
0.000341700098055897
0.000332845856790831
0.000324148371816602
0.000315608261840961
0.000307225870155747
0.000298992121241071
 0.00029091343525911
0.000282992382973024
0.000275228355837598
0.000267616801964854
0.000260153369997518
0.000252844176432454
  0.0002456877617667
0.000238682458001183
0.000231817800532497
0.000225099714981747
  0.0002185271808961
0.000212097893987684
0.000205804578359281
0.000199651300353043
0.000193640159706909
0.000195043932984862
0.000196324412821247
0.000196927918046264
0.000196896774662947
0.000196271538608461
0.000195090011820054
0.000193397264172446
0.000191241622880756
 0.00018866818315133
0.000185714957897321
0.000182432118890685
0.000178863723446776
0.000175051346215649
0.000171034739085418
0.000166851582252714
0.000162537289827847
0.000158124867432385
0.000153644818500109
0.000149125095457059
0.000144591091356006
0.000140065667238565
0.000135569210028219
 0.00013111971616242
0.000126732896248205
 0.00012242229620707
0.000118199430416799
0.000114073923086822
0.000110053654461373
0.000106144908893824
0.000102352522140081
9.86800255696751e-05
9.51297856747191e-05
9.17031375305966e-05
8.84005112655739e-05
8.52215504828502e-05
8.21652223245151e-05
 7.9229918988899e-05
 7.6413550699761e-05
7.37136300816843e-05
7.11273481518448e-05
6.86516423379357e-05
6.62832569995331e-05
6.40187968203865e-05
6.18547734738684e-05
5.97876461154723e-05
5.78138563741559e-05
5.59298581459533e-05
5.41321426741348e-05
5.24172594428274e-05
5.07818334261056e-05
4.92225789102685e-05
4.77363103177364e-05
4.63199504736611e-05
4.49705366133424e-05
 4.3685224419665e-05
4.27518493231194e-05
 4.4146787023136e-05
4.55355364201715e-05
 4.6918548848307e-05
4.82962351346927e-05
4.96689664266636e-05
5.10370750568256e-05
5.24008554427802e-05
5.37605650017259e-05
5.51164250794933e-05
5.64686218675892e-05
5.78173072995902e-05
5.91974685422159e-05
6.18940989269845e-05
6.45672090477944e-05
6.72163319332952e-05
6.98436057688934e-05
 7.2451502550086e-05
7.50328944894019e-05
7.75872650482512e-05
8.01140946633527e-05
8.26128617748001e-05
8.50830438001715e-05
8.75241180533504e-05
8.99355626073906e-05
9.23168571025368e-05
9.46674835038408e-05
9.69869268181434e-05
9.92746757806362e-05
0.000101530223518331
0.000103753068207979
0.000105942713727325
0.000108098670316359
0.000110228349051944
0.000112326017105646
0.000114389622963396
0.000116418692981179
0.000118412761724418
0.000120371372670958
0.000122294078904073
0.000124180443789701
0.000126030041630143
0.000127842458288674
0.000129617291777517
0.000131354152808738
0.000133052665303612
0.000134712466862474
0.000136333209192596
 0.00013791455849943
0.000139462224710174
0.000140986427321632
0.000142471044640935
0.000143915773249681
0.000145320325203091
0.000146684428304233
0.000148007826349383
0.000149290279351622
0.000150531563744893
0.000151731472566752
0.000152889815622226
0.000154006419631036
0.000155081128353718
0.000156137441086557
0.000157156090388355
0.000158132860945459
0.000159067633189514
0.000159960304993989
0.000160810791736576
0.000161619026346704
0.000162384959336626
0.000163108558813851
0.000163789810478487
0.000164428717605025
0.000165025301007704
0.000165597878810875
0.000166140144870042
0.000166640355096614
0.000167098570154289
0.000167514868163465
0.000167889344603989
 0.00016822211220302
0.000168513300813133
0.000168763057272203
0.000168971545250418
0.000169138945086189
0.000169265453607181
  0.0001693512839398
0.000169407202701199
0.000169442471454895
0.000169437651154736
0.000169392993741191
0.000169308766835963
0.000169185253505955
0.000169022752006365
0.000168821575523115
0.000168582051897515
 0.00016830452334804
0.000167989346176123
0.000167636890468392
0.000167247539788695
0.000166821690861241
0.000166362221142746
0.000165892752436836
0.000165387719224031
0.000164847550226277
0.000164272686237421
0.000163663579773266
 0.00016302069471541
0.000162344505950651
0.000161635499005053
0.000160894169669801
 0.00016012102362728
0.000159316576069157
0.000158481351310691
0.000157615882405482
0.000156720710750236
0.000155796385694407
 0.00015485835181539
0.000153901955527669
0.000152917644435924
0.000151905986225831
0.000150867555128276
0.000149802931515897
0.000148712701495635
0.000147597456504611
0.000146457792902677
0.000145294311567179
0.000144107617486178
0.000142898319355877
0.000141667029176507
0.000140414361849084
0.000139140934777737
0.000137847367471355
0.000136534281149236
0.000135221244401906
0.000133891588486756
0.000132543798125884
0.000131178495028417
 0.00012979630119303
0.000128397838526473
0.000126983728470087
0.000125554591630328
0.000124111047410169
0.000122653713655163
0.000121183206295505
0.000119700139000534
0.000118205122837445
0.000116698765934675
0.000115181673159048
0.000113654445790701
0.000112117681213553
0.000110588955517521
0.000109052559013056
0.000107507939753226
0.000105955678788128
0.000104396352171632
0.000102830530686493
0.000101258779578117
9.96816582983229e-05
9.80997202562062e-05
9.65135125798877e-05
9.49235758860301e-05
9.33304440626781e-05
9.17346440569844e-05
9.01366956744809e-05
 8.8537111390119e-05
8.69494426865014e-05
8.53648864211909e-05
8.37797836350518e-05
8.21946197628876e-05
8.06098723065141e-05
7.90260106904306e-05
7.74434961297032e-05
7.58627815089508e-05
7.42843112655489e-05
7.27085212941514e-05
7.11358388472139e-05
6.95666824566121e-05
6.80194577296067e-05
6.64761955588844e-05
6.49372842538298e-05
6.34031108028843e-05
6.18740533222528e-05
6.03504810132716e-05
5.88327541413136e-05
5.73212240146947e-05
5.58274233357636e-05
5.43489924198504e-05
5.28773731571786e-05
5.14128843518424e-05
4.99558359863261e-05
4.85065292437081e-05
 4.7080208917194e-05
4.56687398759925e-05
4.42654599108749e-05
4.28706381954136e-05
4.14900170355725e-05
4.01359656090339e-05
 3.8790702737046e-05
3.75056038715016e-05
3.63888011138958e-05
3.52782207599933e-05
3.41740877223273e-05
3.30867821196623e-05
3.20230001282784e-05
3.09658345356567e-05
2.99154847851479e-05
2.88886042729697e-05
2.78782874831851e-05
 2.6874908464869e-05
2.59003226292798e-05
2.49362848626644e-05
 2.3995220460149e-05
2.30696880877401e-05
2.21701934283169e-05
2.12869007866212e-05
 2.0428770873937e-05
1.95964021090234e-05
1.87908754857302e-05
1.80206383560977e-05
1.72901375370405e-05
1.66257241999146e-05
1.60049595535616e-05
1.54052136889238e-05
1.48225418682424e-05
1.42547973779328e-05
 1.3700298500785e-05
1.31577475758204e-05
1.26264737628778e-05
  1.210834520049e-05
1.16015396182112e-05
1.11061474471486e-05
1.06223136397965e-05
 1.0150053105229e-05
 9.6892717863506e-06
 9.2397845014025e-06
8.81889382231549e-06
9.67211130142864e-06
 1.0513427011194e-05
1.13512167010388e-05
 1.2175456233221e-05
 1.2986156814554e-05
1.37833320239533e-05
 1.4566997750487e-05
1.53454120137564e-05
1.61113824794779e-05
1.68637295971941e-05
1.76024798188568e-05
1.83276616672057e-05
1.90393056809235e-05
1.97374443628995e-05
2.04230644305081e-05
2.11017084525977e-05
2.17668213959854e-05
2.24184449442166e-05
2.30566225241091e-05
2.36813992537943e-05
2.42928219063021e-05
 2.4890938860711e-05
2.54758000706179e-05
2.60474570177305e-05
2.66059626818915e-05
2.71513715044414e-05
2.76837393524687e-05
2.82063145093936e-05
2.87181596239083e-05
2.92170547824266e-05
2.97030626721373e-05
3.01762472409983e-05
3.06366736697594e-05
3.10844083468709e-05
3.15195188431705e-05
3.19420738903453e-05
3.23521433576168e-05
3.27497982306468e-05
3.31351105917754e-05
3.35081536024795e-05
3.38690014825005e-05
3.42177294943014e-05
 3.4554413925969e-05
3.48791320754493e-05
3.51919622352259e-05
3.54929836783313e-05
 3.5782276642804e-05
3.60622426764934e-05
3.63322689653778e-05
3.65907727757353e-05
3.68378385187107e-05
3.70735514725329e-05
3.72979977709686e-05
 3.7511264395107e-05
3.77134391602585e-05
3.79046107061853e-05
3.80848684882196e-05
3.82543027650506e-05
3.84130045898434e-05
3.85610658015789e-05
3.86985790132854e-05
 3.8825637602713e-05
3.89423357045615e-05
3.90487681984908e-05
3.91450306993502e-05
3.92312195494071e-05
3.93074318061348e-05
3.93737652328863e-05
3.94303182884581e-05
3.94771901168767e-05
3.95144805365177e-05
3.95422900294484e-05
3.95607197289927e-05
3.95699093245216e-05
3.95733421745259e-05
 3.9567679552821e-05
3.95530245498321e-05
3.95294808352986e-05
3.94971526489485e-05
3.94561447869535e-05
3.94065625899387e-05
3.93485119296599e-05
3.92820991972354e-05
3.92074312896007e-05
3.91246155946323e-05
3.90337599787127e-05
3.89349727707433e-05
 3.8828362749932e-05
3.87140391280294e-05
3.85921115351184e-05
3.84626900056251e-05
3.83258849585566e-05
 3.8181807184845e-05
 3.8030567828029e-05
3.78722783691554e-05
3.77070506076826e-05
3.75349966459382e-05
3.73562288689122e-05
3.71708599280485e-05
3.69800196562409e-05
 3.6785305276732e-05
 3.6584300355802e-05
3.63771175904137e-05
3.61638698596067e-05
3.59446702049571e-05
3.57196318125919e-05
 3.5488867991873e-05
3.52524921560793e-05
3.50106178030885e-05
 3.4763358494283e-05
3.45108278350104e-05
3.42531394523782e-05
3.39904069766028e-05
3.37227440183607e-05
3.34502641479162e-05
3.31730808746933e-05
3.28913076264037e-05
3.26050577246217e-05
3.23144443683532e-05
3.20195806071677e-05
3.17239328109231e-05
 3.1424688640147e-05
3.11214934374249e-05
 3.0814458692241e-05
3.05036956578242e-05
3.01893153338284e-05
2.98714284430179e-05
2.95501454099512e-05
2.92255763409965e-05
2.88978309999077e-05
 2.8567018790282e-05
2.82332487311354e-05
2.78966294375849e-05
2.75572690995318e-05
2.72152754596799e-05
2.68748963765386e-05
2.65321753729619e-05
2.61870943807363e-05
2.58397584651515e-05
2.54902721665839e-05
2.51387394805125e-05
2.47852638393109e-05
2.44299480915977e-05
 2.4072894481808e-05
2.37142046330963e-05
2.33558438738068e-05
2.29989866258329e-05
2.26407398864481e-05
2.22812019119445e-05
2.19204702711639e-05
2.15586418246261e-05
2.11958127103173e-05
2.08320783230409e-05
2.04720310281736e-05
2.01121320537734e-05
1.97515478994603e-05
1.93903701268816e-05
1.90286895003222e-05
1.86693278330097e-05
1.83127553241569e-05
1.79558809585423e-05
1.75987914199371e-05
1.72431925646865e-05
1.68920709762155e-05
1.65409198999988e-05
1.61898217974077e-05
 1.5842445729719e-05
1.54980437909735e-05
 1.5153865161377e-05
1.48119952754211e-05
 1.4475055438723e-05
1.41384971781289e-05
 1.3805324635241e-05
1.34764631409823e-05
1.31481291711921e-05
1.28266038503799e-05
 1.2506332546014e-05
1.21913616504266e-05
1.18792770538168e-05
1.15679005101565e-05
1.12572966073365e-05
1.09475290781536e-05
1.06386608005327e-05
1.03307537817621e-05
1.00238691556065e-05
9.71806717187107e-06
9.41340719107231e-06
9.10994767866491e-06
 8.8077461952718e-06
8.50685939401963e-06
8.20734301321124e-06
8.02958585588431e-06
7.90763155322782e-06
7.78528767886311e-06
7.66258429740763e-06
7.53955131760353e-06
7.41621848188156e-06
7.29261536036585e-06
7.16877133966065e-06
7.04471562462672e-06
6.92047722783418e-06
6.79608496045869e-06
6.67156742595321e-06
6.54695302504393e-06
6.42226992864092e-06
6.29754609537958e-06
6.17280924541941e-06
6.04808686854863e-06
5.92340620986231e-06
5.79879427120567e-06
 5.6742777976293e-06
5.54988328216321e-06
5.42563694749809e-06
5.30156475420096e-06
5.17769238805865e-06
5.05404525397157e-06
4.93064847817415e-06
 4.8075268971326e-06
4.68470505521346e-06
4.56220720146394e-06
4.44005728394981e-06
4.31827894487036e-06
4.19689551989233e-06
4.07593003115547e-06
3.95540518438597e-06
3.83534336700908e-06
4.04216081295594e-06
4.25990832564338e-06
4.47422405391862e-06
4.68596641978181e-06
4.89601595998757e-06
5.10257508290479e-06
5.30563606648826e-06
5.50519211173217e-06
5.70123733112382e-06
5.89376673887365e-06
6.08277624003506e-06
6.26826262073443e-06
6.45201997540035e-06
6.63263951028448e-06
6.80970508115664e-06
6.98321666026125e-06
7.15317505672886e-06
 7.3195819090266e-06
7.48243967141349e-06
7.64175160328229e-06
7.79752175894544e-06
7.94975497497852e-06
8.09845686000621e-06
8.24363378226778e-06
8.38553921411744e-06
8.52545537677329e-06
8.66184867898134e-06
 8.7947282529921e-06
 8.9241039420429e-06
9.04998629058795e-06
9.17238653208585e-06
9.29131657567694e-06
9.40678899796765e-06
9.51881702793145e-06
9.62741453736093e-06
9.73259602887744e-06
 9.8343766239406e-06
9.93277205108001e-06
1.00277986354591e-05
1.01194732857746e-05
1.02078134835981e-05
1.02928372722744e-05
1.03745852790826e-05
1.04544172117027e-05
 1.0530973263867e-05
 1.0604273509518e-05
1.06743385337449e-05
1.07411894196829e-05
1.08048477400757e-05
1.08653355428423e-05
1.09226753419733e-05
1.09768901053187e-05
1.10280032448173e-05
 1.1076038603175e-05
 1.1121020445648e-05
1.11629734473873e-05
1.12019226823357e-05
1.12378936145685e-05
1.12709120843046e-05
 1.1301004300579e-05
1.13281968288081e-05
1.13525165805761e-05
1.13739908036425e-05
1.13926470703962e-05
1.14085132705277e-05
1.14216175972626e-05
1.14320829576187e-05
 1.1440864266854e-05
1.14469568801567e-05
1.14503900381369e-05
1.14511932425287e-05
1.14493962424245e-05
1.14450290271684e-05
1.14381218165871e-05
1.14287050503314e-05
1.14168093796607e-05
1.14024656572287e-05
1.13857049288679e-05
1.13665584222655e-05
1.13450575409679e-05
1.13212338535007e-05
1.12951190838206e-05
1.12667451035442e-05
  1.123614392462e-05
1.12033476873385e-05
1.11683886541147e-05
1.11312992017165e-05
1.10921118097185e-05
1.10508590553948e-05
1.10075736037274e-05
1.09622882007443e-05
 1.0915035663972e-05
1.08658488739977e-05
1.08156724341057e-05
 1.0763716578932e-05
1.07099139963207e-05
1.06542976654467e-05
1.05969005936846e-05
1.05377558110575e-05
1.04768963598012e-05
1.04143552894786e-05
1.03501656483207e-05
1.02843604776748e-05
1.02169728026791e-05
1.01480356293759e-05
1.00775819324994e-05
1.00056446530328e-05
9.93225668954878e-06
9.85745089221446e-06
9.78126005701796e-06
9.70371691688676e-06
9.62485413968928e-06
9.54470431602239e-06
9.46329995854533e-06
9.38067349398608e-06
9.29736416899196e-06
9.21343075432901e-06
 9.1283602485781e-06
9.04218457375983e-06
8.95493553731974e-06
8.86664483168431e-06
8.77734402515706e-06
8.68706455792179e-06
8.59583773515915e-06
8.50369472527035e-06
8.41066655210554e-06
8.31678408852454e-06
8.22207805506459e-06
8.12657901327896e-06
8.03031735996385e-06
7.93332332404972e-06
7.83576693419441e-06
7.73856232316739e-06
7.64070184744448e-06
7.54221489596141e-06
7.44313067135849e-06
7.34347818376335e-06
7.24328624923665e-06
7.14258348333274e-06
7.04139829821315e-06
6.93975890087017e-06
6.83769328291284e-06
 6.7352292230094e-06
6.63342193640837e-06
6.53155988694643e-06
6.42936623651558e-06
6.32686773638369e-06
6.22409090911269e-06
6.12106204544993e-06
6.01780720232981e-06
5.91435219954306e-06
5.81201216776073e-06
5.70971807967169e-06
5.60728259157983e-06
 5.5047303957334e-06
 5.4020859396875e-06
5.29996734988103e-06
5.19883687521983e-06
 5.0976672014702e-06
4.99648160467991e-06
4.89556916916101e-06
4.79613125303757e-06
4.69672597902537e-06
4.59737542835015e-06
4.49899308829771e-06
4.40158175063488e-06
4.30426928343941e-06
4.20766357556168e-06
4.11242465059303e-06
4.01732535038057e-06
 3.9233056954302e-06
 3.8303760763192e-06
3.73762368299779e-06
3.64631394922377e-06
3.55576941557523e-06
 3.4654372695897e-06
3.37533559746639e-06
3.28548223116343e-06
3.19610110044444e-06
 3.1083826201872e-06
3.02094666682073e-06
2.93380992388848e-06
2.84698881869438e-06
2.76049952829815e-06
2.67435797263182e-06
2.58857981627614e-06
2.50318046846054e-06
2.41817508039865e-06
2.33357854528826e-06
2.25023791511347e-06
2.20881754420255e-06
2.16868204516718e-06
2.13026960627083e-06
2.09442511400759e-06
2.05988172374827e-06
2.02571516916272e-06
1.99147480628437e-06
1.95716920492472e-06
1.92280684940815e-06
1.88839614601033e-06
1.85394541696304e-06
 1.8194629018975e-06
1.78495675495771e-06
1.75043504591077e-06
 1.7159057621452e-06
1.68137679457114e-06
 1.6468559581595e-06
1.61235097040358e-06
1.57786946719529e-06
1.54341898661592e-06
1.50900698303591e-06
1.47464081667881e-06
1.44032775617475e-06
1.40607497700618e-06
1.37188956506051e-06
 1.3377785051949e-06
1.30374869755645e-06
1.26980694004075e-06
1.23595994050429e-06
1.20221430666145e-06
1.16857655441116e-06
1.13505310050943e-06
1.10165026490083e-06
1.06837427260587e-06
 1.0971234662982e-06
1.15851491377938e-06
 1.2189491696013e-06
1.27842329389338e-06
1.33723685480369e-06
1.39550734190586e-06
1.45280204777443e-06
1.50911896001915e-06
1.56445631138702e-06
 1.6188125804284e-06
1.67218648661205e-06
1.72457698877082e-06
1.77598328465756e-06
1.82686634286888e-06
1.87690737107893e-06
1.92595614767477e-06
1.97401273194231e-06
2.02107740987501e-06
2.06715069128727e-06
2.11223330781607e-06
2.15632620914619e-06
2.19943056145588e-06
2.24154774364216e-06
2.28267934621051e-06
 2.3228271659459e-06
2.36199320524655e-06
2.40063543199831e-06
2.43833150292971e-06
2.47504728378978e-06
2.51078552104822e-06
2.54554915368743e-06
2.57934131009385e-06
2.61216530650366e-06
2.64402464256186e-06
2.67492299954597e-06
2.70486423681326e-06
2.73385238869217e-06
2.76189166248386e-06
2.78898643379932e-06
 2.8151412463373e-06
2.84036080611116e-06
2.86464997967251e-06
 2.8880137916687e-06
2.91045742062401e-06
2.93229604131362e-06
2.95330174715502e-06
 2.9733991313563e-06
2.99259392488871e-06
3.01089199972182e-06
  3.028299366159e-06
3.04482216995083e-06
3.06046668852034e-06
3.07523932963072e-06
3.08914662650039e-06
3.10219523647071e-06
  3.114391936343e-06
3.12574362171247e-06
3.13625730186118e-06
3.14594009775959e-06
 3.1547992394021e-06
3.16284206158812e-06
3.17007600347807e-06
3.17650860237606e-06
3.18214749395196e-06
3.18700040802256e-06
3.19107516477679e-06
 3.1943796729994e-06
3.19699354789371e-06
3.19909879387126e-06
3.20045428026106e-06
3.20106821294353e-06
3.20094887307221e-06
3.20010461485332e-06
3.19854386199303e-06
3.19627510636522e-06
 3.1933069037926e-06
3.18964787204834e-06
3.18530668774741e-06
3.18029208457027e-06
3.17461284948806e-06
3.16827782120832e-06
3.16129588640024e-06
3.15367597747418e-06
3.14542707102738e-06
3.13655818384717e-06
3.12707837069048e-06
3.11699672317367e-06
 3.1063223648875e-06
3.09506445073104e-06
3.08323216402506e-06
3.07083471318137e-06
3.05788133148077e-06
  3.044381271744e-06
3.03049125016663e-06
3.01621057219315e-06
3.00140771192225e-06
2.98609196036637e-06
2.97027261741967e-06
2.95395899185813e-06
2.93716039911907e-06
2.91988615663819e-06
2.90214558695823e-06
2.88394800818104e-06
2.86530273929664e-06
2.84621909218963e-06
2.82670637430371e-06
2.80677388198036e-06
2.78643090201314e-06
2.76568670853905e-06
2.74455056081813e-06
  2.723031701235e-06
2.70113935352256e-06
2.67888272142969e-06
2.65627098627874e-06
2.63331330385697e-06
2.61007816426684e-06
 2.5867480966113e-06
2.56309598634097e-06
 2.5391308504652e-06
2.51486167313075e-06
2.49029740673201e-06
2.46544696769213e-06
2.44031923557486e-06
2.41492305130819e-06
2.38926721674027e-06
2.36336049175279e-06
2.33721159292877e-06
2.31082919288639e-06
2.28422191828059e-06
2.25739834824878e-06
2.23036701307855e-06
2.20313639354153e-06
2.17595295537443e-06
 2.1486702725948e-06
2.12120966902596e-06
2.09357938296684e-06
2.06578759676113e-06
2.03784243746341e-06
 2.0097519735085e-06
1.98152421493347e-06
1.95316711071314e-06
1.92468854987027e-06
1.89609635836696e-06
1.86750091035748e-06
1.83907177109255e-06
1.81054784276213e-06
1.78193665734128e-06
1.75324568307822e-06
1.72448232027556e-06
1.69565390173432e-06
1.66676769208784e-06
1.63795252916543e-06
1.60938648541276e-06
1.58077922507438e-06
1.55213769237328e-06
1.52346875847975e-06
1.49477922417596e-06
 1.4664156633426e-06
1.43815380493351e-06
1.40988606678327e-06
1.38161891460875e-06
1.35360010955488e-06
1.32582564993378e-06
1.29806523885279e-06
1.27032500008006e-06
1.24301399440085e-06
1.21581999312781e-06
1.18865839038307e-06
1.16184079934634e-06
 1.1352636122286e-06
1.10873009862011e-06
1.08263705955736e-06
1.05671656580597e-06
1.03086574299027e-06
1.00556859439216e-06
 9.8033003492759e-07