                   0
 0.00273653167078264
 0.00256977847865259
 0.00245643915986649
  0.0023596941212495
 0.00228633244211946
 0.00222323041577439
 0.00217223839364046
 0.00212801159488826
 0.00209275051652345
 0.00206273613128385
 0.00203849543134995
 0.00201780093786941
 0.00200083597790573
 0.00198695670456388
 0.00197557365889349
 0.00196604063664883
 0.00195826601503965
 0.00195194615955632
 0.00194702242398649
 0.00194338289922644
  0.0019411926406383
 0.00194043012728452
 0.00194090183308576
 0.00194231575768011
 0.00194440316022028
 0.00194693363087249
 0.00194971951340897
 0.00195260802337979
 0.00195547655464233
  0.0019582269261457
 0.00196078072246647
 0.00196307478614571
 0.00196505728993915
 0.00196668428234159
 0.00196791694490522
  0.0019687508401259
 0.00196921053120841
 0.00196932529943808
 0.00196912807302976
  0.0019686534684816
 0.00196793581287563
 0.00196699525371777
 0.00196585197058158
  0.0019645280981968
 0.00196305514685249
 0.00196147069354038
 0.00195981468997555
 0.00195812658590822
 0.00195643808049742
 0.00195476616294821
 0.00195350419231738
 0.00195227331637107
 0.00195095739555645
 0.00194948261832475
 0.00194775158313124
  0.0019456524002438
 0.00194306392565419
 0.00193986753696609
 0.00193594902646674
 0.00193124537881725
 0.00192630045988557
 0.00192047096915293
 0.00191368827566246
 0.00190589732429258
 0.00189704886929376
 0.00188708630878848
 0.00187696800820086
 0.00186576550364942
  0.0018532230794871
  0.0018390752332198
 0.00182487389611613
  0.0018089066330661
 0.00179111697221096
 0.00177300990730211
 0.00175216357614588
 0.00173151629742613
   0.001708166768429
 0.00168455172628129
 0.00165921970729921
 0.00163226514723774
 0.00160545050737043
 0.00157687419219488
 0.00154711918112105
 0.00151791684185221
 0.00148772754648641
 0.00145692950081189
 0.00142589741721483
 0.00139503079037279
 0.00136573572604565
 0.00135227110886654
 0.00134049372583983
 0.00132746036530723
  0.0013134604629137
 0.00129693142795162
 0.00128094502797138
 0.00126245671166203
 0.00124373235699321
 0.00122377197224927
 0.00120281696680885
  0.0011815723414082
 0.00115926332305771
 0.00113691707632402
 0.00111411501837211
 0.00109537398361575
 0.00108083355960681
  0.0010675858835924
 0.00105444307507377
 0.00104156249286494
 0.00102909380510988
 0.00101714843891548
 0.00100579635861148
 0.00099507543254615
 0.00098500090633849
 0.00097587180610953
0.000967317841551935
0.000959224044049467
0.000950366985482759
0.000938999544664365
0.000925055471091563
 0.00090828520752434
0.000888896734725614
0.000867621133231689
0.000845161043565856
0.000822692251831209
0.000801629527305642
  0.0007846550101554
0.000778472538620345
0.000772240799836343
0.000766068504117423
0.000760060842934285
0.000754309265781183
0.000748864215128181
 0.00074373878395409
0.000738933111983892
0.000734437402749366
 0.00072817856741389
0.000719616210375779
0.000709107652742486
 0.00069708485075376
0.000684114302404087
0.000670796323020695
0.000657587452236708
0.000644768069652524
0.000632493554871438
0.000620695544700178
0.000609299054072754
0.000598233820345906
0.000587407676372442
 0.00057673493985605
0.000566160551498107
 0.00055568640214515
0.000545282558971183
0.000534942639200342
 0.00052471071597221
0.000514620077010419
0.000504682748691809
0.000494900126389863
0.000485268345382761
0.000475779818437938
 0.00046642934491653
0.000457215443536163
0.000448092701539338
0.000439056224617429
0.000430111126279886
0.000421251881224605
0.000412468122647891
0.000403750105016421
0.000395089497284173
0.000386478797368195
0.000377910895844102
0.000369378919831131
0.000360876224104689
0.000352396468687566
0.000343941396321268
0.000335496296118121
0.000327046767798989
0.000318595839988722
0.000310144623560771
0.000301689494271173
 0.00029324005670367
0.000287585671078339
0.000281992989258462
0.000276461867583622
0.000270992264445935
0.000265584234883043
0.000260238704176519
0.000255044708277363
0.000249910022424971
0.000244834942880356
 0.00023981984185345
0.000234850397965614
0.000229910064948269
0.000225036163185699
0.000220306478790899
0.000215650142093293
0.000211057846149776
 0.00020652845643937
0.000202067141730433
0.000197674232057909
0.000193351218237103
0.000189155925431839
0.000185026780454234
0.000180964135227168
0.000176968315890869
0.000173034323472265
0.000169166161150092
0.000165372824550813
0.000161694648897592
0.000158079421075819
0.000154525340182787
 0.00015103688189616
0.000147614163881649
0.000144257240388912
0.000140960868986351
 0.00013777152036637
0.000134645609976836
0.000131582783188144
0.000128579862699707
 0.00012563736475979
0.000122757478648428
0.000119939860514007
 0.00011719780458419
0.000114528588386287
0.000111918450352855
0.000109366893477514
0.000106870774153223
0.000104430254074084
0.000102046638826903
9.97191980885437e-05
 9.7460159438123e-05
9.52604440963567e-05
9.31132827244885e-05
9.10178433390918e-05
8.89732474862459e-05
8.69785745284402e-05
8.50328660474964e-05
8.31351301275873e-05
8.33174506413292e-05
8.36947401320065e-05
8.40690771529706e-05
8.44292590273521e-05
8.47749528972985e-05
8.51076374732973e-05
8.54349933451237e-05
8.57472786754132e-05
8.60541608087295e-05
8.63800603719822e-05
8.67388398848867e-05
8.71029466490703e-05
8.74489730684769e-05
8.77767999746815e-05
8.80863161221712e-05
8.83774184413377e-05
8.86500122698752e-05
8.89040115654993e-05
8.91393390959616e-05
8.93559266089416e-05
8.95537149797065e-05
8.97326543396748e-05
8.98927041834974e-05
9.00338334564044e-05
9.01560206230945e-05
9.02592537178337e-05
9.03435303764855e-05
9.04088578523587e-05
9.04552530146541e-05
9.04827423327814e-05
  9.049136184483e-05
9.04811571129926e-05
9.04521831647243e-05
9.04045044225754e-05
9.03381946213699e-05
9.02533367141412e-05
9.01500227683816e-05
9.00283538510238e-05
8.98884399057054e-05
8.97303996194865e-05
8.95543602823512e-05
8.93604576392981e-05
8.91488357334103e-05
8.89196467444009e-05
8.86730508186939e-05
8.84092158951466e-05
8.81283175236669e-05
8.78305386805278e-05
8.75160695771593e-05
8.71851074655261e-05
8.68378564390371e-05
8.64745272298739e-05
8.60953370031559e-05
8.57005091471075e-05
8.52902730614225e-05
8.48648639428518e-05
8.44245225676832e-05
8.39694950737768e-05
8.35000327394919e-05
8.30163917621696e-05
8.25188330345061e-05
8.20076219205934e-05
8.14830280313206e-05
8.09453249982495e-05
8.03947902483504e-05
7.98317047778496e-05
7.92563529268819e-05
7.86690221532826e-05
7.80700028079617e-05
7.74595879109996e-05
7.68380729269935e-05
7.62057555438456e-05
7.55629354507459e-05
7.49099141187093e-05
7.42469945820834e-05
7.35744812219163e-05
7.28926795514895e-05
7.22018960037929e-05
7.15024377202778e-05
7.07946123439385e-05
7.00787278125614e-05
6.95049693067162e-05
6.89743767625373e-05
6.84505414775827e-05
6.79266397470291e-05
 6.7414310993219e-05
6.68985948462653e-05
6.64012090627608e-05
6.59018101852871e-05
 6.5415412455555e-05
6.49332847403872e-05
6.44591269701178e-05
6.39916030810705e-05
 6.3530861000638e-05
6.30736616438754e-05
6.26274312785502e-05
6.21764342503273e-05
6.17457209903804e-05
6.13048647686854e-05
6.08831868242898e-05
6.04584079467174e-05
6.00379344307678e-05
5.96300060496935e-05
5.92114354592277e-05
5.88184497635202e-05
5.84170392293748e-05
5.80234086008935e-05
5.76396830569426e-05
5.72453673915452e-05
 5.6879719839753e-05
5.65026318564699e-05
5.61375026043032e-05
5.57784532112526e-05
5.54132121866613e-05
5.50723566666855e-05
5.47196758695634e-05
5.43847214354853e-05
5.40500074913686e-05
 5.3716390564007e-05
5.33995827738942e-05
5.30706502668288e-05
5.27694618338015e-05
5.24580429863697e-05
5.21608691781417e-05
5.18667034438702e-05
5.15750353082822e-05
5.12977566687889e-05
5.10130140400356e-05
5.07521548384071e-05
5.04786116388156e-05
5.02295307915901e-05
4.99717027885316e-05
4.97254864249563e-05
4.94827544810228e-05
4.92326795319964e-05
4.90043551963915e-05
4.87631460342475e-05
4.85273586086632e-05
4.82997108305905e-05
4.80592633980703e-05
4.78262959749953e-05
4.75985428750048e-05
4.73580913505911e-05
4.71149312878949e-05
4.68862989472796e-05
4.66450880478031e-05
4.63914902035789e-05
4.61470455400126e-05
4.59043506897405e-05
  4.564941226054e-05
4.53824292859784e-05
4.51189424390264e-05
4.48620209725359e-05
4.45932257338577e-05
4.43127626647555e-05
4.40208429954292e-05
 4.3741158174293e-05
4.34585607349547e-05
4.31647099405352e-05
4.28598229072485e-05
4.25441214060296e-05
4.22340209486061e-05
4.19270725912635e-05
4.16095470813782e-05
4.12816709112751e-05
4.09436745785752e-05
4.05978412073016e-05
4.02681904489999e-05
3.99286898250528e-05
 3.9579573275661e-05
3.92210780810753e-05
3.88534446343902e-05
3.84873104273264e-05
 3.8127837536206e-05
3.77595265562136e-05
3.73826194974836e-05
 3.6997360814639e-05
3.66039971830268e-05
3.62146482728587e-05
3.58294740977483e-05
 3.5436521081178e-05
3.50360355664825e-05
 3.4628265455805e-05
3.42134599932709e-05
3.37977074117424e-05
3.33913825763532e-05
3.29783699823949e-05
3.25589164148488e-05
3.21332693538068e-05
3.17016767695244e-05
3.12643869189166e-05
3.08319685054514e-05
3.04039807713652e-05
2.99706518632203e-05
 2.9532224744222e-05
2.90889420689333e-05
2.86410459945374e-05
2.81887779972623e-05
2.77323786921913e-05
2.72896895799346e-05
2.68444363551446e-05
2.63953768527281e-05
2.59427432102721e-05
2.54867662293212e-05
 2.5054803885205e-05
2.46281014261718e-05
2.41980219643501e-05
2.37756185922366e-05
2.33553018095245e-05
 2.2931942028237e-05
2.25057503809856e-05
2.20769364632778e-05
2.16587834131476e-05
2.12403894006563e-05
2.08196868507482e-05
2.03968757591655e-05
1.99763720826196e-05
1.95644309326504e-05
1.91506791090701e-05
1.87353064787232e-05
1.83185184815526e-05
1.79143871525955e-05
1.75089145524332e-05
 1.7102280021386e-05
1.66946606342533e-05
1.62995406082778e-05
1.59035388317963e-05
1.55068029849548e-05
1.51130008673728e-05
1.49802171919289e-05
1.51228694778016e-05
1.52602152264925e-05
1.53922936992901e-05
1.55191443613201e-05
 1.5640806881656e-05
1.57576549045801e-05
1.58715744882909e-05
1.59804114930884e-05
1.60842060792366e-05
1.61829986008444e-05
1.62768296083915e-05
1.63657398508932e-05
1.64497702783983e-05
1.65289620445708e-05
1.66033565085211e-05
1.66729952385258e-05
1.67379200131101e-05
 1.6798172824406e-05
1.68537958799564e-05
1.69048316050469e-05
1.69513226448703e-05
1.69933118669141e-05
1.70308423617926e-05
1.70639574456066e-05
1.70927006618027e-05
1.71171157812566e-05
 1.7137246804716e-05
1.71531379627721e-05
1.71648337168873e-05
1.71723787597278e-05
 1.7175818015136e-05
1.71751966384359e-05
1.71705600154892e-05
1.71619537627787e-05
1.71494237259651e-05
1.71330159786098e-05
1.71127768212043e-05
 1.7088752779032e-05
1.70609905999763e-05
1.70295372525775e-05
1.69944399229516e-05
1.69557460119873e-05
1.69135031323209e-05
1.68677591041722e-05
1.68185619520977e-05
1.67659599005776e-05
1.67100013694355e-05
1.66507349692036e-05
 1.6588209496321e-05
1.65224739275271e-05
1.64535774141161e-05
1.63815692767189e-05
1.63064989984474e-05
1.62284162187609e-05
1.61473707271098e-05
1.60634124553583e-05
 1.5976591471456e-05
1.58869579711118e-05
1.57945622709377e-05
1.56994548002054e-05
1.56016860927422e-05
1.55013067789644e-05
1.53983675770797e-05
1.52929192842877e-05
1.51850127685926e-05
1.50746989588391e-05
1.49620288363017e-05
1.48470534247491e-05
1.47298237813398e-05
1.46103909867967e-05
1.44888061353043e-05
1.43651203254047e-05
1.42393846489508e-05
1.41116501821137e-05
 1.3981967973753e-05
1.38503890366737e-05
1.37169643358581e-05
1.35817447790842e-05
1.34447812055183e-05
1.33061243758614e-05
1.31658249611921e-05
1.31730095992433e-05
1.32102341314222e-05
1.32457203942393e-05
1.32842662986521e-05
1.33191064342619e-05
 1.3354138760413e-05
1.33899823955841e-05
1.34221488736208e-05
1.34506800452128e-05
 1.3482964627165e-05
1.35121549641459e-05
1.35377447899043e-05
1.35597754130079e-05
1.35832717197415e-05
1.36056314488098e-05
1.36244741597014e-05
1.36398406226923e-05
1.36517715966789e-05
 1.3666378241628e-05
1.36783543074892e-05
1.36869441769716e-05
1.36921880737328e-05
 1.3694126222652e-05
 1.3696805320651e-05
1.36985686908231e-05
1.36970824243243e-05
1.36923862065208e-05
1.36845197337143e-05
1.36735227143636e-05
 1.3664969840177e-05
1.36536661460851e-05
1.36392936916918e-05
1.36218916493847e-05
1.36014992148659e-05
1.35781556065417e-05
1.35566518085772e-05
1.35329442430554e-05
1.35063521195522e-05
1.34769141249547e-05
1.34446689796786e-05
1.34096554384455e-05
1.33745849746347e-05
1.33392149346268e-05
1.33011469241606e-05
1.32604191765973e-05
1.32170699675971e-05
1.31711376140098e-05
1.31232349157018e-05
1.30769936393937e-05
1.30282424141148e-05
1.29770190710476e-05
1.29233614893365e-05
1.28673075932006e-05
1.28088953512129e-05
 1.2748162774745e-05
1.26851479144707e-05
1.26198888606988e-05
1.25524237385988e-05
1.24827907077019e-05
1.24110279584588e-05
1.23371737100197e-05
 1.2261266207847e-05
1.21861489202346e-05
1.21151650974705e-05
1.20421659888237e-05
1.19671885078776e-05
 1.1890269600412e-05
1.18114462406838e-05
1.17329994206439e-05
1.16543232632771e-05
1.15738191180936e-05
1.14915234595281e-05
1.14074727811109e-05
1.13217035912494e-05
1.12342524088982e-05
1.11485323240346e-05
1.10615122356772e-05
1.09728858939118e-05
1.08826892438185e-05
 1.0790958229312e-05
1.06977287875898e-05
1.06047775297324e-05
 1.0512223130088e-05
1.04182452788093e-05
1.03228792655008e-05
1.02261603581733e-05
1.01281237968598e-05
1.00302015986764e-05
9.93308046676189e-06
9.83471521176504e-06
9.73514035040868e-06
9.63439035467362e-06
9.53249964857905e-06
9.43187209279106e-06
 9.3311291872733e-06
9.22931696911711e-06
9.12646906076064e-06
9.02261901869483e-06
8.91915565781609e-06
8.81663720048165e-06
8.71318602069238e-06
8.60883481235142e-06
8.50361618559559e-06
8.39924761919519e-06
 8.2955312397659e-06
8.19101437854464e-06
8.08572872751379e-06
7.97985270667434e-06
7.87619109643423e-06
7.77182559119627e-06
7.66678692726286e-06
7.56121179662506e-06
7.45790137973712e-06
7.35398033357981e-06
7.24947840646806e-06
7.14621443592689e-06
7.04352092018024e-06
6.94030639836196e-06
6.83871920692525e-06
6.73734040801399e-06
6.63659631977565e-06
6.53703276043416e-06
6.43843461306526e-06
6.34094421736453e-06
6.24565053847226e-06
6.15607683712716e-06
  6.073039021115e-06
5.99231715847637e-06
5.91307829261867e-06
5.83493556755021e-06
 5.7575405256749e-06
5.68144657153713e-06
5.60588281184327e-06
5.53103423173162e-06
5.45712813115884e-06
5.38436775110451e-06
5.31293417882495e-06
5.24298824572389e-06
5.17513842163142e-06
 5.1108133344302e-06
5.04859787214818e-06
 4.9871338316243e-06
4.92526339046506e-06
4.86300285196251e-06
 4.8003685025888e-06
4.77514573224425e-06
4.80521443826931e-06
 4.8338479326504e-06
4.86105628669242e-06
4.88684978094955e-06
4.91123889995171e-06
4.93423432690321e-06
4.95584693852025e-06
 4.9760877990912e-06
4.99496815623002e-06
5.01249943485327e-06
5.02869323243393e-06
5.04356131400541e-06
5.05711560669364e-06
5.06936819513748e-06
5.08033131638164e-06
 5.0900173547419e-06
5.09843883753081e-06
 5.1056084294232e-06
5.11153892832072e-06
5.11624326063331e-06
5.11973447606118e-06
5.12202574334819e-06
5.12313034620182e-06
5.12306167751997e-06
 5.1218332360603e-06
5.11945862169405e-06
5.11595153063205e-06
5.11132575178874e-06
5.10559516164744e-06
5.09877372104062e-06
5.09087547004294e-06
5.08191452441853e-06
5.07190507148536e-06
5.06086136575767e-06
5.04879772514344e-06
5.03572852733614e-06
5.02166820540162e-06
 5.0066312442254e-06
4.99063217665463e-06
4.97368557977884e-06
4.95580607129398e-06
4.93700830575539e-06
4.91730697080306e-06
4.89671678419179e-06
4.87525248948906e-06
4.85292885324395e-06
4.82976066121243e-06
 4.8057627153042e-06
4.78094982972466e-06
4.75533682817164e-06
4.72893854050471e-06
4.70176979924797e-06
4.67384543667571e-06
4.64518028184258e-06
4.61578915711414e-06
4.58568687536354e-06
4.55488823700168e-06
4.52340802689633e-06
4.49126101165209e-06
4.45846193639077e-06
4.42502552236435e-06
4.39096646387416e-06
4.35629942546756e-06
4.32103903952319e-06
 4.2851999031146e-06
4.24879657595634e-06
4.21184357721205e-06
4.17435538341282e-06
 4.1363464256261e-06
4.10699478142762e-06
4.11241934816786e-06
4.11871289068833e-06
4.12477858718896e-06
4.13239683522137e-06
4.13908156954301e-06
 4.1467542502005e-06
4.15402310111057e-06
4.16029191974143e-06
4.16809720577005e-06
4.17486917897447e-06
4.18061821921833e-06
4.18685213504633e-06
4.19306177312784e-06
4.19825100933524e-06
4.20243044063628e-06
4.20657420946435e-06
4.21113409554419e-06
4.21468865774433e-06
4.21724869420492e-06
4.21882510664995e-06
4.22054949594797e-06
4.22242294983999e-06
4.22331964211597e-06
4.22325064813878e-06
4.22222713436504e-06
4.22049301962435e-06
 4.2196940024386e-06
4.21794978383572e-06
4.21527167188129e-06
4.21167105574272e-06
4.20715940080418e-06
4.20239070830775e-06
4.19804535933821e-06
4.19280071872752e-06
4.18666835200199e-06
4.17965989019109e-06
4.17178702560861e-06
4.16340444070462e-06
4.15565867989409e-06
4.14706251267161e-06
4.13762768791681e-06
4.12736600535757e-06
4.11628931218377e-06
4.10440949982771e-06
4.09298805725822e-06
4.08121930534078e-06
4.06866340363354e-06
4.05533224762111e-06
4.04123776653886e-06
4.02639192031984e-06
4.01088383478188e-06
3.99614939650128e-06
3.98068123053097e-06
3.96449125478204e-06
3.94759140776024e-06
3.92999364673408e-06
3.91170994407108e-06
3.89321034260925e-06
3.87506478266575e-06
3.85625205284734e-06
3.83678403070853e-06
3.81667260068719e-06
3.79592965060738e-06
3.77456706945889e-06
3.75259674467721e-06
3.73003055936794e-06
3.70688038958678e-06
3.68315810261866e-06
3.65887555364708e-06
 3.6340445837002e-06
3.60867701665324e-06
3.58278465811823e-06
3.55789080758173e-06
3.53367007394079e-06
3.50892817446713e-06
3.48367660069071e-06
3.45795299500073e-06
3.43287759291266e-06
3.40731332904021e-06
3.38127150245615e-06
3.35476338547691e-06
3.32780022338497e-06
3.30039323231945e-06
3.27303216529629e-06
3.24587198741177e-06
3.21828856281181e-06
3.19029287709771e-06
3.16189587989957e-06
3.13310848398807e-06
3.10398358444042e-06
3.07550433847892e-06
3.04665497791179e-06
3.01744615566202e-06
2.98788848307474e-06
2.95799252580942e-06
2.92776880289614e-06
2.89819549248449e-06
2.86834947471615e-06
2.83819520718875e-06
2.80774292360508e-06
2.77700280593152e-06
2.74621311868728e-06
2.71589939299099e-06
2.68531684560758e-06
 2.6544753553015e-06
2.62338474454893e-06
2.59205478003732e-06
2.56134276915843e-06
2.53049337189948e-06
2.49942271440817e-06
2.46814024351671e-06
2.43665534455095e-06
2.40585684541106e-06
2.37489381454958e-06
2.34374565455386e-06
 2.3124214199588e-06
2.28130743579191e-06
2.25053408431375e-06
2.21960133239829e-06
2.18851789690611e-06
2.15759890237477e-06
2.12709018371227e-06
2.09644675153164e-06
2.06567698102234e-06
2.03551823724224e-06
2.00534005062591e-06
1.97505072446758e-06
 1.9454266713681e-06
1.91573242569465e-06
1.88636651632379e-06
1.85725886497901e-06
1.82851967661657e-06
1.80007486350053e-06
 1.7722316167923e-06
 1.7454104477288e-06
1.72043563118063e-06
1.69630591956293e-06
1.67266487538509e-06
1.64939291619204e-06
1.62644076551199e-06
1.60385511682737e-06
1.58142475076284e-06
1.55920513755792e-06
1.53728661600461e-06
 1.5155179665105e-06
1.49400075516448e-06
1.47283233181694e-06
 1.4519237426236e-06
 1.4313249294684e-06
1.41108001666668e-06
1.39122781128709e-06
1.37186980037063e-06
1.35302334225429e-06
1.33456275985822e-06
 1.3426448325915e-06
1.35087981831261e-06
1.35871501485973e-06
1.36615316670419e-06
1.37319707846362e-06
1.37984961329218e-06
1.38611369149277e-06
1.39199228957332e-06
1.39748843816512e-06
1.40260522163427e-06
1.40734577588897e-06
1.41171328760237e-06
1.41571099271376e-06
1.41934217498529e-06
  1.422610164864e-06
1.42551833820503e-06
1.42807011463408e-06
1.43026895654819e-06
1.43211836797774e-06
1.43362189269913e-06
1.43478311345757e-06
1.43560565049605e-06
1.43609316022308e-06
1.43624933435227e-06
1.43607789787614e-06
1.43558260840004e-06
1.43476725511515e-06
 1.4336356565503e-06
1.43219166046094e-06
1.43043914177521e-06
1.42838200198336e-06
1.42602416755566e-06
1.42336958888767e-06
1.42042223885697e-06
1.41718611218478e-06
1.41366522368735e-06
1.40986360730455e-06
1.40578531543367e-06
1.40143441673679e-06
1.39681499594646e-06
1.39193115239467e-06
 1.3867869989026e-06
1.38138666055942e-06
1.37573427383408e-06
1.36983398535406e-06
1.36368995087843e-06
1.35730633446518e-06
 1.3506873066671e-06
1.34383704472607e-06
1.33675973013059e-06
1.32945954861574e-06
1.32194068899749e-06
1.31420734172938e-06
1.30626369826414e-06
1.29811395024881e-06
1.28976228794264e-06
1.28121289991179e-06
 1.2724699719191e-06
1.26353768556409e-06
1.25442021831068e-06
1.24512174121127e-06
1.23564641946183e-06
1.22599841073656e-06
1.21618186416095e-06
1.20620092011747e-06
 1.1960597086913e-06
1.18576234955925e-06
1.17531295057427e-06
1.16471560712705e-06
1.15397440184073e-06
 1.1454999753191e-06
1.14672210516087e-06
1.14815230028986e-06
1.14984736204748e-06
1.15164294417491e-06
1.15351176854794e-06
1.15531907446398e-06
1.15735148836782e-06
1.15909783293677e-06
1.16094721869242e-06
1.16284097723129e-06
 1.1644489791296e-06
1.16585286225046e-06
  1.167589477713e-06
1.16904102948068e-06
 1.1702104178446e-06
1.17110057518133e-06
1.17230898138976e-06
1.17330366600221e-06
1.17402039334635e-06
1.17446215275319e-06
1.17463196291911e-06
1.17514073177949e-06
1.17539251776044e-06
1.17537429761283e-06
1.17508913993758e-06
1.17454013970342e-06
1.17406583555191e-06
1.17357942724938e-06
1.17283180589567e-06
1.17182610748223e-06
1.17056549281402e-06
1.16905314428983e-06
1.16772142838562e-06
1.16625639551282e-06
1.16454293330737e-06
1.16258425419957e-06
1.16038359199155e-06
1.15794419780491e-06
1.15560677149684e-06
1.15320466331781e-06
 1.1505677471324e-06
1.14769929265846e-06
1.14460258576754e-06
1.14128092731924e-06
1.13786076877398e-06
1.13457147055129e-06
 1.1310616914173e-06
1.12733473817128e-06
1.12339392976946e-06
1.11924259582619e-06
1.11488407694704e-06
1.11061784235922e-06
1.10629308924803e-06
1.10176606527013e-06
1.09704010259337e-06
1.09211854082414e-06
1.08700472600809e-06
1.08174214202839e-06
1.07666632670478e-06
1.07140352245683e-06
1.06595705567925e-06
1.06033025620844e-06
1.05452645732251e-06
1.04854899463103e-06
1.04240120524235e-06
 1.0360864265424e-06
1.02960799652774e-06
1.02296925202916e-06
1.01617352910033e-06
1.00922415952054e-06
 1.0021244741254e-06
 9.9487779864349e-07
9.87652070461031e-07
9.80874660660991e-07
9.73951427396536e-07
9.66885605357959e-07
9.59680424017506e-07
9.52593304071048e-07
9.45439996513642e-07
9.38153201068825e-07
9.30736094029161e-07
9.23191844970361e-07
9.15523615419023e-07
9.07818415052386e-07
9.00219460864271e-07
8.92502369453929e-07
8.84670239287288e-07
8.76726159060315e-07
8.68673208698212e-07
8.60514456635375e-07
 8.5253005616126e-07
8.44460697813076e-07
8.36291224159957e-07
8.28024630139534e-07
 8.1966389919863e-07
8.11212001072814e-07
8.02927845877655e-07
7.94582394214594e-07
7.86151297171855e-07
7.77637443272194e-07
7.69043707271599e-07
7.60434542723676e-07
7.51961018841119e-07
7.43412982728842e-07
7.34793222989527e-07
7.26104512127623e-07
  7.173496068269e-07
 7.0877566155092e-07
7.00156241706384e-07
6.91475728120672e-07
6.82736785051485e-07
6.73949490326287e-07
6.65355340823126e-07
6.56707707047399e-07
6.48009159998075e-07
6.39262250634598e-07
6.30596820427876e-07
6.22005130013203e-07
6.13369762536564e-07
6.04693173700266e-07
5.96090071081079e-07
5.87575356147951e-07
5.79023899605069e-07
5.70440182756649e-07
5.62053310393384e-07
5.53634031674743e-07
5.45206768898243e-07
5.36953098262405e-07
5.28671200206166e-07
5.20513782131804e-07
5.12396996388276e-07
5.04415315349949e-07
4.96515020431687e-07
4.88780858898252e-07
4.81368224836132e-07
4.74433508035332e-07
4.67718203001066e-07
4.61137963869707e-07
4.54659829729476e-07
4.48264982633173e-07
4.41978353193928e-07
 4.3573490365878e-07
4.29546105684686e-07
4.23446009478745e-07
4.17387642948075e-07
4.11396403554587e-07
4.05505667600004e-07
3.99686957586187e-07
3.93954039779043e-07