                   0
9.14743344225255e-05
 0.00027612982522851
0.000404817896866416
 0.00033656428523221
0.000258581438744188
0.000287735046784809
0.000313781701797411
0.000336954993080896
0.000358179106768775
0.000377384992872376
0.000395106260327183
0.000411308232091956
0.000426546748323153
0.000440871140297006
0.000454269400171958
0.000466777070685265
0.000478724858998081
 0.00049027824941289
0.000501254440887833
0.000511737870508122
0.000522174003087517
0.000532601682037448
0.000542895780008101
0.000553670894977043
0.000564426452833833
0.000575573575701205
0.000586759285249761
0.000597984906118953
0.000609241670368577
0.000620145269800032
0.000630627571484133
0.000640623911318694
0.000650077359670487
0.000658941307686067
 0.00066718009758826
0.000674778737660087
0.000681740232970296
 0.00068808802412812
0.000694207592290552
 0.00069975679374934
0.000704745502000503
0.000709169665100595
0.000712999912312995
0.000716775713772044
0.000719947939110233
0.000722355346148618
0.000724527471320235
0.000726153316331635
0.000726900054823454
0.000727662365908377
0.000727140548535621
0.000726902693433673
0.000725225677060681
0.000723809490764005
0.000721041024650204
0.000718232843619937
0.000714319835268318
0.000709892806354917
 0.00070465194299757
0.000698398469507477
0.000691714295266987
 0.00068348218571529
0.000675223029827421
0.000664963949234598
0.000654942382443235
0.000642752382267076
0.000640680094165957
0.000640720612046231
0.000640583735108446
0.000640943963036378
0.000639815263124399
0.000639149125003957
0.000638080366363036
0.000635413300394072
0.000634111792556791
0.000630922698900083
 0.00062784503856983
 0.00062372446413006
0.000619162237424309
0.000613708637167754
0.000608066243176331
0.000601181380173288
0.000594606794961539
0.000587628060760625
0.000580670052603316
0.000574727132830466
0.000569802280648957
0.000565791145593519
0.000561874031714815
0.000557917535647601
0.000553860105846349
0.000549792534230042
0.000545762256838001
0.000541650057113485
0.000537498604993858
0.000533355559967585
0.000529262662728347
0.000525248511150322
0.000521328068760374
0.000517504518254053
  0.0005137730788074
0.000510124851118232
0.000506549800491141
0.000503038620677243
0.000499583770958711
0.000496179206998293
0.000492820456661769
0.000489503638292255
0.000486225407503094
0.000482982391932452
0.000479771152921193
0.000476588275624801
 0.00047343028365765
0.000470294067276722
0.000467176798519153
0.000464076301465721
0.000460991102056996
0.000457920343700402
  0.0004548640946338
0.000451822676937774
0.000448796848780741
0.000445787207542403
0.000442793575387124
0.000439815077760142
0.000436849651612059
0.000433893863623913
 0.00043094341730876
0.000427993443128272
0.000425038846642356
 0.00042207483705814
0.000419097664194679
0.000416104807078876
0.000413095067676839
 0.00041006851449843
0.000407026402237443
0.000403970770656903
0.000400903908546302
0.000397827979532472
0.000394744714245499
0.000391655373624067
0.000388560663695303
0.000385460749524724
 0.00038239853721278
0.000379330524101884
0.000376255287998339
0.000373172487863505
0.000370081915506804
0.000366983485181382
0.000363877245100563
0.000360763364801397
0.000357642104162892
0.000354513764402098
0.000351378711196615
0.000348237353928971
0.000345090106792623
0.000341937398596226
0.000338779689616264
0.000335617479632622
0.000332451311679471
0.000329281774547718
0.000326109500941363
0.000322935164888793
 0.00031975951116181
0.000316583326101516
0.000313407430608148
0.000310232686682288
0.000307059999286263
0.000303890314115152
0.000300724614512138
0.000297563918410959
0.000294409275186203
0.000291261762245143
0.000288122481302833
0.000284992554335783
0.000281878182389894
0.000278786804478126
0.000275706332920511
0.000272637935635367
 0.00026958278089062
0.000266542035607498
0.000263516861258029
0.000260508408840288
0.000257517813940344
0.000254546192059557
0.000251594634184671
0.000248664202595617
0.000245755926930324
0.000242870800530981
 0.00024000977709715
0.000237173767658527
0.000234348906763659
0.000231518304393497
0.000228718878970025
 0.00022595476951226
0.000223226485055461
 0.00022053110348641
0.000217880675112636
0.000215267555717213
0.000212691913318075
0.000210152790323215
 0.00020764399625306
0.000205172594391123
 0.00020273852148045
0.000200341645082536
0.000197975709432252
0.000195644520735838
 0.00019334969460616
  0.0001910909130175
0.000188865196395716
0.000186669610716339
0.000184508764933367
0.000182382197742248
0.000180289405212086
0.000178223230399732
0.000176188851433223
0.000174204040313986
0.000172249907595456
0.000170321597843026
0.000168419244370388
0.000166545376484195
0.000164699321155259
0.000162877225668212
0.000161077837760981
 0.00015930420143484
0.000157555624609174
0.000155827642645323
0.000154120525641566
0.000152436400897571
0.000150774576688106
0.000149128880033822
0.000147503362458723
0.000145898119774834
0.000144312473983388
0.000142745743721751
0.000141197245710711
0.000139666296160357
0.000138152212129761
0.000136654312832829
0.000135171920887189
0.000133704363503684
0.000132250973611026
0.000130811090916061
 0.00012938406289964
0.000127969245746096
0.000126566005209661
0.000125173717418714
0.000123791769618631
0.000122434799008975
0.000121091770558079
0.000119758390784264
  0.0001184340839534
 0.00011711828749017
0.000115810452403831
0.000114510043678351
0.000113216540631678
0.000111929537033095
0.000110675028957896
0.000109426814899893
 0.00010818442003413
  0.0001069473843055
0.000105715262618711
 0.00010448762500459
0.000103264056764418
0.000102069278469119
 0.00010088425241972
9.97028215419249e-05
9.85246180034149e-05
9.73492887544891e-05
9.61764955605959e-05
9.50163897280865e-05
9.38817064733977e-05
9.27491842325212e-05
9.16185299907335e-05
9.04894647495436e-05
 8.9361723546344e-05
8.82424248956903e-05
8.71523855242584e-05
8.60634083497125e-05
8.49752708717011e-05
8.38877638813518e-05
8.28006915171153e-05
8.17248138139659e-05
8.06752173840852e-05
7.96259140071198e-05
7.85767469732024e-05
7.75275721651703e-05
7.64782580757739e-05
7.54441395440786e-05
7.44322946576448e-05
7.36331146466429e-05
 7.2938959383817e-05
7.22428239879336e-05
7.15446049936452e-05
7.08442072529514e-05
7.01415438789099e-05
6.94365361866844e-05
6.87291136270418e-05
 6.8019213713133e-05
6.73067819385587e-05
6.65917716889952e-05
6.58741441461053e-05
6.51538681872843e-05
6.44309202817439e-05
 6.3705284384985e-05
6.29769518336598e-05
6.22459212409332e-05
 6.1512198395286e-05
6.07757961611499e-05
6.00367343831509e-05
5.92950397925174e-05
5.85507459166523e-05
 5.7803892989261e-05
 5.7054527861311e-05
5.63027039124364e-05
5.55484809599549e-05
5.47919251672191e-05
5.40331089490809e-05
5.32721108750245e-05
 5.2509015569302e-05
 5.1743913610125e-05
5.09769014248596e-05
5.02080811856098e-05
4.94375607036912e-05
4.86654533224939e-05
4.78918778114568e-05
4.71169582586528e-05
4.63408239639862e-05
4.55636093300016e-05
4.47854537500847e-05
4.40065014951641e-05
4.32269015928077e-05
4.24468077032114e-05
4.16663779856941e-05
4.08857749583103e-05
4.01051653480811e-05
3.93247199334534e-05
3.85446133751577e-05
3.77650240412364e-05
3.69861338217481e-05
3.62081279379201e-05
 3.5431194744362e-05
3.46555255262282e-05
3.38813142925498e-05
3.31087575664024e-05
3.23380541722429e-05
3.15694050223581e-05
3.08030129022585e-05
3.00390822539631e-05
2.96461441808837e-05
2.99092572748627e-05
3.01586303165235e-05
3.03944500174014e-05
3.06169037338488e-05
3.08261793756648e-05
3.10258453187773e-05
3.12369362243103e-05
3.14346142065158e-05
3.16190757546631e-05
3.17905177604771e-05
3.19491374261016e-05
3.20951321741703e-05
3.22286995617649e-05
3.23750071788975e-05
3.25094432638284e-05
3.26312641183435e-05
3.27406744686787e-05
3.28378790558359e-05
3.29230825472093e-05
3.29964894516532e-05
3.30766101148683e-05
3.31503339174866e-05
3.32121102216698e-05
3.32621497876051e-05
3.33006631164645e-05
3.33278603643627e-05
3.33439512586464e-05
3.33591410849321e-05
3.33749964843699e-05
3.33796324247793e-05
 3.3373264225256e-05
3.33561066796495e-05
3.33283739709644e-05
3.32902795900925e-05
3.32420362548769e-05
 3.3202368060592e-05
3.31531014713393e-05
3.30936186304642e-05
3.30241372606954e-05
3.29448742028005e-05
3.28560453340954e-05
3.27578654911731e-05
3.26528482872401e-05
3.25532979777998e-05
3.24443713978217e-05
3.23262877699459e-05
3.21992651499681e-05
3.20635203471253e-05
3.19192688488235e-05
3.17667247471398e-05
3.16061006679913e-05
3.14499422933157e-05
3.12873776052713e-05
3.11167608969543e-05
 3.0938308282713e-05
3.07522342617439e-05
3.05587516489236e-05
3.03580715077523e-05
3.01504030869593e-05
2.99359537596633e-05
2.97261615503919e-05
2.95095976530213e-05
2.92863308374303e-05
2.90565708012114e-05
2.88205252026996e-05
2.85783996030187e-05
  2.833039741168e-05
2.80767198338472e-05
2.78175658221524e-05
 2.7554338549951e-05
2.72933128239172e-05
2.70269321311911e-05
2.67553963630984e-05
2.64789029946755e-05
2.61976470405934e-05
2.59118210139686e-05
2.56216148890598e-05
2.53272160657403e-05
 2.5028809337857e-05
2.47265768635874e-05
2.44206981393491e-05
2.41151495503633e-05
2.38079689995896e-05
2.34973033449437e-05
2.31833311693519e-05
2.28662282579783e-05
2.25461675796845e-05
2.22233192690435e-05
2.18978506129064e-05
2.15699260392999e-05
2.12397071082115e-05
2.09073525059278e-05
2.05730180411479e-05
2.02368566434297e-05
 1.9899018364522e-05
1.95596503818063e-05
1.92208780515069e-05
1.88814646737701e-05
1.85407024596573e-05
 1.8198735698971e-05
1.78557057354256e-05
 1.7511750977417e-05
1.71670069104568e-05
1.68216061111615e-05
1.64756782641273e-05
1.61293501800275e-05
1.57827458151516e-05
1.54359862940545e-05
1.50891899317607e-05
1.47424722583001e-05
1.43959460460197e-05
1.40497213357849e-05
1.37039054662891e-05
 1.3358603103808e-05
1.30139162730636e-05
1.26699443891987e-05
1.23267842905284e-05
1.19845302730681e-05
1.16432741236183e-05
1.13031051568457e-05
1.09641102497005e-05
1.06263738784973e-05
1.02899781559973e-05
 9.9550028687112e-06
9.62152551453599e-06
9.28962134094657e-06
8.95936338374259e-06
 8.6308225044629e-06
8.30406743046463e-06
7.97959617382382e-06
7.65833259008808e-06
7.33908778738357e-06
7.02191875801006e-06
6.70688069215331e-06
6.39603228558272e-06
6.08806462543132e-06
5.78450354826732e-06
5.48610615846989e-06
5.19634610718356e-06
4.94347523782857e-06
4.74202718414585e-06
4.55366766305421e-06
 4.3756510280657e-06
4.20623563102129e-06
 4.0436581052461e-06
3.88593230371548e-06
3.73572294598556e-06
3.59097553226384e-06
3.45385209032933e-06
3.32643891753914e-06
3.28249167313999e-06
 3.2647940109154e-06
3.24653827377119e-06
3.22773325411863e-06
3.20838780287769e-06
3.18851082869998e-06
3.16811129685846e-06
3.14719822724907e-06
3.12578069427971e-06
3.10386782442773e-06
3.08146879490767e-06
3.05859283256105e-06
3.03524921152487e-06
3.01144725178837e-06
2.98719631719457e-06
2.96250581366397e-06
2.93738518697406e-06
  2.911843921094e-06
2.89458196967018e-06
3.11270153985355e-06
3.32762616284121e-06
3.53934458341421e-06
 3.7478465287899e-06
3.95312268375303e-06
4.15516466623078e-06
4.35396500408913e-06
4.54951711126306e-06
4.74181526666229e-06
4.93085459163378e-06
5.11663103031079e-06
5.29914132918474e-06
5.47838301689918e-06
5.65435438748541e-06
5.82705448026744e-06
5.99648306398581e-06
6.16264061903404e-06
6.32552832235955e-06
6.48514803092137e-06
6.64150226703519e-06
6.79459420427353e-06
6.94442765347691e-06
7.09100704865406e-06
7.23433743554658e-06
7.37442445786218e-06
7.51127434617249e-06
7.64489390636669e-06
7.77529050821624e-06
7.90247207538286e-06
8.02644707498246e-06
  8.147224507149e-06
8.26481389681888e-06
8.37922528340584e-06
8.49046921258534e-06
8.59855672796783e-06
8.70349936221704e-06
8.80530913016653e-06
8.90399852004897e-06
8.99958048672378e-06
9.09206844479371e-06
9.18147626050025e-06
9.26781824628353e-06
9.35110915323278e-06
9.43136416520218e-06
9.50859889226052e-06
9.58282936469601e-06
9.65407202724311e-06
 9.7223437324212e-06
9.78777258775487e-06
9.85071629067136e-06
9.91075461220792e-06
9.96790551777149e-06
1.00221873502448e-05
1.00736188252126e-05
 1.0122219024522e-05
 1.0168007391953e-05
1.02110037281111e-05
1.02512281849876e-05
1.02887012605191e-05
1.03234437942579e-05
1.03554769621539e-05
1.03848222708924e-05
1.04115015534534e-05
1.04355369640041e-05
1.04569509721264e-05
1.04757663585975e-05
 1.0492006209506e-05
1.05056939115888e-05
1.05168531464583e-05
 1.0525507885939e-05
1.05316823858503e-05
1.05354011817882e-05
1.05366890825742e-05
1.05355711652599e-05
1.05320727697977e-05
1.05262194929345e-05
1.05180371826608e-05
1.05075519326592e-05
1.04947900761987e-05
1.04797781802501e-05
1.04625430397132e-05
  1.044311167131e-05
 1.0421511307257e-05
1.03977693897139e-05
1.03719135631231e-05
1.03439716698794e-05
1.03139717422263e-05
1.02823483422165e-05
1.02492607465532e-05
1.02141989859472e-05
1.01771912899284e-05
1.01382660525617e-05
1.00974518265629e-05
 1.0054777316304e-05
1.00102713711525e-05
9.96396297903157e-06
 9.9158812595368e-06
9.86605545705288e-06
 9.8145149338702e-06
9.76128916319041e-06
9.70640772235409e-06
9.64990028595736e-06
9.59179661841336e-06
 9.5321265669579e-06
9.47092005487704e-06
9.40820707395762e-06
9.34401767749282e-06
9.27838197328779e-06
9.21133011611008e-06
9.14289230047327e-06
9.07309875397555e-06
9.00245488699714e-06
8.93115607714101e-06
8.85858347021706e-06
8.78476697119268e-06
8.70973649202966e-06
8.63352194502287e-06
8.55615323536174e-06
8.47766025413588e-06
8.39807287134064e-06
8.31742092843868e-06
8.23573423125445e-06
8.15304254342397e-06
8.06937557895626e-06
7.98476299501694e-06
7.89923438571094e-06
7.81281927453303e-06
7.72554710748441e-06
 7.6387137278866e-06
7.55109009553667e-06
7.46268388462923e-06
7.37352387014667e-06
7.28363872748439e-06
7.19305702590045e-06
7.10180722152121e-06
7.00991765179015e-06
6.91741652791844e-06
6.82433192955578e-06
6.73069179801811e-06
6.63738222739241e-06
6.54418886358865e-06
6.45050662040347e-06
6.35636255907901e-06
6.26178358409391e-06
6.16679643650198e-06
6.07142768938029e-06
5.97570374127887e-06
5.88052833383479e-06
5.78586224098121e-06
5.69090012703111e-06
5.59566737479145e-06
5.50018917722106e-06
5.40449053221259e-06
5.30973365442389e-06
5.21556353794139e-06
5.12122549689575e-06
5.02674342561793e-06
 4.9321410109382e-06
4.83948405038959e-06
4.74674350003923e-06
4.65392945525611e-06
4.56106444712834e-06
4.47020089278105e-06
4.37940671504933e-06
4.28860420287336e-06
4.19832085174487e-06
4.10973783226964e-06
 4.0211859876349e-06
3.93268568743554e-06
3.84617122650699e-06
3.76002841262491e-06
3.67397254819046e-06
3.58986063353495e-06
3.50625619621736e-06
3.42292654492704e-06
3.34182598249466e-06
 3.2608557071212e-06
3.18108164698572e-06
3.10259880764718e-06
  3.024269390417e-06
2.94610976980803e-06
2.86813611677372e-06
2.79036439593261e-06
2.71281036351434e-06
2.63548956475068e-06
2.55841733148854e-06
2.48160878041359e-06
2.40507881044127e-06
2.32884210088491e-06
2.25291310984588e-06
2.17730607199318e-06
2.10203499700912e-06
2.02711366786845e-06
1.95255563928409e-06
1.87837423643034e-06
1.81348093442057e-06
1.77959307184894e-06
1.74634851049515e-06
1.71364222426029e-06
1.68134843536727e-06
 1.6497327282039e-06
1.61874489781888e-06
1.58834821159526e-06
1.55861926023904e-06
1.52961978411303e-06
1.50139890173207e-06
 1.4741965509435e-06
1.44783808783688e-06
1.42217379203724e-06
1.39709815191735e-06
1.37251932239013e-06
1.34796157019723e-06
1.32339506131451e-06
1.29882479196763e-06
1.27425572965523e-06
1.24969281167786e-06
1.22514094411108e-06
1.20060499966823e-06
1.17608981636819e-06
1.15160019659166e-06
1.12714090416688e-06
1.10271666575734e-06
1.07833216642095e-06
1.05399205052592e-06
1.04742727102813e-06
 1.1067576780599e-06
 1.1651721757433e-06
1.22266788415981e-06
1.27924217196984e-06
1.33489265319309e-06
 1.3896171855432e-06
1.44341386665303e-06
1.49628103252031e-06
1.54821725395493e-06
1.59922133458057e-06
1.64972787308759e-06
1.69943192906974e-06
1.74819429965556e-06
1.79601464844747e-06
1.84289286031536e-06
1.88882903939813e-06
1.93382350588411e-06
1.97787679334649e-06
2.02098964496855e-06
2.06316301210041e-06
2.10439805004015e-06
2.14469611570234e-06
2.18405876473149e-06
2.22248774817135e-06
2.25998500991142e-06
2.29655268357831e-06
2.33219308964916e-06
2.36690873234302e-06
2.40083113345335e-06
2.43413450851104e-06
2.46651617363813e-06
2.49797932072582e-06
2.52852731286168e-06
2.55816368155415e-06
2.58689212329077e-06
2.61471649731781e-06
2.64164082164342e-06
2.66766927115025e-06
2.69280617370971e-06
2.71705600796146e-06
2.74042340009384e-06
2.76291312095722e-06
2.78453008284441e-06
2.80527933715913e-06
2.82516607141847e-06
 2.8441956059222e-06
2.86237339119921e-06
2.87970500545409e-06
 2.8961961513474e-06
2.91185265310911e-06
2.92668045420719e-06
2.94068561401684e-06
2.95387430560012e-06
2.96625281237528e-06
2.97782752578524e-06
2.98887432115258e-06
2.99918543533728e-06
3.00870863323421e-06
3.01745070130366e-06
3.02541852170712e-06
3.03261906897667e-06
3.03905940779448e-06
3.04474669010624e-06
 3.0496881526787e-06
3.05389111432408e-06
3.05736297356862e-06
3.06011120598804e-06
3.06214336132093e-06
3.06346706158145e-06
3.06408999850571e-06
3.06401993044325e-06
3.06326468035856e-06
3.06183213349964e-06
3.05973023473349e-06
 3.0569669862146e-06
3.05355044494249e-06
3.04948872087429e-06
3.04478997392721e-06
3.03946241186903e-06
3.03351428809773e-06
3.02695389975405e-06
3.01978958461291e-06
 3.0120297196401e-06
3.00368271810569e-06
2.99475702814078e-06
2.98543439414267e-06
2.97566547946548e-06
2.96534030264084e-06
2.95446740705696e-06
2.94305536041595e-06
2.93111275273539e-06
 2.9186481941279e-06
2.90567031280276e-06
2.89218775273437e-06
2.87820917266313e-06
2.86374324243166e-06
2.84879864320686e-06
2.83338406337208e-06
2.81750819808302e-06
2.80117974693628e-06
2.78440741152686e-06
2.76719989478202e-06
2.74956589818576e-06
2.73151412011341e-06
2.71305325438842e-06
2.69419198795084e-06
2.67493899974713e-06
2.65530295850969e-06
2.63529252142458e-06
2.61491633202215e-06
2.59429437776681e-06
2.57351874721756e-06
2.55239997692946e-06
2.53094660795927e-06
2.50916716038052e-06
2.48707013228433e-06
2.46466399755896e-06
2.44195720433549e-06
2.41895817421067e-06
2.39567530024853e-06
2.37211694498196e-06
2.34829144052373e-06
2.32420708545789e-06
2.29987214428462e-06
2.27529484597699e-06
2.25048338264866e-06
2.22544590788853e-06
2.20019053587261e-06
2.17499546151245e-06
2.14967748501937e-06
2.12416189715459e-06
2.09845660181784e-06
2.07256945849998e-06
2.04650828028452e-06
2.02028083329253e-06
1.99389483501733e-06
1.96735795388037e-06
1.94067780734386e-06
1.91386196135568e-06
1.88691792890605e-06
1.86022090242766e-06
1.83344868198709e-06
1.80656594428452e-06
1.77957993696687e-06
1.75249785172582e-06
1.72532682263249e-06
1.69807392536026e-06
1.67074617674068e-06
1.64368071786658e-06
1.61669365694728e-06
1.58964711627352e-06
1.56254781780163e-06
1.53540242175954e-06
1.50821752598063e-06
1.48140731515145e-06
1.45469197654347e-06
1.42795049562494e-06
1.40118915858967e-06
1.37453257786913e-06
1.34832444120825e-06
1.32210837988644e-06
1.29589036124145e-06
1.26982347892213e-06
1.24421336333835e-06
1.21861199564588e-06
1.19302502243901e-06
1.16784129156056e-06
1.14290315900156e-06
1.11798897084459e-06
 1.0933285834458e-06
1.06908896113644e-06
1.04488199204056e-06
1.02091058418186e-06
9.97391225943112e-07
9.73912504420582e-07
9.50479246586422e-07
9.27670699202299e-07
9.04921013289428e-07
8.82224122811248e-07
8.59584552370674e-07
 8.3700676395404e-07
8.14495156542527e-07
7.92054066056647e-07
7.69687765189708e-07
7.47832569814033e-07
7.26110375548483e-07
7.04470089818443e-07
 6.8291568527945e-07
6.61451071415353e-07
6.40080093705642e-07
6.18806533569938e-07
5.97634109145151e-07
 5.7656647345361e-07
5.55607215901865e-07
5.34759861170464e-07
5.14027869324973e-07
4.97522005565854e-07
4.87896009149225e-07
4.78447723523123e-07
 4.6917485346798e-07
4.59982152561933e-07
4.51017690111799e-07
4.42134025890883e-07
4.33428638146882e-07
4.24889016581442e-07
4.16480323367496e-07
 4.0822979383015e-07
4.00188453764105e-07
3.92308754010307e-07
3.84604275815992e-07
3.77085536573674e-07
3.69759455665086e-07
 3.6261176875052e-07
3.55612606611766e-07
3.48735549132728e-07
3.42003632053389e-07
3.35387757538497e-07
3.28817001488124e-07
3.22247056011582e-07
3.15679389267798e-07
3.09115453567266e-07
3.02556684178557e-07
2.96004498218094e-07
2.89460296926114e-07
2.82925463057637e-07
2.98649290964015e-07
3.14904387122006e-07
 3.3090359852217e-07
3.46802412454217e-07
3.62474925741374e-07
3.77887330649251e-07
3.93039069068735e-07
4.07929648837957e-07
4.22558642854121e-07
4.36925689073497e-07
4.51030489179161e-07
4.64872808580985e-07
4.78452474861335e-07
4.91769378219153e-07
5.04823469804627e-07
5.17641191799534e-07
 5.3032090296945e-07
5.42736247277631e-07
5.54887399473181e-07
5.66774593147024e-07
5.78398119399637e-07
5.89758326285938e-07
6.00855618260177e-07
 6.1169045528775e-07
6.22263351957031e-07
6.32574877257319e-07
6.42625653357598e-07
 6.5241635449631e-07
 6.6194770753647e-07
6.71220489856239e-07
 6.8023552901586e-07
 6.8899370242459e-07
6.97495935897408e-07
7.05743203655018e-07
7.13736526325448e-07
7.21589886509832e-07
7.29194562176794e-07
7.36547234536644e-07
7.43649094747667e-07
   7.50501378044e-07
7.57105362514388e-07
7.63462368214007e-07
7.69573756720376e-07
7.75440930356197e-07
7.81065330857089e-07
7.86448439260568e-07
7.91591774795819e-07
7.96496893995524e-07
8.01165390029723e-07
8.05598892039683e-07
8.09799064027672e-07
8.13767604523896e-07
8.17506245254229e-07
8.21016750807146e-07
8.24300917523502e-07
 8.2736057316346e-07
8.30197575574232e-07
8.32813812023936e-07
 8.3521119909058e-07
 8.3739168077468e-07
8.39367670257829e-07
8.41213721458622e-07
8.42847744264574e-07
8.44271779265604e-07
8.45487891698582e-07
8.46498170448129e-07
8.47304727158438e-07
8.47909696344296e-07
8.48315233392682e-07
8.48523515117883e-07
8.48536738096151e-07
8.48357118443666e-07
 8.4798689026222e-07
8.47428306194331e-07
8.46683635868928e-07
8.45755165013173e-07
8.44645195452465e-07
8.43356043667143e-07
8.41890040903515e-07
8.40249531508519e-07
8.38436873040749e-07
8.36454434938183e-07
8.34304598740232e-07
 8.3198975631138e-07
8.29512309841185e-07
8.26874671178146e-07
8.24079260941524e-07
8.21128507855207e-07
8.18030336358078e-07
8.14860264930495e-07
8.11541183476372e-07
8.08075540259523e-07
8.04465788539765e-07
8.00714386683943e-07
7.96823796722634e-07
7.92796484350156e-07
7.88634918258424e-07
7.84341569470826e-07
7.79918910343014e-07
 7.7536941456291e-07
7.70695556262524e-07
7.65899809795911e-07
7.60984648628948e-07
7.55952545117289e-07
7.50805970173296e-07
7.45547392155821e-07
7.40179276759179e-07
7.34704086347016e-07
7.29124279619242e-07
7.23442310612832e-07
7.17660628812844e-07
7.11781678264245e-07
7.05855402016731e-07
6.99876096854624e-07
6.93805791707192e-07
 6.8764689731271e-07
6.81401816304827e-07
6.75072944211763e-07
6.68662667679953e-07
6.62173364585072e-07
 6.5560740392101e-07
6.48967144689649e-07
6.42254936011888e-07
6.35473116683549e-07
 6.2862401406516e-07
6.21709944859106e-07
6.14733213555319e-07
6.07696112986389e-07
 6.0060092310632e-07
5.93527251568915e-07
5.86420545789501e-07
5.79261359767713e-07
5.72051911951199e-07
 5.6479440646573e-07
5.57491033559288e-07
5.50143968602868e-07
5.42755372423542e-07
5.35327390305262e-07
5.27862152210901e-07
5.20361772449185e-07
5.12866411450652e-07
5.05415959084488e-07
4.97935283227946e-07
4.90426421695389e-07
4.82891395314766e-07
4.75332208038637e-07
4.67750846389059e-07
4.60149279346567e-07
4.52578899801104e-07
4.45073929156159e-07
4.37553026366722e-07
4.30018075592287e-07
4.22470943228781e-07
4.14913476909362e-07
4.07435568616776e-07
4.00010286227825e-07
 3.9257837980422e-07
 3.8514160782821e-07
3.77721326216829e-07
3.70439816599344e-07
3.63156756222338e-07
3.55873812307728e-07
3.48627578805605e-07
3.41515009161242e-07
3.34405531821069e-07
3.27300721858492e-07
 3.2030751195844e-07
3.13384499128766e-07
3.06468809330163e-07
2.99626981115075e-07