4.81256619104078
4.81291924162464
4.81403068975919
4.81453032417951
4.81486323792369
4.81487876654438
4.81461522360825
 4.8140455681582
4.81315369130119
4.81193451420415
4.81026196035269
4.80799207270165
4.80516134457214
4.80176000456259
 4.7977929586104
4.79326376407658
4.78818217473694
4.78256792649371
4.77644034184429
4.77012644372778
4.76366592071975
 4.7570171609073
4.75015341355837
4.74303565954494
4.73561883440432
4.72784738853546
 4.7196616626048
4.71094399067176
 4.7015122928302
4.69131074440096
4.68026041885266
4.66827583250237
4.65525919057209
4.64109934796851
4.62566905101769
4.60882318508691
4.59035534417201
4.57006461142253
4.54775971293762
4.52321919407132
 4.4961930031201
4.46639653732737
4.43350414667001
4.39714378746397
4.35683396733812
4.31191135239939
4.26194678011698
4.20656343640701
4.14542031026833
4.07825350520056
4.00493227443218
3.92554505860247
3.84054896333175
3.75136924258496
3.65951462242731
3.56558215554514
3.47010628390158
3.37363399796698
3.27671567133445
3.17988820184094
2.98928628831373
2.89588706444304
2.80648451438442
2.71901788112965
2.63329373520098
2.54941486190653
2.46754708269902
2.38785874514507
 2.3105005283788
2.23560043864958
2.16342489131003
2.09441317621117
2.02887457839242
1.96700364698777
1.90891384641635
1.85466123861346
1.80426193689523
1.75770547274147
1.71492806742985
1.67550741276051
1.63889642707739
1.60463935647804
1.57235361636101
1.54171466995349
1.51244494270659
1.48430555563697
1.45709012681683
1.43066682237628
1.40504823088109
1.38026394200877
1.35633648601636
1.33328240383034
1.31111320304668
 1.2898362096524
1.26945532556867
1.24996888343196
1.23131821497655
1.21340014044328
 1.1961200431238
1.17939263727401
 1.1793851101287