0.0628216702764285
0.0627830893353007
 0.062705787176516
0.0625508321676244
 0.062317803479039
0.0620062802811732
0.0616158417444403
0.0611460670392533
0.0605965353360036
0.0599668986719299
 0.059259528662432
0.0584827779153271
 0.057648546004586
 0.056768945189036
0.0558560877273349
0.0549220858781403
0.0539790519001097
0.0530390980601073
0.0521136046557193
0.0512081983271207
0.0503213765173772
0.0494495219308638
0.0485890100504484
0.0477362163590007
0.0468875163393902
0.0460392854744867
0.0451879041185662
0.0443304449445776
0.0434660594579889
0.0425954585528197
0.0417195211264184
0.0408391260761631
0.0399551522994322
0.0390684786936039
0.0381799841560783
0.0372905777776317
0.0364015765657439
0.0355149322645053
0.0346328585551399
0.0337575740427443
0.0328912973324159
0.0320362470292522
0.0311946417383505
0.0303687001231691
0.0295610061964981
0.0287757364499796
0.0280185520123408
0.0272953714585897
0.0266121133608103
0.0259746962910862
0.0253890388215013
 0.024861059524137
0.0243965998981664
0.0239993748954787
0.0236688338197202
0.0234020993239623
0.0231961835845601
0.0230480987778646
0.0229548570802263
 0.022913470667996
0.0229209517188831
 0.022974374332365
0.0230712287795323
0.0232094853289895
0.0233872401465713
0.0236025895490329
0.0238536298531292
0.0241384573756153
0.0244551684332456
0.0248018535269012
0.0251761222944086
 0.025574289548404
 0.025991769061491
0.0264238933440125
0.0268659949060751
0.0273134062577858
0.0277614599092515
0.0282054883705789
0.0286410185441262
0.0290657435272229
0.0294804757318066
0.0298871893142037
0.0302878726632409
0.0306845141677451
0.0310791022165429
 0.031473625198461
0.0318700710807142
0.0322700618182674
0.0326738191357552
0.0330803483839322
0.0334884731771146
0.0338970171273687
0.0343048038467608
0.0347106569473571
0.0351134000412472
0.0355118859425286
0.0359055865841872
0.0362951116106688
0.0366816392240791
0.0370663683896401
0.0374504980725846