835.100409133268
835.098003311108
835.082708520375
835.045033732248
834.987417538044
834.908052341276
834.806145731377
 834.68015652162
834.528332305812
834.348385952059
834.137962857441
833.896465309567
833.624781594664
833.323614924034
832.994060147545
832.637616431714
832.256401746644
 831.85331512183
831.432284481083
830.996428959319
830.544289833469
830.073305027497
829.580645967154
829.062893761625
828.516015459111
827.935234385417
827.314860757762
826.648321922636
825.929487853966
825.153437928412
824.314426650006
823.405995427394
822.420793227798
 821.35043304442
820.185298625777
818.914302168516
817.524897540823
816.003963942941
814.337236377424
812.508414970451
810.498916007665
808.287415368721
805.849281059853
803.155793436252
800.173369740324
796.866170329496
 793.20399501058
789.157584353654
784.699006579424
779.804134682907
774.456482566933
768.653597811556
762.418125153772
755.813949385995
748.905256155801
741.717280336485
734.274369855966
  726.6038299057
718.735652762334
710.701621979052
693.624614081816
684.890975769276
676.382056362493
667.908334874933
659.452168136301
651.024691082147
642.644477865046
634.331879531735
626.107001451024
617.989083836521
610.014136079016
602.240333283008
594.715242298588
587.476283412287
580.553468136241
 573.97130057604
567.750181755805
561.907507091886
556.453827144334
551.352784927823
546.548321164993
541.992397281254
537.643558706669
533.465641132691
529.426821398179
525.498909878605
521.656823911009
517.884845963879
514.187263644338
510.570966122554
507.042036208556
503.605848246802
500.267157616953
497.030182513311
493.898678716261
490.875572169515
487.954878397534
485.123254882497
482.368133436706
479.677918805999
479.674502432842