################################################################################
                           -*- Q1D Euler Solver -*-
Eigen 3.3.7
Allan Moreira de Carvalho
################################################################################
                           -*- Setup Information -*-
################################################################################
# Domain x-coordinates at cell faces (no need for ghost cells)
/home/ppiper/Dropbox/local/github/pyqode/examples/new_run/inputs/xn.txt
# Area distributuin at cell faces (no need for ghost cells)
/home/ppiper/Dropbox/local/github/pyqode/examples/new_run/inputs/sn.txt
# Inlet Total Pressure [Pa]
1191000.0
# Inlet Total Temperature [K]
842.78
# Inlet Mach Number
0.01
# Outlet Static Pressure [Pa]
101000.0
# Gas constant [J/kg/K]
287.0
# Specific heat ratio
1.4
# Maximum number of iterations 
50000
# Interval to print iterations 
1
# CFL number 
0.5
# Convergence criteria 
1e-06
# Time integration scheme (Euler, RK4) 
Euler
# Flux scheme (Basic, Roe, Split, SplitTVD, VanLeer, LaxFriedrichs, StegerWarming, AUSM) 
AUSM
# Timestep type (Global, Local) 
Global
# Form to be solved (Dimensional, Dimensionless) 
Dimensionless
# Set output directory 
/home/ppiper/Dropbox/local/github/pyqode/examples/new_run/outputs/
################################################################################
                           -*- Start Solving -*-
################################################################################
	 	 	     Maximum Residue
Iteration 	Mass		Momentum	Energy
1		9.14743e-05	0.00273653	0.00032016
2		0.00027613	0.00256978	0.000966667
3		0.000404818	0.00245644	0.00141104
4		0.000336564	0.00235969	0.00115816
5		0.000258581	0.00228633	0.000905536
6		0.000287735	0.00222323	0.00100782
7		0.000313782	0.00217224	0.00109929
8		0.000336955	0.00212801	0.00118037
9		0.000358179	0.00209275	0.00125493
10		0.000377385	0.00206274	0.00132246
11		0.000395106	0.0020385	0.00138485
12		0.000411308	0.0020178	0.00144197
13		0.000426547	0.00200084	0.00149498
14		0.000440871	0.00198696	0.00154512
15		0.000454269	0.00197557	0.00159237
16		0.000466777	0.00196604	0.00163656
17		0.000478725	0.00195827	0.00167814
18		0.000490278	0.00195195	0.00171783
19		0.000501254	0.00194702	0.00175658
20		0.000511738	0.00194338	0.00179364
21		0.000522174	0.00194119	0.00182943
22		0.000532602	0.00194043	0.0018651
23		0.000542896	0.0019409	0.00190149
24		0.000553671	0.00194232	0.00193756
25		0.000564426	0.0019444	0.00197528
26		0.000575574	0.00194693	0.00201302
27		0.000586759	0.00194972	0.00205216
28		0.000597985	0.00195261	0.00209125
29		0.000609242	0.00195548	0.00212978
30		0.000620145	0.00195823	0.00216837
31		0.000630628	0.00196078	0.00220549
32		0.000640624	0.00196307	0.0022409
33		0.000650077	0.00196506	0.00227435
34		0.000658941	0.00196668	0.00230568
35		0.00066718	0.00196792	0.00233557
36		0.000674779	0.00196875	0.00236363
37		0.00068174	0.00196921	0.00238953
38		0.000688088	0.00196933	0.00241323
39		0.000694208	0.00196913	0.00243474
40		0.000699757	0.00196865	0.00245556
41		0.000704746	0.00196794	0.00247484
42		0.00070917	0.001967	0.00249203
43		0.000713	0.00196585	0.00250744
44		0.000716776	0.00196453	0.00252279
45		0.000719948	0.00196306	0.00253597
46		0.000722355	0.00196147	0.00254725
47		0.000724527	0.00195981	0.00255867
48		0.000726153	0.00195813	0.00256746
49		0.0007269	0.00195644	0.00257587
50		0.000727662	0.00195477	0.00258249
51		0.000727141	0.0019535	0.00258791
52		0.000726903	0.00195227	0.002592
53		0.000725226	0.00195096	0.0025948
54		0.000723809	0.00194948	0.00259579
55		0.000721041	0.00194775	0.00259605
56		0.000718233	0.00194565	0.00259313
57		0.00071432	0.00194306	0.00259057
58		0.000709893	0.00193987	0.0025827
59		0.000704652	0.00193595	0.00257722
60		0.000698398	0.00193125	0.00256574
61		0.000691714	0.0019263	0.00255464
62		0.000683482	0.00192047	0.00253945
63		0.000675223	0.00191369	0.00252125
64		0.000664964	0.0019059	0.00250199
65		0.000654942	0.00189705	0.00247549
66		0.000642752	0.00188709	0.00245181
67		0.00064068	0.00187697	0.00242051
68		0.000640721	0.00186577	0.00238784
69		0.000640584	0.00185322	0.00235232
70		0.000640944	0.00183908	0.00231157
71		0.000639815	0.00182487	0.00227199
72		0.000639149	0.00180891	0.00223056
73		0.00063808	0.00179112	0.00218653
74		0.000635413	0.00177301	0.00218494
75		0.000634112	0.00175216	0.00218383
76		0.000630923	0.00173152	0.00218105
77		0.000627845	0.00170817	0.00217985
78		0.000623724	0.00168455	0.00217242
79		0.000619162	0.00165922	0.00216572
80		0.000613709	0.00163227	0.00215643
81		0.000608066	0.00160545	0.00214142
82		0.000601181	0.00157687	0.0021291
83		0.000594607	0.00154712	0.00210918
84		0.000587628	0.00151792	0.0020907
85		0.00058067	0.00148773	0.00206634
86		0.000574727	0.00145693	0.00204195
87		0.000569802	0.0014259	0.00201244
88		0.000565791	0.00139503	0.00198399
89		0.000561874	0.00136574	0.00195208
90		0.000557918	0.00135227	0.00191956
91		0.00055386	0.00134049	0.00188844
92		0.000549793	0.00132746	0.00186118
93		0.000545762	0.00131346	0.00183823
94		0.00054165	0.00129693	0.00181757
95		0.000537499	0.00128095	0.00179734
96		0.000533356	0.00126246	0.00177691
97		0.000529263	0.00124373	0.00175655
98		0.000525249	0.00122377	0.00175768
99		0.000521328	0.00120282	0.00175664
100		0.000517505	0.00118157	0.00175426
101		0.000513773	0.00115926	0.00175142
102		0.000510125	0.00113692	0.00174635
103		0.00050655	0.00111412	0.00174117
104		0.000503039	0.00109537	0.00173455
105		0.000499584	0.00108083	0.00172723
106		0.000496179	0.00106759	0.00171987
107		0.00049282	0.00105444	0.00171282
108		0.000489504	0.00104156	0.00170625
109		0.000486225	0.00102909	0.00170067
110		0.000482982	0.00101715	0.00169604
111		0.000479771	0.0010058	0.00169242
112		0.000476588	0.000995075	0.00168829
113		0.00047343	0.000985001	0.00168214
114		0.000470294	0.000975872	0.00167385
115		0.000467177	0.000967318	0.00166281
116		0.000464076	0.000959224	0.00164837
117		0.000460991	0.000950367	0.00162999
118		0.00045792	0.000939	0.00160655
119		0.000454864	0.000925055	0.00157791
120		0.000451823	0.000908285	0.00154357
121		0.000448797	0.000888897	0.00150397
122		0.000445787	0.000867621	0.0014606
123		0.000442794	0.000845161	0.00141492
124		0.000439815	0.000822692	0.00136935
125		0.00043685	0.00080163	0.00132679
126		0.000433894	0.000784655	0.00128939
127		0.000430943	0.000778473	0.00125885
128		0.000427993	0.000772241	0.00123629
129		0.000425039	0.000766069	0.00122181
130		0.000422075	0.000760061	0.00121404
131		0.000419098	0.000754309	0.00121193
132		0.000416105	0.000748864	0.00121094
133		0.000413095	0.000743739	0.00121033
134		0.000410069	0.000738933	0.00120782
135		0.000407026	0.000734437	0.00120133
136		0.000403971	0.000728179	0.00119014
137		0.000400904	0.000719616	0.00117428
138		0.000397828	0.000709108	0.00115449
139		0.000394745	0.000697085	0.00113165
140		0.000391655	0.000684114	0.00110692
141		0.000388561	0.000670796	0.00108152
142		0.000385461	0.000657587	0.00105638
143		0.000382399	0.000644768	0.00103207
144		0.000379331	0.000632494	0.00100941
145		0.000376255	0.000620696	0.000995903
146		0.000373172	0.000609299	0.000982423
147		0.000370082	0.000598234	0.000968971
148		0.000366983	0.000587408	0.000955545
149		0.000363877	0.000576735	0.000942146
150		0.000360763	0.000566161	0.000928774
151		0.000357642	0.000555686	0.000915428
152		0.000354514	0.000545283	0.000902109
153		0.000351379	0.000534943	0.000888818
154		0.000348237	0.000524711	0.000875555
155		0.00034509	0.00051462	0.000862322
156		0.000341937	0.000504683	0.00084912
157		0.00033878	0.0004949	0.000835948
158		0.000335617	0.000485268	0.000822809
159		0.000332451	0.00047578	0.000809705
160		0.000329282	0.000466429	0.000796709
161		0.00032611	0.000457215	0.000783828
162		0.000322935	0.000448093	0.000770982
163		0.00031976	0.000439056	0.000758174
164		0.000316583	0.000430111	0.000745405
165		0.000313407	0.000421252	0.000732678
166		0.000310233	0.000412468	0.000719995
167		0.00030706	0.00040375	0.000707359
168		0.00030389	0.000395089	0.000694773
169		0.000300725	0.000386479	0.000682239
170		0.000297564	0.000377911	0.000669761
171		0.000294409	0.000369379	0.000657342
172		0.000291262	0.000360876	0.000644985
173		0.000288122	0.000352396	0.000632694
174		0.000284993	0.000343941	0.000620473
175		0.000281878	0.000335496	0.000608326
176		0.000278787	0.000327047	0.000596256
177		0.000275706	0.000318596	0.000584392
178		0.000272638	0.000310145	0.000572611
179		0.000269583	0.000301689	0.000560913
180		0.000266542	0.00029324	0.000549301
181		0.000263517	0.000287586	0.000537781
182		0.000260508	0.000281993	0.000526356
183		0.000257518	0.000276462	0.00051503
184		0.000254546	0.000270992	0.000503809
185		0.000251595	0.000265584	0.000492695
186		0.000248664	0.000260239	0.000481693
187		0.000245756	0.000255045	0.000470808
188		0.000242871	0.00024991	0.000460042
189		0.00024001	0.000244835	0.00044944
190		0.000237174	0.00023982	0.00043901
191		0.000234349	0.00023485	0.000428677
192		0.000231518	0.00022991	0.000418414
193		0.000228719	0.000225036	0.000408292
194		0.000225955	0.000220306	0.00039832
195		0.000223226	0.00021565	0.000388501
196		0.000220531	0.000211058	0.00037883
197		0.000217881	0.000206528	0.000369306
198		0.000215268	0.000202067	0.00035994
199		0.000212692	0.000197674	0.000350733
200		0.000210153	0.000193351	0.0003417
201		0.000207644	0.000189156	0.000332846
202		0.000205173	0.000185027	0.000324148
203		0.000202739	0.000180964	0.000315608
204		0.000200342	0.000176968	0.000307226
205		0.000197976	0.000173034	0.000298992
206		0.000195645	0.000169166	0.000290913
207		0.00019335	0.000165373	0.000282992
208		0.000191091	0.000161695	0.000275228
209		0.000188865	0.000158079	0.000267617
210		0.00018667	0.000154525	0.000260153
211		0.000184509	0.000151037	0.000252844
212		0.000182382	0.000147614	0.000245688
213		0.000180289	0.000144257	0.000238682
214		0.000178223	0.000140961	0.000231818
215		0.000176189	0.000137772	0.0002251
216		0.000174204	0.000134646	0.000218527
217		0.00017225	0.000131583	0.000212098
218		0.000170322	0.00012858	0.000205805
219		0.000168419	0.000125637	0.000199651
220		0.000166545	0.000122757	0.00019364
221		0.000164699	0.00011994	0.000195044
222		0.000162877	0.000117198	0.000196324
223		0.000161078	0.000114529	0.000196928
224		0.000159304	0.000111918	0.000196897
225		0.000157556	0.000109367	0.000196272
226		0.000155828	0.000106871	0.00019509
227		0.000154121	0.00010443	0.000193397
228		0.000152436	0.000102047	0.000191242
229		0.000150775	9.97192e-05	0.000188668
230		0.000149129	9.74602e-05	0.000185715
231		0.000147503	9.52604e-05	0.000182432
232		0.000145898	9.31133e-05	0.000178864
233		0.000144312	9.10178e-05	0.000175051
234		0.000142746	8.89732e-05	0.000171035
235		0.000141197	8.69786e-05	0.000166852
236		0.000139666	8.50329e-05	0.000162537
237		0.000138152	8.31351e-05	0.000158125
238		0.000136654	8.33175e-05	0.000153645
239		0.000135172	8.36947e-05	0.000149125
240		0.000133704	8.40691e-05	0.000144591
241		0.000132251	8.44293e-05	0.000140066
242		0.000130811	8.4775e-05	0.000135569
243		0.000129384	8.51076e-05	0.00013112
244		0.000127969	8.5435e-05	0.000126733
245		0.000126566	8.57473e-05	0.000122422
246		0.000125174	8.60542e-05	0.000118199
247		0.000123792	8.63801e-05	0.000114074
248		0.000122435	8.67388e-05	0.000110054
249		0.000121092	8.71029e-05	0.000106145
250		0.000119758	8.7449e-05	0.000102353
251		0.000118434	8.77768e-05	9.868e-05
252		0.000117118	8.80863e-05	9.51298e-05
253		0.00011581	8.83774e-05	9.17031e-05
254		0.00011451	8.865e-05	8.84005e-05
255		0.000113217	8.8904e-05	8.52216e-05
256		0.00011193	8.91393e-05	8.21652e-05
257		0.000110675	8.93559e-05	7.92299e-05
258		0.000109427	8.95537e-05	7.64136e-05
259		0.000108184	8.97327e-05	7.37136e-05
260		0.000106947	8.98927e-05	7.11273e-05
261		0.000105715	9.00338e-05	6.86516e-05
262		0.000104488	9.0156e-05	6.62833e-05
263		0.000103264	9.02593e-05	6.40188e-05
264		0.000102069	9.03435e-05	6.18548e-05
265		0.000100884	9.04089e-05	5.97876e-05
266		9.97028e-05	9.04553e-05	5.78139e-05
267		9.85246e-05	9.04827e-05	5.59299e-05
268		9.73493e-05	9.04914e-05	5.41321e-05
269		9.61765e-05	9.04812e-05	5.24173e-05
270		9.50164e-05	9.04522e-05	5.07818e-05
271		9.38817e-05	9.04045e-05	4.92226e-05
272		9.27492e-05	9.03382e-05	4.77363e-05
273		9.16185e-05	9.02533e-05	4.632e-05
274		9.04895e-05	9.015e-05	4.49705e-05
275		8.93617e-05	9.00284e-05	4.36852e-05
276		8.82424e-05	8.98884e-05	4.27518e-05
277		8.71524e-05	8.97304e-05	4.41468e-05
278		8.60634e-05	8.95544e-05	4.55355e-05
279		8.49753e-05	8.93605e-05	4.69185e-05
280		8.38878e-05	8.91488e-05	4.82962e-05
281		8.28007e-05	8.89196e-05	4.9669e-05
282		8.17248e-05	8.86731e-05	5.10371e-05
283		8.06752e-05	8.84092e-05	5.24009e-05
284		7.96259e-05	8.81283e-05	5.37606e-05
285		7.85767e-05	8.78305e-05	5.51164e-05
286		7.75276e-05	8.75161e-05	5.64686e-05
287		7.64783e-05	8.71851e-05	5.78173e-05
288		7.54441e-05	8.68379e-05	5.91975e-05
289		7.44323e-05	8.64745e-05	6.18941e-05
290		7.36331e-05	8.60953e-05	6.45672e-05
291		7.2939e-05	8.57005e-05	6.72163e-05
292		7.22428e-05	8.52903e-05	6.98436e-05
293		7.15446e-05	8.48649e-05	7.24515e-05
294		7.08442e-05	8.44245e-05	7.50329e-05
295		7.01415e-05	8.39695e-05	7.75873e-05
296		6.94365e-05	8.35e-05	8.01141e-05
297		6.87291e-05	8.30164e-05	8.26129e-05
298		6.80192e-05	8.25188e-05	8.5083e-05
299		6.73068e-05	8.20076e-05	8.75241e-05
300		6.65918e-05	8.1483e-05	8.99356e-05
301		6.58741e-05	8.09453e-05	9.23169e-05
302		6.51539e-05	8.03948e-05	9.46675e-05
303		6.44309e-05	7.98317e-05	9.69869e-05
304		6.37053e-05	7.92564e-05	9.92747e-05
305		6.2977e-05	7.8669e-05	0.00010153
306		6.22459e-05	7.807e-05	0.000103753
307		6.15122e-05	7.74596e-05	0.000105943
308		6.07758e-05	7.68381e-05	0.000108099
309		6.00367e-05	7.62058e-05	0.000110228
310		5.9295e-05	7.55629e-05	0.000112326
311		5.85507e-05	7.49099e-05	0.00011439
312		5.78039e-05	7.4247e-05	0.000116419
313		5.70545e-05	7.35745e-05	0.000118413
314		5.63027e-05	7.28927e-05	0.000120371
315		5.55485e-05	7.22019e-05	0.000122294
316		5.47919e-05	7.15024e-05	0.00012418
317		5.40331e-05	7.07946e-05	0.00012603
318		5.32721e-05	7.00787e-05	0.000127842
319		5.2509e-05	6.9505e-05	0.000129617
320		5.17439e-05	6.89744e-05	0.000131354
321		5.09769e-05	6.84505e-05	0.000133053
322		5.02081e-05	6.79266e-05	0.000134712
323		4.94376e-05	6.74143e-05	0.000136333
324		4.86655e-05	6.68986e-05	0.000137915
325		4.78919e-05	6.64012e-05	0.000139462
326		4.7117e-05	6.59018e-05	0.000140986
327		4.63408e-05	6.54154e-05	0.000142471
328		4.55636e-05	6.49333e-05	0.000143916
329		4.47855e-05	6.44591e-05	0.00014532
330		4.40065e-05	6.39916e-05	0.000146684
331		4.32269e-05	6.35309e-05	0.000148008
332		4.24468e-05	6.30737e-05	0.00014929
333		4.16664e-05	6.26274e-05	0.000150532
334		4.08858e-05	6.21764e-05	0.000151731
335		4.01052e-05	6.17457e-05	0.00015289
336		3.93247e-05	6.13049e-05	0.000154006
337		3.85446e-05	6.08832e-05	0.000155081
338		3.7765e-05	6.04584e-05	0.000156137
339		3.69861e-05	6.00379e-05	0.000157156
340		3.62081e-05	5.963e-05	0.000158133
341		3.54312e-05	5.92114e-05	0.000159068
342		3.46555e-05	5.88184e-05	0.00015996
343		3.38813e-05	5.8417e-05	0.000160811
344		3.31088e-05	5.80234e-05	0.000161619
345		3.23381e-05	5.76397e-05	0.000162385
346		3.15694e-05	5.72454e-05	0.000163109
347		3.0803e-05	5.68797e-05	0.00016379
348		3.00391e-05	5.65026e-05	0.000164429
349		2.96461e-05	5.61375e-05	0.000165025
350		2.99093e-05	5.57785e-05	0.000165598
351		3.01586e-05	5.54132e-05	0.00016614
352		3.03945e-05	5.50724e-05	0.00016664
353		3.06169e-05	5.47197e-05	0.000167099
354		3.08262e-05	5.43847e-05	0.000167515
355		3.10258e-05	5.405e-05	0.000167889
356		3.12369e-05	5.37164e-05	0.000168222
357		3.14346e-05	5.33996e-05	0.000168513
358		3.16191e-05	5.30707e-05	0.000168763
359		3.17905e-05	5.27695e-05	0.000168972
360		3.19491e-05	5.2458e-05	0.000169139
361		3.20951e-05	5.21609e-05	0.000169265
362		3.22287e-05	5.18667e-05	0.000169351
363		3.2375e-05	5.1575e-05	0.000169407
364		3.25094e-05	5.12978e-05	0.000169442
365		3.26313e-05	5.1013e-05	0.000169438
366		3.27407e-05	5.07522e-05	0.000169393
367		3.28379e-05	5.04786e-05	0.000169309
368		3.29231e-05	5.02295e-05	0.000169185
369		3.29965e-05	4.99717e-05	0.000169023
370		3.30766e-05	4.97255e-05	0.000168822
371		3.31503e-05	4.94828e-05	0.000168582
372		3.32121e-05	4.92327e-05	0.000168305
373		3.32621e-05	4.90044e-05	0.000167989
374		3.33007e-05	4.87631e-05	0.000167637
375		3.33279e-05	4.85274e-05	0.000167248
376		3.3344e-05	4.82997e-05	0.000166822
377		3.33591e-05	4.80593e-05	0.000166362
378		3.3375e-05	4.78263e-05	0.000165893
379		3.33796e-05	4.75985e-05	0.000165388
380		3.33733e-05	4.73581e-05	0.000164848
381		3.33561e-05	4.71149e-05	0.000164273
382		3.33284e-05	4.68863e-05	0.000163664
383		3.32903e-05	4.66451e-05	0.000163021
384		3.3242e-05	4.63915e-05	0.000162345
385		3.32024e-05	4.6147e-05	0.000161635
386		3.31531e-05	4.59044e-05	0.000160894
387		3.30936e-05	4.56494e-05	0.000160121
388		3.30241e-05	4.53824e-05	0.000159317
389		3.29449e-05	4.51189e-05	0.000158481
390		3.2856e-05	4.4862e-05	0.000157616
391		3.27579e-05	4.45932e-05	0.000156721
392		3.26528e-05	4.43128e-05	0.000155796
393		3.25533e-05	4.40208e-05	0.000154858
394		3.24444e-05	4.37412e-05	0.000153902
395		3.23263e-05	4.34586e-05	0.000152918
396		3.21993e-05	4.31647e-05	0.000151906
397		3.20635e-05	4.28598e-05	0.000150868
398		3.19193e-05	4.25441e-05	0.000149803
399		3.17667e-05	4.2234e-05	0.000148713
400		3.16061e-05	4.19271e-05	0.000147597
401		3.14499e-05	4.16095e-05	0.000146458
402		3.12874e-05	4.12817e-05	0.000145294
403		3.11168e-05	4.09437e-05	0.000144108
404		3.09383e-05	4.05978e-05	0.000142898
405		3.07522e-05	4.02682e-05	0.000141667
406		3.05588e-05	3.99287e-05	0.000140414
407		3.03581e-05	3.95796e-05	0.000139141
408		3.01504e-05	3.92211e-05	0.000137847
409		2.9936e-05	3.88534e-05	0.000136534
410		2.97262e-05	3.84873e-05	0.000135221
411		2.95096e-05	3.81278e-05	0.000133892
412		2.92863e-05	3.77595e-05	0.000132544
413		2.90566e-05	3.73826e-05	0.000131178
414		2.88205e-05	3.69974e-05	0.000129796
415		2.85784e-05	3.6604e-05	0.000128398
416		2.83304e-05	3.62146e-05	0.000126984
417		2.80767e-05	3.58295e-05	0.000125555
418		2.78176e-05	3.54365e-05	0.000124111
419		2.75543e-05	3.5036e-05	0.000122654
420		2.72933e-05	3.46283e-05	0.000121183
421		2.70269e-05	3.42135e-05	0.0001197
422		2.67554e-05	3.37977e-05	0.000118205
423		2.64789e-05	3.33914e-05	0.000116699
424		2.61976e-05	3.29784e-05	0.000115182
425		2.59118e-05	3.25589e-05	0.000113654
426		2.56216e-05	3.21333e-05	0.000112118
427		2.53272e-05	3.17017e-05	0.000110589
428		2.50288e-05	3.12644e-05	0.000109053
429		2.47266e-05	3.0832e-05	0.000107508
430		2.44207e-05	3.0404e-05	0.000105956
431		2.41151e-05	2.99707e-05	0.000104396
432		2.3808e-05	2.95322e-05	0.000102831
433		2.34973e-05	2.90889e-05	0.000101259
434		2.31833e-05	2.8641e-05	9.96817e-05
435		2.28662e-05	2.81888e-05	9.80997e-05
436		2.25462e-05	2.77324e-05	9.65135e-05
437		2.22233e-05	2.72897e-05	9.49236e-05
438		2.18979e-05	2.68444e-05	9.33304e-05
439		2.15699e-05	2.63954e-05	9.17346e-05
440		2.12397e-05	2.59427e-05	9.01367e-05
441		2.09074e-05	2.54868e-05	8.85371e-05
442		2.0573e-05	2.50548e-05	8.69494e-05
443		2.02369e-05	2.46281e-05	8.53649e-05
444		1.9899e-05	2.4198e-05	8.37798e-05
445		1.95597e-05	2.37756e-05	8.21946e-05
446		1.92209e-05	2.33553e-05	8.06099e-05
447		1.88815e-05	2.29319e-05	7.9026e-05
448		1.85407e-05	2.25058e-05	7.74435e-05
449		1.81987e-05	2.20769e-05	7.58628e-05
450		1.78557e-05	2.16588e-05	7.42843e-05
451		1.75118e-05	2.12404e-05	7.27085e-05
452		1.7167e-05	2.08197e-05	7.11358e-05
453		1.68216e-05	2.03969e-05	6.95667e-05
454		1.64757e-05	1.99764e-05	6.80195e-05
455		1.61294e-05	1.95644e-05	6.64762e-05
456		1.57827e-05	1.91507e-05	6.49373e-05
457		1.5436e-05	1.87353e-05	6.34031e-05
458		1.50892e-05	1.83185e-05	6.18741e-05
459		1.47425e-05	1.79144e-05	6.03505e-05
460		1.43959e-05	1.75089e-05	5.88328e-05
461		1.40497e-05	1.71023e-05	5.73212e-05
462		1.37039e-05	1.66947e-05	5.58274e-05
463		1.33586e-05	1.62995e-05	5.4349e-05
464		1.30139e-05	1.59035e-05	5.28774e-05
465		1.26699e-05	1.55068e-05	5.14129e-05
466		1.23268e-05	1.5113e-05	4.99558e-05
467		1.19845e-05	1.49802e-05	4.85065e-05
468		1.16433e-05	1.51229e-05	4.70802e-05
469		1.13031e-05	1.52602e-05	4.56687e-05
470		1.09641e-05	1.53923e-05	4.42655e-05
471		1.06264e-05	1.55191e-05	4.28706e-05
472		1.029e-05	1.56408e-05	4.149e-05
473		9.955e-06	1.57577e-05	4.0136e-05
474		9.62153e-06	1.58716e-05	3.87907e-05
475		9.28962e-06	1.59804e-05	3.75056e-05
476		8.95936e-06	1.60842e-05	3.63888e-05
477		8.63082e-06	1.6183e-05	3.52782e-05
478		8.30407e-06	1.62768e-05	3.41741e-05
479		7.9796e-06	1.63657e-05	3.30868e-05
480		7.65833e-06	1.64498e-05	3.2023e-05
481		7.33909e-06	1.6529e-05	3.09658e-05
482		7.02192e-06	1.66034e-05	2.99155e-05
483		6.70688e-06	1.6673e-05	2.88886e-05
484		6.39603e-06	1.67379e-05	2.78783e-05
485		6.08806e-06	1.67982e-05	2.68749e-05
486		5.7845e-06	1.68538e-05	2.59003e-05
487		5.48611e-06	1.69048e-05	2.49363e-05
488		5.19635e-06	1.69513e-05	2.39952e-05
489		4.94348e-06	1.69933e-05	2.30697e-05
490		4.74203e-06	1.70308e-05	2.21702e-05
491		4.55367e-06	1.7064e-05	2.12869e-05
492		4.37565e-06	1.70927e-05	2.04288e-05
493		4.20624e-06	1.71171e-05	1.95964e-05
494		4.04366e-06	1.71372e-05	1.87909e-05
495		3.88593e-06	1.71531e-05	1.80206e-05
496		3.73572e-06	1.71648e-05	1.72901e-05
497		3.59098e-06	1.71724e-05	1.66257e-05
498		3.45385e-06	1.71758e-05	1.6005e-05
499		3.32644e-06	1.71752e-05	1.54052e-05
500		3.28249e-06	1.71706e-05	1.48225e-05
501		3.26479e-06	1.7162e-05	1.42548e-05
502		3.24654e-06	1.71494e-05	1.37003e-05
503		3.22773e-06	1.7133e-05	1.31577e-05
504		3.20839e-06	1.71128e-05	1.26265e-05
505		3.18851e-06	1.70888e-05	1.21083e-05
506		3.16811e-06	1.7061e-05	1.16015e-05
507		3.1472e-06	1.70295e-05	1.11061e-05
508		3.12578e-06	1.69944e-05	1.06223e-05
509		3.10387e-06	1.69557e-05	1.01501e-05
510		3.08147e-06	1.69135e-05	9.68927e-06
511		3.05859e-06	1.68678e-05	9.23978e-06
512		3.03525e-06	1.68186e-05	8.81889e-06
513		3.01145e-06	1.6766e-05	9.67211e-06
514		2.9872e-06	1.671e-05	1.05134e-05
515		2.96251e-06	1.66507e-05	1.13512e-05
516		2.93739e-06	1.65882e-05	1.21755e-05
517		2.91184e-06	1.65225e-05	1.29862e-05
518		2.89458e-06	1.64536e-05	1.37833e-05
519		3.1127e-06	1.63816e-05	1.4567e-05
520		3.32763e-06	1.63065e-05	1.53454e-05
521		3.53934e-06	1.62284e-05	1.61114e-05
522		3.74785e-06	1.61474e-05	1.68637e-05
523		3.95312e-06	1.60634e-05	1.76025e-05
524		4.15516e-06	1.59766e-05	1.83277e-05
525		4.35397e-06	1.5887e-05	1.90393e-05
526		4.54952e-06	1.57946e-05	1.97374e-05
527		4.74182e-06	1.56995e-05	2.04231e-05
528		4.93085e-06	1.56017e-05	2.11017e-05
529		5.11663e-06	1.55013e-05	2.17668e-05
530		5.29914e-06	1.53984e-05	2.24184e-05
531		5.47838e-06	1.52929e-05	2.30566e-05
532		5.65435e-06	1.5185e-05	2.36814e-05
533		5.82705e-06	1.50747e-05	2.42928e-05
534		5.99648e-06	1.4962e-05	2.48909e-05
535		6.16264e-06	1.48471e-05	2.54758e-05
536		6.32553e-06	1.47298e-05	2.60475e-05
537		6.48515e-06	1.46104e-05	2.6606e-05
538		6.6415e-06	1.44888e-05	2.71514e-05
539		6.79459e-06	1.43651e-05	2.76837e-05
540		6.94443e-06	1.42394e-05	2.82063e-05
541		7.09101e-06	1.41117e-05	2.87182e-05
542		7.23434e-06	1.3982e-05	2.92171e-05
543		7.37442e-06	1.38504e-05	2.97031e-05
544		7.51127e-06	1.3717e-05	3.01762e-05
545		7.64489e-06	1.35817e-05	3.06367e-05
546		7.77529e-06	1.34448e-05	3.10844e-05
547		7.90247e-06	1.33061e-05	3.15195e-05
548		8.02645e-06	1.31658e-05	3.19421e-05
549		8.14722e-06	1.3173e-05	3.23521e-05
550		8.26481e-06	1.32102e-05	3.27498e-05
551		8.37923e-06	1.32457e-05	3.31351e-05
552		8.49047e-06	1.32843e-05	3.35082e-05
553		8.59856e-06	1.33191e-05	3.3869e-05
554		8.7035e-06	1.33541e-05	3.42177e-05
555		8.80531e-06	1.339e-05	3.45544e-05
556		8.904e-06	1.34221e-05	3.48791e-05
557		8.99958e-06	1.34507e-05	3.5192e-05
558		9.09207e-06	1.3483e-05	3.5493e-05
559		9.18148e-06	1.35122e-05	3.57823e-05
560		9.26782e-06	1.35377e-05	3.60622e-05
561		9.35111e-06	1.35598e-05	3.63323e-05
562		9.43136e-06	1.35833e-05	3.65908e-05
563		9.5086e-06	1.36056e-05	3.68378e-05
564		9.58283e-06	1.36245e-05	3.70736e-05
565		9.65407e-06	1.36398e-05	3.7298e-05
566		9.72234e-06	1.36518e-05	3.75113e-05
567		9.78777e-06	1.36664e-05	3.77134e-05
568		9.85072e-06	1.36784e-05	3.79046e-05
569		9.91075e-06	1.36869e-05	3.80849e-05
570		9.96791e-06	1.36922e-05	3.82543e-05
571		1.00222e-05	1.36941e-05	3.8413e-05
572		1.00736e-05	1.36968e-05	3.85611e-05
573		1.01222e-05	1.36986e-05	3.86986e-05
574		1.0168e-05	1.36971e-05	3.88256e-05
575		1.0211e-05	1.36924e-05	3.89423e-05
576		1.02512e-05	1.36845e-05	3.90488e-05
577		1.02887e-05	1.36735e-05	3.9145e-05
578		1.03234e-05	1.3665e-05	3.92312e-05
579		1.03555e-05	1.36537e-05	3.93074e-05
580		1.03848e-05	1.36393e-05	3.93738e-05
581		1.04115e-05	1.36219e-05	3.94303e-05
582		1.04355e-05	1.36015e-05	3.94772e-05
583		1.0457e-05	1.35782e-05	3.95145e-05
584		1.04758e-05	1.35567e-05	3.95423e-05
585		1.0492e-05	1.35329e-05	3.95607e-05
586		1.05057e-05	1.35064e-05	3.95699e-05
587		1.05169e-05	1.34769e-05	3.95733e-05
588		1.05255e-05	1.34447e-05	3.95677e-05
589		1.05317e-05	1.34097e-05	3.9553e-05
590		1.05354e-05	1.33746e-05	3.95295e-05
591		1.05367e-05	1.33392e-05	3.94972e-05
592		1.05356e-05	1.33011e-05	3.94561e-05
593		1.05321e-05	1.32604e-05	3.94066e-05
594		1.05262e-05	1.32171e-05	3.93485e-05
595		1.0518e-05	1.31711e-05	3.92821e-05
596		1.05076e-05	1.31232e-05	3.92074e-05
597		1.04948e-05	1.3077e-05	3.91246e-05
598		1.04798e-05	1.30282e-05	3.90338e-05
599		1.04625e-05	1.2977e-05	3.8935e-05
600		1.04431e-05	1.29234e-05	3.88284e-05
601		1.04215e-05	1.28673e-05	3.8714e-05
602		1.03978e-05	1.28089e-05	3.85921e-05
603		1.03719e-05	1.27482e-05	3.84627e-05
604		1.0344e-05	1.26851e-05	3.83259e-05
605		1.0314e-05	1.26199e-05	3.81818e-05
606		1.02823e-05	1.25524e-05	3.80306e-05
607		1.02493e-05	1.24828e-05	3.78723e-05
608		1.02142e-05	1.2411e-05	3.77071e-05
609		1.01772e-05	1.23372e-05	3.7535e-05
610		1.01383e-05	1.22613e-05	3.73562e-05
611		1.00975e-05	1.21861e-05	3.71709e-05
612		1.00548e-05	1.21152e-05	3.698e-05
613		1.00103e-05	1.20422e-05	3.67853e-05
614		9.96396e-06	1.19672e-05	3.65843e-05
615		9.91588e-06	1.18903e-05	3.63771e-05
616		9.86606e-06	1.18114e-05	3.61639e-05
617		9.81451e-06	1.1733e-05	3.59447e-05
618		9.76129e-06	1.16543e-05	3.57196e-05
619		9.70641e-06	1.15738e-05	3.54889e-05
620		9.6499e-06	1.14915e-05	3.52525e-05
621		9.5918e-06	1.14075e-05	3.50106e-05
622		9.53213e-06	1.13217e-05	3.47634e-05
623		9.47092e-06	1.12343e-05	3.45108e-05
624		9.40821e-06	1.11485e-05	3.42531e-05
625		9.34402e-06	1.10615e-05	3.39904e-05
626		9.27838e-06	1.09729e-05	3.37227e-05
627		9.21133e-06	1.08827e-05	3.34503e-05
628		9.14289e-06	1.0791e-05	3.31731e-05
629		9.0731e-06	1.06977e-05	3.28913e-05
630		9.00245e-06	1.06048e-05	3.26051e-05
631		8.93116e-06	1.05122e-05	3.23144e-05
632		8.85858e-06	1.04182e-05	3.20196e-05
633		8.78477e-06	1.03229e-05	3.17239e-05
634		8.70974e-06	1.02262e-05	3.14247e-05
635		8.63352e-06	1.01281e-05	3.11215e-05
636		8.55615e-06	1.00302e-05	3.08145e-05
637		8.47766e-06	9.93308e-06	3.05037e-05
638		8.39807e-06	9.83472e-06	3.01893e-05
639		8.31742e-06	9.73514e-06	2.98714e-05
640		8.23573e-06	9.63439e-06	2.95501e-05
641		8.15304e-06	9.5325e-06	2.92256e-05
642		8.06938e-06	9.43187e-06	2.88978e-05
643		7.98476e-06	9.33113e-06	2.8567e-05
644		7.89923e-06	9.22932e-06	2.82332e-05
645		7.81282e-06	9.12647e-06	2.78966e-05
646		7.72555e-06	9.02262e-06	2.75573e-05
647		7.63871e-06	8.91916e-06	2.72153e-05
648		7.55109e-06	8.81664e-06	2.68749e-05
649		7.46268e-06	8.71319e-06	2.65322e-05
650		7.37352e-06	8.60883e-06	2.61871e-05
651		7.28364e-06	8.50362e-06	2.58398e-05
652		7.19306e-06	8.39925e-06	2.54903e-05
653		7.10181e-06	8.29553e-06	2.51387e-05
654		7.00992e-06	8.19101e-06	2.47853e-05
655		6.91742e-06	8.08573e-06	2.44299e-05
656		6.82433e-06	7.97985e-06	2.40729e-05
657		6.73069e-06	7.87619e-06	2.37142e-05
658		6.63738e-06	7.77183e-06	2.33558e-05
659		6.54419e-06	7.66679e-06	2.2999e-05
660		6.45051e-06	7.56121e-06	2.26407e-05
661		6.35636e-06	7.4579e-06	2.22812e-05
662		6.26178e-06	7.35398e-06	2.19205e-05
663		6.1668e-06	7.24948e-06	2.15586e-05
664		6.07143e-06	7.14621e-06	2.11958e-05
665		5.9757e-06	7.04352e-06	2.08321e-05
666		5.88053e-06	6.94031e-06	2.0472e-05
667		5.78586e-06	6.83872e-06	2.01121e-05
668		5.6909e-06	6.73734e-06	1.97515e-05
669		5.59567e-06	6.6366e-06	1.93904e-05
670		5.50019e-06	6.53703e-06	1.90287e-05
671		5.40449e-06	6.43843e-06	1.86693e-05
672		5.30973e-06	6.34094e-06	1.83128e-05
673		5.21556e-06	6.24565e-06	1.79559e-05
674		5.12123e-06	6.15608e-06	1.75988e-05
675		5.02674e-06	6.07304e-06	1.72432e-05
676		4.93214e-06	5.99232e-06	1.68921e-05
677		4.83948e-06	5.91308e-06	1.65409e-05
678		4.74674e-06	5.83494e-06	1.61898e-05
679		4.65393e-06	5.75754e-06	1.58424e-05
680		4.56106e-06	5.68145e-06	1.5498e-05
681		4.4702e-06	5.60588e-06	1.51539e-05
682		4.37941e-06	5.53103e-06	1.4812e-05
683		4.2886e-06	5.45713e-06	1.44751e-05
684		4.19832e-06	5.38437e-06	1.41385e-05
685		4.10974e-06	5.31293e-06	1.38053e-05
686		4.02119e-06	5.24299e-06	1.34765e-05
687		3.93269e-06	5.17514e-06	1.31481e-05
688		3.84617e-06	5.11081e-06	1.28266e-05
689		3.76003e-06	5.0486e-06	1.25063e-05
690		3.67397e-06	4.98713e-06	1.21914e-05
691		3.58986e-06	4.92526e-06	1.18793e-05
692		3.50626e-06	4.863e-06	1.15679e-05
693		3.42293e-06	4.80037e-06	1.12573e-05
694		3.34183e-06	4.77515e-06	1.09475e-05
695		3.26086e-06	4.80521e-06	1.06387e-05
696		3.18108e-06	4.83385e-06	1.03308e-05
697		3.1026e-06	4.86106e-06	1.00239e-05
698		3.02427e-06	4.88685e-06	9.71807e-06
699		2.94611e-06	4.91124e-06	9.41341e-06
700		2.86814e-06	4.93423e-06	9.10995e-06
701		2.79036e-06	4.95585e-06	8.80775e-06
702		2.71281e-06	4.97609e-06	8.50686e-06
703		2.63549e-06	4.99497e-06	8.20734e-06
704		2.55842e-06	5.0125e-06	8.02959e-06
705		2.48161e-06	5.02869e-06	7.90763e-06
706		2.40508e-06	5.04356e-06	7.78529e-06
707		2.32884e-06	5.05712e-06	7.66258e-06
708		2.25291e-06	5.06937e-06	7.53955e-06
709		2.17731e-06	5.08033e-06	7.41622e-06
710		2.10203e-06	5.09002e-06	7.29262e-06
711		2.02711e-06	5.09844e-06	7.16877e-06
712		1.95256e-06	5.10561e-06	7.04472e-06
713		1.87837e-06	5.11154e-06	6.92048e-06
714		1.81348e-06	5.11624e-06	6.79608e-06
715		1.77959e-06	5.11973e-06	6.67157e-06
716		1.74635e-06	5.12203e-06	6.54695e-06
717		1.71364e-06	5.12313e-06	6.42227e-06
718		1.68135e-06	5.12306e-06	6.29755e-06
719		1.64973e-06	5.12183e-06	6.17281e-06
720		1.61874e-06	5.11946e-06	6.04809e-06
721		1.58835e-06	5.11595e-06	5.92341e-06
722		1.55862e-06	5.11133e-06	5.79879e-06
723		1.52962e-06	5.1056e-06	5.67428e-06
724		1.5014e-06	5.09877e-06	5.54988e-06
725		1.4742e-06	5.09088e-06	5.42564e-06
726		1.44784e-06	5.08191e-06	5.30156e-06
727		1.42217e-06	5.07191e-06	5.17769e-06
728		1.3971e-06	5.06086e-06	5.05405e-06
729		1.37252e-06	5.0488e-06	4.93065e-06
730		1.34796e-06	5.03573e-06	4.80753e-06
731		1.3234e-06	5.02167e-06	4.68471e-06
732		1.29882e-06	5.00663e-06	4.56221e-06
733		1.27426e-06	4.99063e-06	4.44006e-06
734		1.24969e-06	4.97369e-06	4.31828e-06
735		1.22514e-06	4.95581e-06	4.1969e-06
736		1.2006e-06	4.93701e-06	4.07593e-06
737		1.17609e-06	4.91731e-06	3.95541e-06
738		1.1516e-06	4.89672e-06	3.83534e-06
739		1.12714e-06	4.87525e-06	4.04216e-06
740		1.10272e-06	4.85293e-06	4.25991e-06
741		1.07833e-06	4.82976e-06	4.47422e-06
742		1.05399e-06	4.80576e-06	4.68597e-06
743		1.04743e-06	4.78095e-06	4.89602e-06
744		1.10676e-06	4.75534e-06	5.10258e-06
745		1.16517e-06	4.72894e-06	5.30564e-06
746		1.22267e-06	4.70177e-06	5.50519e-06
747		1.27924e-06	4.67385e-06	5.70124e-06
748		1.33489e-06	4.64518e-06	5.89377e-06
749		1.38962e-06	4.61579e-06	6.08278e-06
750		1.44341e-06	4.58569e-06	6.26826e-06
751		1.49628e-06	4.55489e-06	6.45202e-06
752		1.54822e-06	4.52341e-06	6.63264e-06
753		1.59922e-06	4.49126e-06	6.80971e-06
754		1.64973e-06	4.45846e-06	6.98322e-06
755		1.69943e-06	4.42503e-06	7.15318e-06
756		1.74819e-06	4.39097e-06	7.31958e-06
757		1.79601e-06	4.3563e-06	7.48244e-06
758		1.84289e-06	4.32104e-06	7.64175e-06
759		1.88883e-06	4.2852e-06	7.79752e-06
760		1.93382e-06	4.2488e-06	7.94975e-06
761		1.97788e-06	4.21184e-06	8.09846e-06
762		2.02099e-06	4.17436e-06	8.24363e-06
763		2.06316e-06	4.13635e-06	8.38554e-06
764		2.1044e-06	4.10699e-06	8.52546e-06
765		2.1447e-06	4.11242e-06	8.66185e-06
766		2.18406e-06	4.11871e-06	8.79473e-06
767		2.22249e-06	4.12478e-06	8.9241e-06
768		2.25999e-06	4.1324e-06	9.04999e-06
769		2.29655e-06	4.13908e-06	9.17239e-06
770		2.33219e-06	4.14675e-06	9.29132e-06
771		2.36691e-06	4.15402e-06	9.40679e-06
772		2.40083e-06	4.16029e-06	9.51882e-06
773		2.43413e-06	4.1681e-06	9.62741e-06
774		2.46652e-06	4.17487e-06	9.7326e-06
775		2.49798e-06	4.18062e-06	9.83438e-06
776		2.52853e-06	4.18685e-06	9.93277e-06
777		2.55816e-06	4.19306e-06	1.00278e-05
778		2.58689e-06	4.19825e-06	1.01195e-05
779		2.61472e-06	4.20243e-06	1.02078e-05
780		2.64164e-06	4.20657e-06	1.02928e-05
781		2.66767e-06	4.21113e-06	1.03746e-05
782		2.69281e-06	4.21469e-06	1.04544e-05
783		2.71706e-06	4.21725e-06	1.0531e-05
784		2.74042e-06	4.21883e-06	1.06043e-05
785		2.76291e-06	4.22055e-06	1.06743e-05
786		2.78453e-06	4.22242e-06	1.07412e-05
787		2.80528e-06	4.22332e-06	1.08048e-05
788		2.82517e-06	4.22325e-06	1.08653e-05
789		2.8442e-06	4.22223e-06	1.09227e-05
790		2.86237e-06	4.22049e-06	1.09769e-05
791		2.87971e-06	4.21969e-06	1.1028e-05
792		2.8962e-06	4.21795e-06	1.1076e-05
793		2.91185e-06	4.21527e-06	1.1121e-05
794		2.92668e-06	4.21167e-06	1.1163e-05
795		2.94069e-06	4.20716e-06	1.12019e-05
796		2.95387e-06	4.20239e-06	1.12379e-05
797		2.96625e-06	4.19805e-06	1.12709e-05
798		2.97783e-06	4.1928e-06	1.1301e-05
799		2.98887e-06	4.18667e-06	1.13282e-05
800		2.99919e-06	4.17966e-06	1.13525e-05
801		3.00871e-06	4.17179e-06	1.1374e-05
802		3.01745e-06	4.1634e-06	1.13926e-05
803		3.02542e-06	4.15566e-06	1.14085e-05
804		3.03262e-06	4.14706e-06	1.14216e-05
805		3.03906e-06	4.13763e-06	1.14321e-05
806		3.04475e-06	4.12737e-06	1.14409e-05
807		3.04969e-06	4.11629e-06	1.1447e-05
808		3.05389e-06	4.10441e-06	1.14504e-05
809		3.05736e-06	4.09299e-06	1.14512e-05
810		3.06011e-06	4.08122e-06	1.14494e-05
811		3.06214e-06	4.06866e-06	1.1445e-05
812		3.06347e-06	4.05533e-06	1.14381e-05
813		3.06409e-06	4.04124e-06	1.14287e-05
814		3.06402e-06	4.02639e-06	1.14168e-05
815		3.06326e-06	4.01088e-06	1.14025e-05
816		3.06183e-06	3.99615e-06	1.13857e-05
817		3.05973e-06	3.98068e-06	1.13666e-05
818		3.05697e-06	3.96449e-06	1.13451e-05
819		3.05355e-06	3.94759e-06	1.13212e-05
820		3.04949e-06	3.92999e-06	1.12951e-05
821		3.04479e-06	3.91171e-06	1.12667e-05
822		3.03946e-06	3.89321e-06	1.12361e-05
823		3.03351e-06	3.87506e-06	1.12033e-05
824		3.02695e-06	3.85625e-06	1.11684e-05
825		3.01979e-06	3.83678e-06	1.11313e-05
826		3.01203e-06	3.81667e-06	1.10921e-05
827		3.00368e-06	3.79593e-06	1.10509e-05
828		2.99476e-06	3.77457e-06	1.10076e-05
829		2.98543e-06	3.7526e-06	1.09623e-05
830		2.97567e-06	3.73003e-06	1.0915e-05
831		2.96534e-06	3.70688e-06	1.08658e-05
832		2.95447e-06	3.68316e-06	1.08157e-05
833		2.94306e-06	3.65888e-06	1.07637e-05
834		2.93111e-06	3.63404e-06	1.07099e-05
835		2.91865e-06	3.60868e-06	1.06543e-05
836		2.90567e-06	3.58278e-06	1.05969e-05
837		2.89219e-06	3.55789e-06	1.05378e-05
838		2.87821e-06	3.53367e-06	1.04769e-05
839		2.86374e-06	3.50893e-06	1.04144e-05
840		2.8488e-06	3.48368e-06	1.03502e-05
841		2.83338e-06	3.45795e-06	1.02844e-05
842		2.81751e-06	3.43288e-06	1.0217e-05
843		2.80118e-06	3.40731e-06	1.0148e-05
844		2.78441e-06	3.38127e-06	1.00776e-05
845		2.7672e-06	3.35476e-06	1.00056e-05
846		2.74957e-06	3.3278e-06	9.93226e-06
847		2.73151e-06	3.30039e-06	9.85745e-06
848		2.71305e-06	3.27303e-06	9.78126e-06
849		2.69419e-06	3.24587e-06	9.70372e-06
850		2.67494e-06	3.21829e-06	9.62485e-06
851		2.6553e-06	3.19029e-06	9.5447e-06
852		2.63529e-06	3.1619e-06	9.4633e-06
853		2.61492e-06	3.13311e-06	9.38067e-06
854		2.59429e-06	3.10398e-06	9.29736e-06
855		2.57352e-06	3.0755e-06	9.21343e-06
856		2.5524e-06	3.04665e-06	9.12836e-06
857		2.53095e-06	3.01745e-06	9.04218e-06
858		2.50917e-06	2.98789e-06	8.95494e-06
859		2.48707e-06	2.95799e-06	8.86664e-06
860		2.46466e-06	2.92777e-06	8.77734e-06
861		2.44196e-06	2.8982e-06	8.68706e-06
862		2.41896e-06	2.86835e-06	8.59584e-06
863		2.39568e-06	2.8382e-06	8.50369e-06
864		2.37212e-06	2.80774e-06	8.41067e-06
865		2.34829e-06	2.777e-06	8.31678e-06
866		2.32421e-06	2.74621e-06	8.22208e-06
867		2.29987e-06	2.7159e-06	8.12658e-06
868		2.27529e-06	2.68532e-06	8.03032e-06
869		2.25048e-06	2.65448e-06	7.93332e-06
870		2.22545e-06	2.62338e-06	7.83577e-06
871		2.20019e-06	2.59205e-06	7.73856e-06
872		2.175e-06	2.56134e-06	7.6407e-06
873		2.14968e-06	2.53049e-06	7.54221e-06
874		2.12416e-06	2.49942e-06	7.44313e-06
875		2.09846e-06	2.46814e-06	7.34348e-06
876		2.07257e-06	2.43666e-06	7.24329e-06
877		2.04651e-06	2.40586e-06	7.14258e-06
878		2.02028e-06	2.37489e-06	7.0414e-06
879		1.99389e-06	2.34375e-06	6.93976e-06
880		1.96736e-06	2.31242e-06	6.83769e-06
881		1.94068e-06	2.28131e-06	6.73523e-06
882		1.91386e-06	2.25053e-06	6.63342e-06
883		1.88692e-06	2.2196e-06	6.53156e-06
884		1.86022e-06	2.18852e-06	6.42937e-06
885		1.83345e-06	2.1576e-06	6.32687e-06
886		1.80657e-06	2.12709e-06	6.22409e-06
887		1.77958e-06	2.09645e-06	6.12106e-06
888		1.7525e-06	2.06568e-06	6.01781e-06
889		1.72533e-06	2.03552e-06	5.91435e-06
890		1.69807e-06	2.00534e-06	5.81201e-06
891		1.67075e-06	1.97505e-06	5.70972e-06
892		1.64368e-06	1.94543e-06	5.60728e-06
893		1.61669e-06	1.91573e-06	5.50473e-06
894		1.58965e-06	1.88637e-06	5.40209e-06
895		1.56255e-06	1.85726e-06	5.29997e-06
896		1.5354e-06	1.82852e-06	5.19884e-06
897		1.50822e-06	1.80007e-06	5.09767e-06
898		1.48141e-06	1.77223e-06	4.99648e-06
899		1.45469e-06	1.74541e-06	4.89557e-06
900		1.42795e-06	1.72044e-06	4.79613e-06
901		1.40119e-06	1.69631e-06	4.69673e-06
902		1.37453e-06	1.67266e-06	4.59738e-06
903		1.34832e-06	1.64939e-06	4.49899e-06
904		1.32211e-06	1.62644e-06	4.40158e-06
905		1.29589e-06	1.60386e-06	4.30427e-06
906		1.26982e-06	1.58142e-06	4.20766e-06
907		1.24421e-06	1.55921e-06	4.11242e-06
908		1.21861e-06	1.53729e-06	4.01733e-06
909		1.19303e-06	1.51552e-06	3.92331e-06
910		1.16784e-06	1.494e-06	3.83038e-06
911		1.1429e-06	1.47283e-06	3.73762e-06
912		1.11799e-06	1.45192e-06	3.64631e-06
913		1.09333e-06	1.43132e-06	3.55577e-06
914		1.06909e-06	1.41108e-06	3.46544e-06
915		1.04488e-06	1.39123e-06	3.37534e-06
916		1.02091e-06	1.37187e-06	3.28548e-06
917		9.97391e-07	1.35302e-06	3.1961e-06
918		9.73913e-07	1.33456e-06	3.10838e-06
919		9.50479e-07	1.34264e-06	3.02095e-06
920		9.27671e-07	1.35088e-06	2.93381e-06
921		9.04921e-07	1.35872e-06	2.84699e-06
922		8.82224e-07	1.36615e-06	2.7605e-06
923		8.59585e-07	1.3732e-06	2.67436e-06
924		8.37007e-07	1.37985e-06	2.58858e-06
925		8.14495e-07	1.38611e-06	2.50318e-06
926		7.92054e-07	1.39199e-06	2.41818e-06
927		7.69688e-07	1.39749e-06	2.33358e-06
928		7.47833e-07	1.40261e-06	2.25024e-06
929		7.2611e-07	1.40735e-06	2.20882e-06
930		7.0447e-07	1.41171e-06	2.16868e-06
931		6.82916e-07	1.41571e-06	2.13027e-06
932		6.61451e-07	1.41934e-06	2.09443e-06
933		6.4008e-07	1.42261e-06	2.05988e-06
934		6.18807e-07	1.42552e-06	2.02572e-06
935		5.97634e-07	1.42807e-06	1.99147e-06
936		5.76566e-07	1.43027e-06	1.95717e-06
937		5.55607e-07	1.43212e-06	1.92281e-06
938		5.3476e-07	1.43362e-06	1.8884e-06
939		5.14028e-07	1.43478e-06	1.85395e-06
940		4.97522e-07	1.43561e-06	1.81946e-06
941		4.87896e-07	1.43609e-06	1.78496e-06
942		4.78448e-07	1.43625e-06	1.75044e-06
943		4.69175e-07	1.43608e-06	1.71591e-06
944		4.59982e-07	1.43558e-06	1.68138e-06
945		4.51018e-07	1.43477e-06	1.64686e-06
946		4.42134e-07	1.43364e-06	1.61235e-06
947		4.33429e-07	1.43219e-06	1.57787e-06
948		4.24889e-07	1.43044e-06	1.54342e-06
949		4.1648e-07	1.42838e-06	1.50901e-06
950		4.0823e-07	1.42602e-06	1.47464e-06
951		4.00188e-07	1.42337e-06	1.44033e-06
952		3.92309e-07	1.42042e-06	1.40607e-06
953		3.84604e-07	1.41719e-06	1.37189e-06
954		3.77086e-07	1.41367e-06	1.33778e-06
955		3.69759e-07	1.40986e-06	1.30375e-06
956		3.62612e-07	1.40579e-06	1.26981e-06
957		3.55613e-07	1.40143e-06	1.23596e-06
958		3.48736e-07	1.39681e-06	1.20221e-06
959		3.42004e-07	1.39193e-06	1.16858e-06
960		3.35388e-07	1.38679e-06	1.13505e-06
961		3.28817e-07	1.38139e-06	1.10165e-06
962		3.22247e-07	1.37573e-06	1.06837e-06
963		3.15679e-07	1.36983e-06	1.09712e-06
964		3.09115e-07	1.36369e-06	1.15851e-06
965		3.02557e-07	1.35731e-06	1.21895e-06
966		2.96004e-07	1.35069e-06	1.27842e-06
967		2.8946e-07	1.34384e-06	1.33724e-06
968		2.82925e-07	1.33676e-06	1.39551e-06
969		2.98649e-07	1.32946e-06	1.4528e-06
970		3.14904e-07	1.32194e-06	1.50912e-06
971		3.30904e-07	1.31421e-06	1.56446e-06
972		3.46802e-07	1.30626e-06	1.61881e-06
973		3.62475e-07	1.29811e-06	1.67219e-06
974		3.77887e-07	1.28976e-06	1.72458e-06
975		3.93039e-07	1.28121e-06	1.77598e-06
976		4.0793e-07	1.27247e-06	1.82687e-06
977		4.22559e-07	1.26354e-06	1.87691e-06
978		4.36926e-07	1.25442e-06	1.92596e-06
979		4.5103e-07	1.24512e-06	1.97401e-06
980		4.64873e-07	1.23565e-06	2.02108e-06
981		4.78452e-07	1.226e-06	2.06715e-06
982		4.91769e-07	1.21618e-06	2.11223e-06
983		5.04823e-07	1.2062e-06	2.15633e-06
984		5.17641e-07	1.19606e-06	2.19943e-06
985		5.30321e-07	1.18576e-06	2.24155e-06
986		5.42736e-07	1.17531e-06	2.28268e-06
987		5.54887e-07	1.16472e-06	2.32283e-06
988		5.66775e-07	1.15397e-06	2.36199e-06
989		5.78398e-07	1.1455e-06	2.40064e-06
990		5.89758e-07	1.14672e-06	2.43833e-06
991		6.00856e-07	1.14815e-06	2.47505e-06
992		6.1169e-07	1.14985e-06	2.51079e-06
993		6.22263e-07	1.15164e-06	2.54555e-06
994		6.32575e-07	1.15351e-06	2.57934e-06
995		6.42626e-07	1.15532e-06	2.61217e-06
996		6.52416e-07	1.15735e-06	2.64402e-06
997		6.61948e-07	1.1591e-06	2.67492e-06
998		6.7122e-07	1.16095e-06	2.70486e-06
999		6.80236e-07	1.16284e-06	2.73385e-06
1000		6.88994e-07	1.16445e-06	2.76189e-06
1001		6.97496e-07	1.16585e-06	2.78899e-06
1002		7.05743e-07	1.16759e-06	2.81514e-06
1003		7.13737e-07	1.16904e-06	2.84036e-06
1004		7.2159e-07	1.17021e-06	2.86465e-06
1005		7.29195e-07	1.1711e-06	2.88801e-06
1006		7.36547e-07	1.17231e-06	2.91046e-06
1007		7.43649e-07	1.1733e-06	2.9323e-06
1008		7.50501e-07	1.17402e-06	2.9533e-06
1009		7.57105e-07	1.17446e-06	2.9734e-06
1010		7.63462e-07	1.17463e-06	2.99259e-06
1011		7.69574e-07	1.17514e-06	3.01089e-06
1012		7.75441e-07	1.17539e-06	3.0283e-06
1013		7.81065e-07	1.17537e-06	3.04482e-06
1014		7.86448e-07	1.17509e-06	3.06047e-06
1015		7.91592e-07	1.17454e-06	3.07524e-06
1016		7.96497e-07	1.17407e-06	3.08915e-06
1017		8.01165e-07	1.17358e-06	3.1022e-06
1018		8.05599e-07	1.17283e-06	3.11439e-06
1019		8.09799e-07	1.17183e-06	3.12574e-06
1020		8.13768e-07	1.17057e-06	3.13626e-06
1021		8.17506e-07	1.16905e-06	3.14594e-06
1022		8.21017e-07	1.16772e-06	3.1548e-06
1023		8.24301e-07	1.16626e-06	3.16284e-06
1024		8.27361e-07	1.16454e-06	3.17008e-06
1025		8.30198e-07	1.16258e-06	3.17651e-06
1026		8.32814e-07	1.16038e-06	3.18215e-06
1027		8.35211e-07	1.15794e-06	3.187e-06
1028		8.37392e-07	1.15561e-06	3.19108e-06
1029		8.39368e-07	1.1532e-06	3.19438e-06
1030		8.41214e-07	1.15057e-06	3.19699e-06
1031		8.42848e-07	1.1477e-06	3.1991e-06
1032		8.44272e-07	1.1446e-06	3.20045e-06
1033		8.45488e-07	1.14128e-06	3.20107e-06
1034		8.46498e-07	1.13786e-06	3.20095e-06
1035		8.47305e-07	1.13457e-06	3.2001e-06
1036		8.4791e-07	1.13106e-06	3.19854e-06
1037		8.48315e-07	1.12733e-06	3.19628e-06
1038		8.48524e-07	1.12339e-06	3.19331e-06
1039		8.48537e-07	1.11924e-06	3.18965e-06
1040		8.48357e-07	1.11488e-06	3.18531e-06
1041		8.47987e-07	1.11062e-06	3.18029e-06
1042		8.47428e-07	1.10629e-06	3.17461e-06
1043		8.46684e-07	1.10177e-06	3.16828e-06
1044		8.45755e-07	1.09704e-06	3.1613e-06
1045		8.44645e-07	1.09212e-06	3.15368e-06
1046		8.43356e-07	1.087e-06	3.14543e-06
1047		8.4189e-07	1.08174e-06	3.13656e-06
1048		8.4025e-07	1.07667e-06	3.12708e-06
1049		8.38437e-07	1.0714e-06	3.117e-06
1050		8.36454e-07	1.06596e-06	3.10632e-06
1051		8.34305e-07	1.06033e-06	3.09506e-06
1052		8.3199e-07	1.05453e-06	3.08323e-06
1053		8.29512e-07	1.04855e-06	3.07083e-06
1054		8.26875e-07	1.0424e-06	3.05788e-06
1055		8.24079e-07	1.03609e-06	3.04438e-06
1056		8.21129e-07	1.02961e-06	3.03049e-06
1057		8.1803e-07	1.02297e-06	3.01621e-06
1058		8.1486e-07	1.01617e-06	3.00141e-06
1059		8.11541e-07	1.00922e-06	2.98609e-06
1060		8.08076e-07	1.00212e-06	2.97027e-06
1061		8.04466e-07	9.94878e-07	2.95396e-06
1062		8.00714e-07	9.87652e-07	2.93716e-06
1063		7.96824e-07	9.80875e-07	2.91989e-06
1064		7.92796e-07	9.73951e-07	2.90215e-06
1065		7.88635e-07	9.66886e-07	2.88395e-06
1066		7.84342e-07	9.5968e-07	2.8653e-06
1067		7.79919e-07	9.52593e-07	2.84622e-06
1068		7.75369e-07	9.4544e-07	2.82671e-06
1069		7.70696e-07	9.38153e-07	2.80677e-06
1070		7.659e-07	9.30736e-07	2.78643e-06
1071		7.60985e-07	9.23192e-07	2.76569e-06
1072		7.55953e-07	9.15524e-07	2.74455e-06
1073		7.50806e-07	9.07818e-07	2.72303e-06
1074		7.45547e-07	9.00219e-07	2.70114e-06
1075		7.40179e-07	8.92502e-07	2.67888e-06
1076		7.34704e-07	8.8467e-07	2.65627e-06
1077		7.29124e-07	8.76726e-07	2.63331e-06
1078		7.23442e-07	8.68673e-07	2.61008e-06
1079		7.17661e-07	8.60514e-07	2.58675e-06
1080		7.11782e-07	8.5253e-07	2.5631e-06
1081		7.05855e-07	8.44461e-07	2.53913e-06
1082		6.99876e-07	8.36291e-07	2.51486e-06
1083		6.93806e-07	8.28025e-07	2.4903e-06
1084		6.87647e-07	8.19664e-07	2.46545e-06
1085		6.81402e-07	8.11212e-07	2.44032e-06
1086		6.75073e-07	8.02928e-07	2.41492e-06
1087		6.68663e-07	7.94582e-07	2.38927e-06
1088		6.62173e-07	7.86151e-07	2.36336e-06
1089		6.55607e-07	7.77637e-07	2.33721e-06
1090		6.48967e-07	7.69044e-07	2.31083e-06
1091		6.42255e-07	7.60435e-07	2.28422e-06
1092		6.35473e-07	7.51961e-07	2.2574e-06
1093		6.28624e-07	7.43413e-07	2.23037e-06
1094		6.2171e-07	7.34793e-07	2.20314e-06
1095		6.14733e-07	7.26105e-07	2.17595e-06
1096		6.07696e-07	7.1735e-07	2.14867e-06
1097		6.00601e-07	7.08776e-07	2.12121e-06
1098		5.93527e-07	7.00156e-07	2.09358e-06
1099		5.86421e-07	6.91476e-07	2.06579e-06
1100		5.79261e-07	6.82737e-07	2.03784e-06
1101		5.72052e-07	6.73949e-07	2.00975e-06
1102		5.64794e-07	6.65355e-07	1.98152e-06
1103		5.57491e-07	6.56708e-07	1.95317e-06
1104		5.50144e-07	6.48009e-07	1.92469e-06
1105		5.42755e-07	6.39262e-07	1.8961e-06
1106		5.35327e-07	6.30597e-07	1.8675e-06
1107		5.27862e-07	6.22005e-07	1.83907e-06
1108		5.20362e-07	6.1337e-07	1.81055e-06
1109		5.12866e-07	6.04693e-07	1.78194e-06
1110		5.05416e-07	5.9609e-07	1.75325e-06
1111		4.97935e-07	5.87575e-07	1.72448e-06
1112		4.90426e-07	5.79024e-07	1.69565e-06
1113		4.82891e-07	5.7044e-07	1.66677e-06
1114		4.75332e-07	5.62053e-07	1.63795e-06
1115		4.67751e-07	5.53634e-07	1.60939e-06
1116		4.60149e-07	5.45207e-07	1.58078e-06
1117		4.52579e-07	5.36953e-07	1.55214e-06
1118		4.45074e-07	5.28671e-07	1.52347e-06
1119		4.37553e-07	5.20514e-07	1.49478e-06
1120		4.30018e-07	5.12397e-07	1.46642e-06
1121		4.22471e-07	5.04415e-07	1.43815e-06
1122		4.14913e-07	4.96515e-07	1.40989e-06
1123		4.07436e-07	4.88781e-07	1.38162e-06
1124		4.0001e-07	4.81368e-07	1.3536e-06
1125		3.92578e-07	4.74434e-07	1.32583e-06
1126		3.85142e-07	4.67718e-07	1.29807e-06
1127		3.77721e-07	4.61138e-07	1.27033e-06
1128		3.7044e-07	4.5466e-07	1.24301e-06
1129		3.63157e-07	4.48265e-07	1.21582e-06
1130		3.55874e-07	4.41978e-07	1.18866e-06
1131		3.48628e-07	4.35735e-07	1.16184e-06
1132		3.41515e-07	4.29546e-07	1.13526e-06
1133		3.34406e-07	4.23446e-07	1.10873e-06
1134		3.27301e-07	4.17388e-07	1.08264e-06
1135		3.20308e-07	4.11396e-07	1.05672e-06
1136		3.13384e-07	4.05506e-07	1.03087e-06
1137		3.06469e-07	3.99687e-07	1.00557e-06
1138		2.99627e-07	3.93954e-07	9.8033e-07
################################################################################
                           -*- Saving Results -*-
################################################################################
