124.211429566847
 124.23696262957
  124.3665937194
124.676727043093
 125.14635633097
125.788149848106
126.605752910222
127.607906304095
128.803950353759
130.206168626118
131.825906194725
133.659730286899
135.692368583595
137.909891258396
140.295676301996
142.830733474857
145.492623481833
148.254860015827
 151.08581323779
153.961328364274
156.888280263959
159.879929453224
162.950139941956
166.115223073828
169.393771914558
172.807092680735
176.379765695528
180.138963914834
184.106712225434
188.296081975914
192.722572767068
197.403104819305
202.356547735613
207.603954713278
213.168938412366
219.078144390206
225.360424602851
232.042283659942
239.150152278352
 246.71358147039
254.765275778584
263.341793920276
272.484389109285
282.240270426953
292.663378275187
303.803543855827
315.680952793865
328.305113720618
341.675371711451
355.775731321342
370.567540855008
385.977694269033
 401.87847897864
418.060463385964
434.343812441319
 450.66129449026
 466.95695655686
483.176241704863
499.266251695867
515.177125870007
547.462634018422
563.259558255302
578.235114035137
592.772834386078
606.933382242328
620.724549546994
634.141012288693
647.174485524986
659.817055745298
 672.06202516837
683.877859499764
695.202384650337
 705.99156507124
716.217112153482
725.861314075654
734.913564432092
743.367920474244
751.221307746546
  758.4784205489
765.203952669184
771.484801867826
777.393821569074
782.992613714134
788.333869844582
 793.46307851089
798.419792291422
803.238571983013
807.941426552322
812.525067603965
816.983030659043
821.309922074859
825.501262651417
 829.55334822951
833.463125548314
 837.22808165824
840.846666008439
844.327879887963
847.689226174459
850.946961210145
854.115907148238
854.116284588778