0.00049156353827317
0.00199771207381309
  0.003503860609353
0.00501000914489292
0.00651615768043283
0.00802230621597275
0.00952845475151266
 0.0110346032870526
 0.0125407518225925
 0.0140469003581324
 0.0155530488936723
 0.0170591974292122
 0.0185653459647522
 0.0200714945002921
  0.021577643035832
 0.0230837915713719
 0.0245899401069118
 0.0260960886424517
 0.0276022371779916
 0.0291083857135316
 0.0306145342490715
 0.0321206827846114
 0.0336268313201513
 0.0351329798556912
 0.0366391283912311
  0.038145276926771
  0.039651425462311
 0.0411575739978509
 0.0426637225333908
 0.0441698710689307
 0.0456760196044706
 0.0471821681400105
 0.0486883166755505
 0.0501944652110904
 0.0517006137466303
 0.0532067622821702
 0.0547129108177101
   0.05621905935325
   0.05772520788879
 0.0592313564243299
 0.0607375049598698
 0.0622436534954097
 0.0637498020309496
 0.0652559505664895
 0.0667620991020294
 0.0682682476375693
 0.0697743961731093
 0.0712805447086492
 0.0727866932441891
  0.074292841779729
 0.0757989903152689
 0.0773051388508088
 0.0788112873863488
 0.0803174359218887
 0.0818235844574286
 0.0833297329929685
 0.0848358815285084
 0.0863420300640483
 0.0878481785995882
 0.0893543271351282
 0.0908604756706681
  0.092366624206208
 0.0938727727417479
 0.0953789212772878
 0.0968850698128277
 0.0983912183483677
 0.0998973668839076
  0.101403515419447
  0.102909663954987
  0.104415812490527
  0.105921961026067
  0.107428109561607
  0.108934258097147
  0.110440406632687
  0.111946555168227
  0.113452703703767
  0.114958852239307
  0.116465000774847
  0.117971149310387
  0.119477297845926
  0.120983446381466
  0.122489594917006
  0.123995743452546
  0.125501891988086
  0.127008040523626
  0.128514189059166
  0.130020337594706
  0.131526486130246
  0.133032634665786
  0.134538783201326
  0.136044931736866
  0.137551080272405
  0.139057228807945
  0.140563377343485
  0.142069525879025
  0.143575674414565
  0.145081822950105
  0.146587971485645
  0.148094120021185
  0.149600268556725
  0.151106417092265