1.612900000000000444e-03
1.612659037089737759e-03
1.611935578023071134e-03
1.610730866918458565e-03
1.609046147894357612e-03
1.606882855906659364e-03
1.604243236966944536e-03
1.601129886229395605e-03
1.597545984645676754e-03
1.593495014062524043e-03
1.588981090932765818e-03
1.584008641075549013e-03
1.578582696970043560e-03
1.572708591664953061e-03
1.566392254165727745e-03
1.559639908736790712e-03
1.552458357085577303e-03
1.544854688540779749e-03
1.536836550370376418e-03
1.528411869126219914e-03
1.519589107115086992e-03
1.510376996440012005e-03
1.500784780694011840e-03
1.490821962760837662e-03
1.480498530669928587e-03
1.469824720190908429e-03
1.458811223989232506e-03
1.447468969895739392e-03
1.435809312620750598e-03
1.423843828452227766e-03
1.411584488933335458e-03
1.399043472602379528e-03
1.386233320183003328e-03
1.373166763837606764e-03
1.359856863567544729e-03
1.346316854307728905e-03
1.332560263382849813e-03
1.318600775626291993e-03
1.304452331886882992e-03
1.290129012211173147e-03
1.275645115542081275e-03
1.261015060861298519e-03
1.246253448365263437e-03
1.231374978325129599e-03
1.216394494165540718e-03
1.201326918664431158e-03
1.186187279494976864e-03
1.170990662257545036e-03
1.155752219173832637e-03
1.140487138319682238e-03
1.125210636281749263e-03
1.109937942843607301e-03
1.094684278528351273e-03
1.079464853882363502e-03
1.064294832931161243e-03
1.049189346106244860e-03
1.034163440735435613e-03
1.019232106569134284e-03
1.004410214509624758e-03
9.897125536145242458e-04
9.751537593414406164e-04
9.607483608389764127e-04
9.465107000431789317e-04
9.324549880106575411e-04
9.185952162510139726e-04
9.049452208128370805e-04
8.915185872714685407e-04
8.783287212471077706e-04
8.653887484894945891e-04
8.527115904883586506e-04
8.403098611062405875e-04
8.281959459348343629e-04
8.163818969224777245e-04
8.048795141365397551e-04
7.937002398197071096e-04
7.828552412347580250e-04
7.723553055395469651e-04
7.622109224286416438e-04
7.524321812316194825e-04
7.430288520815943711e-04
7.340102863790890636e-04
7.253854953642413202e-04
7.171630558007834185e-04
7.093511845700768790e-04
7.019576484648214600e-04
6.949898346129291388e-04
6.884546739241404704e-04
6.823587034092161701e-04
6.767079728199914710e-04
6.715081080625760540e-04
6.667643187239849500e-04
6.624814278040441718e-04
6.586635470848735841e-04
6.553141860117018581e-04
6.524372062291718295e-04
6.500366349383081971e-04
6.481129205838595270e-04
6.466636634892929244e-04
6.456973586147995124e-04
6.452286158064327254e-04
6.451717933492442025e-04
6.453460794602559588e-04
6.456651932180299197e-04
6.461424595834251846e-04
6.467844584304057983e-04
6.475862254635982203e-04
6.485450257515170671e-04
6.496610524250563201e-04
6.509337280788930974e-04
6.523614740085922079e-04
6.539427248656219747e-04
6.556759818198777722e-04
6.575595617474385476e-04
6.595915603888600522e-04
6.617699465237335092e-04
6.640925488496199651e-04
6.665570610724621051e-04
6.691610187691092448e-04
6.719018319110422544e-04
6.747767620817522825e-04
6.777829506603458374e-04
6.809173937556516325e-04
6.841769741520143614e-04
6.875584351767414365e-04
6.910584137424315198e-04
6.946734132740550955e-04
6.983998380461909749e-04
7.022339656406101404e-04
7.061719819780940119e-04
7.102099537021373940e-04
7.143438634961700624e-04
7.185695828298169175e-04
7.228829070823557289e-04
7.272795290904932606e-04
7.317550736042830991e-04
7.363050720836706621e-04
7.409249960035517793e-04
7.456102333477266243e-04
7.503561202796591540e-04
7.551579197804806276e-04
7.600108512048419458e-04
7.649100715032085664e-04
7.698507021897116331e-04
7.748278135784786346e-04
7.798364487020815724e-04
7.848716109770540253e-04
7.899282846274548143e-04
7.950014261761173323e-04
8.000859809478692332e-04
8.051768787605828592e-04
8.102690461065606984e-04
8.153574063912777869e-04
8.204368874191819922e-04
8.255024264983258989e-04
8.305489728881439247e-04
8.355714980551805530e-04
8.405649927750435133e-04
8.455244827884216040e-04
8.504450202871000368e-04
8.553217051806940360e-04
8.601496707370580655e-04
8.649241106289612749e-04
8.696402585420973195e-04
8.742934211276166649e-04
8.788789514359098042e-04
8.833922878558487374e-04
8.878289212792026767e-04
8.921844400610009530e-04
8.964544908674599395e-04
9.006348296444452494e-04
9.047212761507426133e-04
9.087097708735836655e-04
9.125963232985797495e-04
9.163770746630777071e-04
9.200482400636360953e-04
9.236061768899766176e-04
9.270473209202796791e-04
9.303682602313375575e-04
9.335656654800039179e-04
9.366363690383621744e-04
9.395772897087398875e-04
9.423855167901254611e-04
9.450582295135931659e-04
9.475927856951922058e-04
9.499866362455968924e-04
9.522374180552431846e-04
9.543428638883182536e-04
9.563008989900149059e-04
9.581095470251832459e-04
9.597670303109216748e-04
9.612716713541742718e-04
9.626219948818923481e-04
9.638166287431320376e-04
9.648544123223148699e-04
9.657342853022194513e-04
9.664553826314522004e-04
9.670169556394859599e-04
9.674185260076903665e-04
9.676596790299128639e-04
9.677399999999999197e-04
