0.000000000000000000e+00
1.276381909547738818e-03
2.552763819095477636e-03
3.829145728643216454e-03
5.105527638190955272e-03
6.381909547738694524e-03
7.658291457286432909e-03
8.934673366834171293e-03
1.021105527638191054e-02
1.148743718592964980e-02
1.276381909547738905e-02
1.404020100502512657e-02
1.531658291457286582e-02
1.659296482412060333e-02
1.786934673366834259e-02
1.914572864321608184e-02
2.042211055276382109e-02
2.169849246231156034e-02
2.297487437185929959e-02
2.425125628140703885e-02
2.552763819095477810e-02
2.680402010050251388e-02
2.808040201005025313e-02
2.935678391959799238e-02
3.063316582914573163e-02
3.190954773869347089e-02
3.318592964824120667e-02
3.446231155778894939e-02
3.573869346733668517e-02
3.701507537688442789e-02
3.829145728643216368e-02
3.956783919597990640e-02
4.084422110552764218e-02
4.212060301507537796e-02
4.339698492462312068e-02
4.467336683417085647e-02
4.594974874371859919e-02
4.722613065326633497e-02
4.850251256281407769e-02
4.977889447236181347e-02
5.105527638190955619e-02
5.233165829145729198e-02
5.360804020100502776e-02
5.488442211055277048e-02
5.616080402010050626e-02
5.743718592964824898e-02
5.871356783919598477e-02
5.998994974874372749e-02
6.126633165829146327e-02
6.254271356783920599e-02
6.381909547738694177e-02
6.509547738693467755e-02
6.637185929648241334e-02
6.764824120603016300e-02
6.892462311557789878e-02
7.020100502512563456e-02
7.147738693467337034e-02
7.275376884422110613e-02
7.403015075376885579e-02
7.530653266331659157e-02
7.658291457286432735e-02
7.785929648241206313e-02
7.913567839195981279e-02
8.041206030150754858e-02
8.168844221105528436e-02
8.296482412060302014e-02
8.424120603015075592e-02
8.551758793969850558e-02
8.679396984924624137e-02
8.807035175879397715e-02
8.934673366834171293e-02
9.062311557788946259e-02
9.189949748743719837e-02
9.317587939698493416e-02
9.445226130653266994e-02
9.572864321608040572e-02
9.700502512562815538e-02
9.828140703517589116e-02
9.955778894472362694e-02
1.008341708542713627e-01
1.021105527638191124e-01
1.033869346733668482e-01
1.046633165829145840e-01
1.059396984924623197e-01
1.072160804020100555e-01
1.084924623115578052e-01
1.097688442211055410e-01
1.110452261306532767e-01
1.123216080402010125e-01
1.135979899497487483e-01
1.148743718592964980e-01
1.161507537688442337e-01
1.174271356783919695e-01
1.187035175879397053e-01
1.199798994974874550e-01
1.212562814070351908e-01
1.225326633165829265e-01
1.238090452261306623e-01
1.250854271356784120e-01
1.263618090452261478e-01
1.276381909547738835e-01
1.289145728643216193e-01
1.301909547738693551e-01
1.314673366834170909e-01
1.327437185929648267e-01
1.340201005025125625e-01
1.352964824120603260e-01
1.365728643216080618e-01
1.378492462311557976e-01
1.391256281407035333e-01
1.404020100502512691e-01
1.416783919597990049e-01
1.429547738693467407e-01
1.442311557788944765e-01
1.455075376884422123e-01
1.467839195979899758e-01
1.480603015075377116e-01
1.493366834170854474e-01
1.506130653266331831e-01
1.518894472361809189e-01
1.531658291457286547e-01
1.544422110552763905e-01
1.557185929648241263e-01
1.569949748743718621e-01
1.582713567839196256e-01
1.595477386934673614e-01
1.608241206030150972e-01
1.621005025125628329e-01
1.633768844221105687e-01
1.646532663316583045e-01
1.659296482412060403e-01
1.672060301507537761e-01
1.684824120603015118e-01
1.697587939698492754e-01
1.710351758793970112e-01
1.723115577889447469e-01
1.735879396984924827e-01
1.748643216080402185e-01
1.761407035175879543e-01
1.774170854271356901e-01
1.786934673366834259e-01
1.799698492462311616e-01
1.812462311557789252e-01
1.825226130653266610e-01
1.837989949748743967e-01
1.850753768844221325e-01
1.863517587939698683e-01
1.876281407035176041e-01
1.889045226130653399e-01
1.901809045226130757e-01
1.914572864321608114e-01
1.927336683417085750e-01
1.940100502512563108e-01
1.952864321608040465e-01
1.965628140703517823e-01
1.978391959798995181e-01
1.991155778894472539e-01
2.003919597989949897e-01
2.016683417085427255e-01
2.029447236180904612e-01
2.042211055276382248e-01
2.054974874371859606e-01
2.067738693467336963e-01
2.080502512562814321e-01
2.093266331658291679e-01
2.106030150753769037e-01
2.118793969849246395e-01
2.131557788944723753e-01
2.144321608040201110e-01
2.157085427135678468e-01
2.169849246231156104e-01
2.182613065326633461e-01
2.195376884422110819e-01
2.208140703517588177e-01
2.220904522613065535e-01
2.233668341708542893e-01
2.246432160804020250e-01
2.259195979899497608e-01
2.271959798994974966e-01
2.284723618090452602e-01
2.297487437185929959e-01
2.310251256281407317e-01
2.323015075376884675e-01
2.335778894472362033e-01
2.348542713567839391e-01
2.361306532663316748e-01
2.374070351758794106e-01
2.386834170854271464e-01
2.399597989949749099e-01
2.412361809045226457e-01
2.425125628140703815e-01
2.437889447236181173e-01
2.450653266331658531e-01
2.463417085427135889e-01
2.476180904522613246e-01
2.488944723618090604e-01
2.501708542713568240e-01
2.514472361809045320e-01
2.527236180904522955e-01
2.540000000000000036e-01
