887141.099121668
887141.050537937
887141.246666433
887140.807835299
887141.692213704
887139.958512774
 887143.33030659
887136.787963672
887149.473423767
887124.881718744
887208.211244712
887240.362167873
887296.748171214
887335.029995513
887381.722731369
887421.399205033
887464.179010111
887504.239005332
887548.341041706
 887588.89444913
887640.322019852
887681.088491472
887756.044122321
887800.682027866
 887933.92547475
887919.470146987
887767.391092173
887679.050079632
887536.991363227
887407.383898679
887253.895484895
887086.142401592
886905.901992764
886704.468652784
886480.172344108
886238.626559954
885963.206569048
885661.481205859
885330.048769784
884947.386129623
884534.040134893
 884064.31078445
883531.030696545
882942.764444106
882265.188022725
881500.886908284
880639.845087165
879635.413035952
878503.786699483
877195.505722984
875664.487885051
873910.740418442
871840.656507182
869398.478834864
 866533.04118333
 863067.19603802
858921.747596446
853874.024655359
 847596.14012174
839781.387211579
830000.578215691
813905.507517738
793559.307601903
772626.509985813
750321.055905183
726712.011897129
701835.787202699
675725.217928352
648436.923339069
 620012.27613997
590203.086987716
534108.134852614
504652.324872881
475275.022488066
448099.298612372
  425930.7355602
406898.987972434
  390080.6829333
374942.832906848
361150.234270621
348460.988496537
336706.130512892
325756.216529727
315504.720557622
305875.876403315
 296801.53163832
288225.611172126
280100.245795994
272385.414951207
265045.464224586
 258053.79738444
   251381.559044
245006.139821468
238904.525328988
233057.326195929
227451.779135946
222071.597470868
216901.815146775
211930.548667106
207144.947412396
202535.879531143
198094.061918971
193810.198251725
189675.394367781
 185682.35462538
181822.316512625
178092.039052131
174482.790087788
170990.778849348
167608.736541752
164331.509001958
161153.721254775
158073.665101837
155087.284833459
152189.319322048
149376.063812296
146642.943153881
143988.842982806
141409.529259125
138902.045679291
136463.244170277
134090.012815867
131781.350909156
129534.304481177
127346.461323682
125214.397541095
123137.226755739
121114.060173784
119142.454010362
117220.199044936
115345.591207215
113517.003167773
111732.173331758
109990.913129616
108291.109807794
 106631.51523511
105010.825395602
 103427.79101984
101880.601706996
100368.528911829
98890.7353485714
97446.8760227979
96035.1511757356
94654.0381624443
93303.7069708171
91982.6969191668
90690.1153971354
 89425.021410031
88186.3430390322
86974.0628521632
85787.1721406233
84624.8745891213
84580.6613671334
180666.484352649
286161.469758387
271894.527061223
274582.122551477
275086.400195988
 275846.07183851
276536.927019797
277204.839858584
  277847.5537335
278464.537448764
279058.238081885
279629.786758889
280179.566264423
280710.975405882
281221.623634809
281715.008451474
282192.287130073
282651.672139025
283095.411386815
283525.126472339
283939.752281763
284340.867589742
284729.108092893
285104.186563641
285468.672567999
285820.734136957
286162.001478396
286492.776064439
286812.787693713
287123.411483934
287426.393117158
287718.607624508
288002.601041345
288278.313269111
288545.325001701
288806.032018783
289058.427442676
289303.904115612
289542.491469156
289774.183994766
289999.834108996
290219.450518616
290432.393420044
290640.423360919
 290839.59314287
291056.853502522
291135.090121463
291929.707501125