 1.29799043763261
 1.29799036691369
 1.29799065340229
 1.29799001211652
 1.29799130464065
 1.29798877075041
  1.2979936988384
 1.29798413676919
 1.29800267742664
 1.29796673497798
 1.29808836046329
 1.29813426782359
 1.29821496078558
  1.2982683670284
 1.29833329134295
 1.29838706399537
  1.2984444301688
 1.29849675413965
 1.29855379273925
 1.29860427213393
 1.29866905568547
 1.29871637300853
 1.29881138952525
  1.2988592316757
 1.29903297404249
 1.29898639463134
 1.29873587049542
 1.29857639809885
 1.29833551684705
 1.29810996980226
 1.29784611517199
 1.29755775245589
 1.29724702457179
 1.29690068922226
 1.29651580442582
 1.29609992530325
 1.29562800175759
 1.29511034482431
 1.29454093054606
 1.29388723686427
 1.29317809053888
 1.29237425865243
 1.29146366565558
 1.29045675090675
 1.28930082024656
 1.28799697795985
 1.28652699697373
 1.28481867104932
   1.282890995989
 1.28066536259032
 1.27806752272777
 1.27508875463388
 1.27158088568377
 1.26744942033685
 1.26260226430217
 1.25675853304641
 1.24977538777826
 1.24128959436068
 1.23077369525644
 1.21771431262875
 1.20138128384294
 1.17537946382491
 1.14293420285388
 1.10956211822107
 1.07411776886099
  1.0367442947242
 0.99753711289518
 0.95658793564253
0.914024818029732
0.869951183539192
0.824023553001771
0.737766614604928
0.692990934791095
0.648747008192564
0.608183001810888
0.575347054628281
0.547342033460176
   0.522738072026
0.500709588648695
0.480736539636305
0.462444698398836
   0.445572026815
0.429918002756516
0.415318394455546
0.401655378862475
0.388823881829643
0.376737495381527
0.365322643000407
0.354517800271739
0.344268402086317
0.334533211776905
0.325268421248428
0.316439407891595
0.308011422762248
0.299955112127061
0.292250549588892
0.284873222744695
0.277800689442313
0.271014943935944
0.264496854253615
0.258232523636838
0.252207990292208
0.246409409646265
0.240823608564434
0.235439684718384
0.230244862837774
0.225233880859413
 0.22039417612905
0.215719890256326
0.211200575485252
0.206828680930156
0.202596420548696
0.198500935045936
0.194536278627368
0.190694953950902
0.186971572764195
0.183359636032677
0.179857248857073
0.176458426659311
0.173158902439906
0.169954185357285
0.166839860242656
0.163814302468301
0.160873345922677
0.158013556490524
0.155230201177708
0.152521877970661
0.149887191047951
0.147322733433667
0.144825421012868
0.142392840954832
0.140022692806711
0.137711867987761
 0.13545995163191
0.133264049036099
0.131122394158637
0.129033157895342
0.126994590554748
0.125004229730645
0.123061013178494
0.121163744503281
0.119311863910198
0.117502952440269
 0.11573495578664
0.114007991100576
0.112320094190363
0.110670033447016
0.109056520812224
0.107478106836172
0.105934689248943
0.104424906850139
0.102947673458618
0.103372892733378
0.254735999218434
0.414134809681467
0.392859317051756
0.396995476495873
0.397854093467073
0.399091796362314
0.400222920475465
0.401316401327147
0.402368921947112
0.403379873472422
0.404353055406524
 0.40529028520955
0.406192303394581
0.407064223618207
 0.40790266394682
0.408712933715837
0.409496787982738
0.410251712341205
0.410981167933596
0.411687611412939
0.412369565266026
0.413029462907253
0.413668316058941
0.414285802804682
0.414885758105367
0.415465547748826
0.416027660203994
0.416572598442935
0.417100049952654
0.417612113212245
0.418111351753419
0.418593226350147
0.419061568545971
0.419516329386599
0.419956964055067
 0.42038702108477
0.420803582933292
0.421208756030673
0.421602619335246
0.421985212478706
 0.42235782372973
0.422720488365312
 0.42307231740467
0.423415926584497
 0.42374562955955
0.424100434368289
0.424252905702648
 0.42519988223784