832.847546911502
832.847547580666
 832.84754671804
  832.8475481402
832.847545527269
832.847550509467
832.847540899486
832.847559500097
 832.84752345985
832.847593310209
832.847051580392
832.844972781708
832.841659460353
 832.83688219851
832.830659970037
 832.82281300497
832.813229891362
832.801698273771
832.787968292903
 832.77173200987
832.752552983486
832.729949371373
832.703092267562
832.671069753643
832.632213529812
832.585585618859
832.534165471593
832.478708417589
832.418050331793
832.352085766725
832.279903571707
832.201004464196
832.114540762426
832.019566829884
831.915150222316
 831.80007017671
831.672950713274
831.532369540837
831.376362943564
831.202952558823
831.009843474612
830.793911050161
830.552113948779
830.280498241747
829.974245998044
829.628207894309
829.235479661007
828.788194829977
828.277227671255
827.690103276465
827.012958859531
826.228296959658
825.312777899338
824.239260478548
822.971383157591
821.461082841037
819.648460509275
817.447111004812
814.740885810014
 811.36778771288
807.066527254708
801.526448889911
795.060703640518
788.032701680579
780.326277434226
771.930723460622
 762.82718735822
752.992632576861
742.403050205472
 731.01819246596
718.657110473504
691.802428447527
676.921397290029
661.656553141572
 647.09525795321
634.835266001642
624.010489757475
614.195505900854
605.146504255529
596.712299616715
588.783054386883
581.283591675898
574.156492649056
567.353629166692
560.842836933668
554.593945055777
  548.5823146665
542.786798779706
 537.18995168128
531.775922300705
526.534186150593
521.451498810875
516.518279503997
511.723772211059
 507.05919969152
502.520378014489
498.099809385277
493.790473650083
489.587375673936
485.484267152353
481.477628219779
477.563489658511
473.737538834947
 469.99548549313
466.334169249933
462.748818185583
459.239491101268
455.800970680902
452.432436971723
449.129582462727
445.889897593054
442.710469454147
439.591878284971
436.532286680457
433.528473687908
430.578639228149
427.679935077835
424.833029767667
422.035215679372
419.285015976686
416.580638621428
413.920216921445
411.304148279826
408.730590063648
406.198212372559
403.704421880664
401.249471314509
398.833595166597
396.455145283994
 394.11266435401
391.805230264863
389.531955919711
387.291104731542
385.083465667082
 382.90738812781
380.762249478869
 378.64731208674
376.561864063981
374.504406867674
372.474814310375
370.472793737225
368.498696448957
366.550874146224
364.627987479459
362.731001758832
360.858603854671
359.010229158219
357.185211422885
355.382659645439
353.603181369686
351.845933634613
350.110349268574
363.382258117252
743.100065570894
806.668029097666
802.817667101796
804.353634528973
805.138202602533
805.977281061043
806.769176812404
807.530049774563
808.260073345323
808.960669154642
809.633782798647
810.280856416682
810.903340061428
 811.50265065425
812.079572848109
812.635768008931
813.171917871257
813.688709527435
814.187513713501
814.669113382101
815.134081147977
815.583395801787
816.017715189492
816.437727351868
816.844141717276
817.237234317207
817.617800342019
817.986310663805
818.343320066411
818.689481515488
819.025011356316
819.350019649705
819.665308264821
819.971160019986
820.268008367639
820.556260189119
820.835986424691
821.107685481562
821.371607433263
821.628065472465
 821.87736552578
822.119672047413
 822.35526333406
822.584461752896
822.807660875478
823.023419145126
823.240265021673
 823.88391307457