4921567.69401866
4921567.42449201
4921568.51254852
4921566.07805737
4921570.98429851
4921561.36629466
4921580.07190023
4921543.77712863
4921614.15189834
4921477.72518886
 4921940.0100535
4922118.37282454
4922431.18386743
4922643.55886607
4922902.59484189
4923122.70689753
4923360.03521748
4923582.27492487
4923826.93855014
4924051.91554651
 4924337.2188324
4924563.37783901
4924979.20708152
 4925226.8435331
4925966.03445127
4925885.84103647
4925042.15634655
 4924552.0693989
 4923763.9742582
 4923044.9545768
4922193.45122581
4921262.81216942
4920262.89752884
 4919145.4114609
4917901.08914534
4916561.07240042
4915033.13267257
4913359.25937166
4911520.58097904
4909397.69422585
4907104.58629054
4904498.68200048
4901540.21907377
4898276.71095046
4894517.73931786
4890277.64754771
4885500.87008331
4879928.61067723
4873650.71911658
4866392.80558396
4857899.22103737
4848170.00560175
4836685.85938007
 4823137.4590782
4807240.95130848
4788013.57979281
4765015.99220783
4737012.88178965
4702185.23854549
4658831.55388646
4604570.83524409
4515280.66476456
4402406.62443328
4286278.33255869
4162534.99306928
4031559.76444814
3893554.63321656
3748701.76331767
3597315.25985344
3439624.64501503
3274253.04577134
2963056.65942541
2799645.49186605
2636669.85868027
2485907.86059387
2362923.94760824
2257342.05744289
2164039.62017482
2080059.79585959
2003542.98480011
 1933147.2133439
1867935.11872069
1807188.58926199
1750316.65373605
1696898.98616606
1646557.49924365
1598981.10676824
1553904.24607849
1511104.89624778
1470385.25829213
1431597.78504592
1394582.39629254
1359213.66260125
1325363.90770064
1292925.56572523
1261827.83015079
1231980.34783145
1203300.09201133
1175721.13695118
1149172.19163126
1123602.59553616
1098960.84904914
1075195.37921444
 1052256.8441421
1030104.77000578
1008690.54526496
987996.190040673
967973.261196365
948600.728782678
929838.267909945
911657.284973001
894027.961373334
876940.820586978
860373.362867506
844296.401205541
828689.382834374
813526.926321396
798802.849540848
784493.663428548
770582.967382552
757053.296926788
743887.388171286
731079.689522531
718613.813330066
706476.377454121
694648.387245628
683124.925372102
 671901.06109705
660963.237103968
650299.197362294
639899.488249266
629755.081875246
619853.431654167
610193.491464015
600763.540441404
591556.654364124
582565.598979541
573783.443750813
565200.145168254
556811.661501943
548613.347765204
540603.290042179
532771.503861805
525109.542089624
517618.347762683
 510289.81749832
503118.999387186
496100.673099528
489228.891981485
482503.559326173
475919.079148185
469471.033751606
463155.588821437
456965.987182426
450898.989373787
444959.862342682
439139.311141415
433434.132194828
427841.232186601
 422357.58616769
416977.795321044
411703.643618326
406530.439506807
401455.574220891
396476.524640482
391588.908357841
386794.282398573
382086.281838358
377464.073037125
372929.142830215
368476.156374043
364102.405699524
 359808.40793459
355590.673372274
351447.280092869
347376.740934197
343375.742161047
 339445.82049012
335583.735241891
331787.912253988
328056.823519714
324386.981585101
 320777.67767436
317232.148346833
313745.668970359
310316.919027898
306944.615190015
  303625.8536808
300362.434003404
297151.835001789
293992.909660771
290884.542358603
287824.976281796
284813.971787744
281850.902225952
278933.203776229
276059.891749387
273232.939255211
270448.825433583
267708.883152879
267708.883152883