0.0577325720282734
0.0577325322421799
0.0577325835307967
0.0577324989741732
0.0577326543297124
0.0577323581056672
0.0577329294800262
0.0577318235504135
0.0577339663626341
0.0577298132610911
 0.057762015153944
0.0578854187219054
0.0580815664528826
0.0583632213500117
0.0587280471081681
 0.059184936922525
0.0597381861389754
0.0603972244814144
0.0611726651438834
0.0620771899555538
 0.063129005284325
0.0643466237628526
0.0657641537310933
0.0674154866451665
0.0693666127841078
0.0716381033021568
 0.074062599030544
0.0765917836403111
0.0792661800755105
0.0820761045377637
0.0850450544486317
0.0881765591793376
0.0914859325272155
0.0949889961541127
0.0986978321026861
 0.102631304557975
 0.106809228149785
 0.111248428929514
 0.115977639831723
 0.121019695018233
  0.12640035166723
 0.132160534463232
 0.138329610957266
 0.144950670829202
 0.152075521761869
 0.159749930766538
 0.168042936107454
 0.177024248103919
 0.186767448456689
 0.197383557540608
 0.208975909232902
 0.221673662147599
 0.235653510346248
 0.251092384873591
 0.268231240769409
 0.287378321989706
 0.308878404148958
  0.33324332733639
 0.361109989322021
 0.393317339281927
 0.431250827885265
   0.4761925671616
 0.524475231102955
 0.573140349802841
  0.62303106470355
 0.674194535022444
 0.726743878063678
 0.780824478637865
 0.836595209806071
 0.894307424669743
 0.954897600854662
  1.08122374866307
  1.14907083126049
  1.21764431742525
  1.28242242741798
  1.33668352338018
  1.38450122203079
  1.42786232395111
  1.46789840276018
  1.50530725386032
   1.5405911752642
  1.57409185602239
  1.60606800818865
  1.63673476210107
  1.66623428711074
  1.69469904645212
  1.72223621605397
  1.74893708712974
  1.77487613970141
  1.80012077449654
  1.82471382624524
  1.84871112920314
  1.87215168225343
  1.89508046592644
  1.91753352187188
   1.9395250418914
  1.96108541186174
   1.9822431379453
  2.00301716095674
  2.02343294278547
  2.04350271012684
  2.06324111525677
  2.08266480487361
  2.10179063288854
  2.12062996626549
   2.1392027623013
  2.15750416075851
  2.17555689677704
  2.19336094433038
  2.21093484934614
  2.22828795599516
  2.24543200888432
  2.26236001575705
  2.27907803194143
  2.29559989718762
  2.31193191706001
  2.32808641794809
  2.34405625486555
  2.35985321917395
   2.3754823971857
   2.3909508208984
  2.40626614196746
  2.42142305674446
   2.4364292371925
  2.45128954562768
  2.46601646536721
  2.48060584164749
  2.49505353525356
  2.50936668279233
   2.5235514578549
  2.53761093330422
  2.55154805898127
  2.56537113033285
  2.57907294003906
  2.59266140020898
  2.60613815634204
  2.61950563981569
  2.63276619376729
  2.64592728205295
  2.65898770656546
  2.67194733702357
  2.68480185122664
  2.69755997861341
  2.71022863120096
  2.72279958212823
  2.73527965942572
  2.74767083491504
  2.75997582962077
  2.77219897161445
  2.78433445464931
  2.79638633199418
  2.80835685792736
  2.82024746319903
  2.83206537054393
  2.84381154461886
  2.85547045651633
  2.86705477281691
  2.87856573223283
  2.89000453952087
  2.90137244385165
  2.91267585911713
  2.92390638806413
  2.93506923943483
  2.94616546745707
  2.95719609931832
  2.96816648715497
  2.97906887961449
  2.98991343573373
  3.00069805667532
  3.01141514818327
  3.02207312128734
  3.03267455668944
  3.04321434846392
  3.05369716134975
  3.06412404300189
  3.07449506932889
  3.08481510481538
  3.09507668539917
  3.10528466342717
  3.11543975654781
  3.12554266667956
   3.1355995646174
  3.14560929271216
  3.15555964377014
  3.16546047248037
  3.17531240896467
  3.18511607044602
  3.19487692673905
  3.20458678940431
  3.21425013431167
  3.22386753019004
  3.23343953442183
  3.24296878225346
  3.25245331243046
  3.26189235977644
  3.27129141234274
  3.28065112159718
  3.28996248683638
  3.29923443032552
  3.30846000211078
  3.30846000211076