1721193.36839294
 1721193.2759994
1721193.65411335
1721192.80667882
1721194.51522363
1721191.16546822
1721197.68047292
1721185.03918213
1721209.55044062
1721162.03350032
1721322.19469887
1721378.77327759
1721478.92680696
 1721539.8703937
1721613.09935306
1721668.18106722
 1721724.4371775
1721769.97728275
 1721817.2216542
1721850.58443267
1721896.82569527
1721912.82384334
1721983.26321976
1721980.46984628
1722130.44497704
1721972.25766902
  1721533.828156
1721207.77887048
1720763.10945933
1720327.84087827
1719829.00819188
1719283.88551161
1718693.57958531
 1718038.6157894
 1717313.2026853
1716524.86350248
1715637.62723001
1714662.27352553
1713586.84493684
1712364.30570671
1711028.19615218
1709520.30807422
1707818.60438656
1705928.99743848
1703772.23120598
 1701339.6137461
1698593.42942744
1695422.94265944
1691835.51899087
1687703.24777997
1682901.79641178
1677386.48913415
1670918.31876069
 1663323.0061803
1654413.09131614
1643733.84000968
1630993.59460644
1615568.72862074
 1596578.8682219
 1573098.1942422
1543770.92602121
1499990.87305398
 1446818.9164431
1392157.98064461
1334506.80674995
1274214.78750473
1211568.25500321
1146854.40368053
1080414.47932551
1012548.25292355
942874.764794241
812631.665044736
746893.114866011
683440.398246014
626606.874581895
581545.365145313
  543805.1947054
511191.267524706
482435.321683123
 456735.51509242
433518.631779269
412380.994874143
393014.498480832
375169.620433785
358663.700475446
343337.085083043
 329058.64800423
315717.407348988
303220.518869684
 291486.53220278
280451.956497337
270052.674087042
260236.925330809
250954.550880846
 242162.89220101
233830.777949441
225923.113478419
218408.072729686
211259.432946117
204450.572932707
 197961.03338496
191770.861268729
 185860.77678858
180212.705324419
174811.325559536
169639.868685005
  164689.3847755
159944.024729292
155394.836851627
151028.677266399
146835.496205252
142805.265425443
138932.828359275
135210.255798455
131628.365400275
128180.134325482
124857.683720207
121657.498132524
118572.439188192
 115597.07014952
112725.872590186
 109953.51477042
107277.233882152
104692.096553176
102193.910057938
99777.4468723478
97440.4492058129
95180.7043614213
 92994.333682132
90877.8095393683
 88828.237346297
86842.8719022809
84918.3509249286
83053.5973648435
81245.5177846222
79491.9982867526
77790.9122675039
76140.2358199844
 74537.410530472
72981.0418510274
71469.6519449404
70002.2898509142
68576.5604676853
67190.3975474994
65843.4576015363
64533.7918149577
63260.0490582073
 62020.857729908
60814.7465950576
59641.2889710026
58499.1145907504
57387.0823713623
56304.1725046012
55248.8885355024
54220.3569542248
53219.1464323807
52243.3810633752
51292.2330938095
50364.9077717501
49460.6356714029
48578.2735677906
47717.8656534444
46878.4069532096
46059.2455633753
45259.7543960666
44479.0214466398
43717.0904568072
42972.7557095759
42245.6997286657
41535.9708640694
40842.5573876464
40164.8709415125
39502.8279322272
38855.7328560865
38223.1403887745
37604.6780199926
36999.7039793137
36408.3139125468
35829.8880117273
 35264.064130977
34710.4924554399
34168.5403707416
33637.9924215584
 33119.210742991
32611.3952871814
32114.2509015378
31627.4920970347
31150.6056769725
30683.7566148741
30226.4933284142
29778.5653437951
29339.7301518078
 28909.658902334
28488.2391191622
28075.3058109517
27670.4283734751
27273.4001249872
 26884.422547996
26502.9433611084
26129.0785123847
26129.0785123853