 7.20082499990418
 7.20082460757877
 7.20082619692346
 7.20082263928046
 7.20082980978015
 7.20081575258855
 7.20084309200349
 7.20079004478142
 7.20089290226459
 7.20069350535426
 7.20136824363416
  7.2016229226041
 7.20207058067703
 7.20236686098639
 7.20272703977793
 7.20302535280753
  7.2033436015124
 7.20363387773206
 7.20395030916483
 7.20423035228119
 7.20458975016574
 7.20485225114644
 7.20537937160058
 7.20564478415139
  7.2066086497871
 7.20635024249951
 7.20496041680527
 7.20407571628152
 7.20273938614402
 7.20148812515492
 7.20002434625262
 7.19842460453269
 7.19670078820004
 7.19477943333411
 7.19264421878704
 7.19033705788977
 7.18771898092467
 7.18484719013294
 7.18168826657598
 7.17806178854527
 7.17412767744518
 7.16966828192431
 7.16461661079763
 7.15903057819993
 7.15261785422693
 7.14538456508869
 7.13722959296613
 7.12775236134112
 7.11705825269157
 7.10471116895877
 7.09029920590751
  7.0737739780341
 7.05431347223991
  7.0313934582754
 7.00450302723596
 6.97208392390574
 6.93334372554455
 6.88626732835876
 6.82792857102219
 6.75547940176611
 6.66486911790339
 6.52061955319144
 6.34062389254953
 6.15548651837815
 5.95885289953362
 5.75151712948877
 5.53400855091628
 5.30683595338611
 5.07070974436793
 4.82620368340275
 4.57141226077617
 4.09288707259679
  3.8444862945609
 3.59903550886356
 3.37399971292802
 3.19183665339173
 3.03647398606893
 2.89997928205942
 2.77777248514145
 2.66696856356942
  2.5654914310281
 2.47188738601093
 2.38504399755346
 2.30405016170198
 2.22825223484199
 2.15706730008337
 2.09001599433353
   2.026690139217
 1.96674841747173
  1.9098881197779
 1.85588047863789
 1.80448246111628
 1.75550199233848
 1.70874629656548
 1.66405252891752
 1.62131014428227
 1.58038315589164
 1.54114706205005
 1.50350197278856
 1.46734175020501
 1.43258929964366
 1.39916716565638
 1.36699854309286
 1.33601035172538
 1.30614210901404
 1.27732294195133
 1.24952365833745
 1.22267456468919
 1.19674316057933
 1.17167148528614
 1.14741764897384
 1.12393845723457
 1.10121804763833
 1.07922343486837
 1.05791302613108
 1.03725692917069
  1.0172190894761
0.997788994767988
0.978933444571096
0.960628766972537
0.942850048256981
 0.92557279451685
0.908787992850698
0.892472531038836
0.876607357736738
 0.86116621584613
0.846141327455818
0.831524949006554
0.817298179714007
0.803443909920577
0.789948754033205
0.776799949894409
 0.76398025211833
0.751487359164142
0.739305212169199
 0.72742401371375
0.715833616528022
0.704524313897943
0.693482445201927
0.682702117455849
0.672176693452783
 0.66190306763484
0.651867820411421
 0.64205955516224
0.632478921804077
0.623115023645874
 0.61396102812513
0.605009789517044
0.596253266749678
  0.5876908924631
0.579315115164193
0.571119909076422
0.563100012277581
0.555246477743043
0.547554846968063
0.540031445826653
0.532664164991668
0.525448634459252
0.518380639521271
0.511456067034268
 0.50466782535377
0.498017896229581
0.491500104563721
0.485110915755318
0.478846914944783
  0.4727023629317
0.466678994965194
0.460768604388015
0.454969943377561
0.449284676091375
0.443705922776907
0.438230110179991
0.432857708256718
0.427584180193348
0.422406959871703
0.417324031386657
0.412331106927221
 0.40742995599205
0.402616393770859
0.397888321284513
0.393243702954092
0.388678072580854
0.384190428288252
0.379784671100073
0.375454812203289
0.371199100194502
0.367015834457498
0.362901310956925
0.358857659206795
0.354881656726496
0.350971788622824
0.347126582667098
0.343343777977363
0.339622992853001
 0.33596336914568
0.332361660866872
 0.32881657655757
0.325330473499394
0.321898936362791
0.318523535680484
0.318523535680485