832.847546911502
832.847547580666
832.847546718039
832.847548140197
832.847545527265
832.847550509462
832.847540899479
832.847559500088
832.847523459838
832.847593310197
832.847051580379
832.844972781694
832.841659460337
832.836882198493
832.830659970019
832.822813004951
832.813229891343
832.801698273751
832.787968292882
832.771732009849
832.752552983466
 832.72994937135
832.703092267537
832.671069753616
832.632213529783
832.585585618829
832.534165471562
832.478708417556
832.418050331759
832.352085766691
 832.27990357167
832.201004464157
832.114540762385
832.019566829842
831.915150222275
831.800070176668
 831.67295071323
831.532369540792
831.376362943519
831.202952558778
831.009843474567
830.793911050115
830.552113948731
830.280498241699
829.974245997994
829.628207894259
829.235479660956
828.788194829926
828.277227671202
827.690103276411
827.012958859477
826.228296959603
825.312777899283
824.239260478492
822.971383157536
821.461082840983
819.648460509219
817.447111004756
814.740885809958
811.367787712824
807.066527254652
801.526448889855
795.060703640463
788.032701680524
780.326277434173
771.930723460569
762.827187358169
 752.99263257681
742.403050205422
731.018192465911
718.657110473458
691.802428447479
676.921397289982
661.656553141526
647.095257953166
634.835266001599
624.010489757433
614.195505900813
605.146504255488
596.712299616676
588.783054386845
581.283591675861
574.156492649021
567.353629166658
560.842836933634
554.593945055745
548.582314666468
542.786798779675
537.189951681251
531.775922300676
526.534186150566
521.451498810849
516.518279503971
511.723772211034
507.059199691496
502.520378014466
498.099809385254
493.790473650062
489.587375673915
485.484267152333
 481.47762821976
477.563489658492
 473.73753883493
469.995485493112
466.334169249916
462.748818185567
459.239491101251
455.800970680887
452.432436971709
449.129582462713
445.889897593041
442.710469454135
439.591878284958
436.532286680446
433.528473687898
430.578639228139
427.679935077825
424.833029767657
422.035215679363
419.285015976678
416.580638621421
413.920216921438
411.304148279818
408.730590063641
406.198212372553
403.704421880659
401.249471314504
398.833595166592
 396.45514528399
394.112664354006
391.805230264859
389.531955919708
 387.29110473154
385.083465667079
382.907388127808
380.762249478868
378.647312086739
 376.56186406398
374.504406867673
372.474814310375
370.472793737225
368.498696448957
366.550874146224
364.627987479459
362.731001758833
360.858603854671
 359.01022915822
357.185211422886
 355.38265964544
353.603181369687
351.845933634615
350.110349268576
348.395989083391
 346.70159257072
345.026814055653
343.373644996973
341.740065496647
340.125695430378
338.530165183881
336.953104605384
335.393438488052
333.852139681458
332.328305798629
330.821614123304
329.331750393351
327.857825466414
326.400713629119
324.958894128206
323.532493020183
322.122353284096
320.727209219261
319.346576740281
   317.980973465
316.629648705974
315.292328206272
313.968865506101
312.658509218345
 311.36207528039
310.078817711839
308.808519927365
307.550970338753
306.305284583503
305.071495480451
303.850986153369
302.642425438076
 301.44562458807
300.260399005627
299.085984154693
297.923260689432
296.771585932476
295.630790745657
  294.5007096078
293.380935623376
292.271604981081
291.172711607543
290.083525773775
289.003886978734
287.934742640823
286.874978310154
285.825300835326
285.825300835332