32.7952913988172
32.7952688112922
 32.795297929077
32.7952499242423
32.7953381233289
32.7951699497935
32.7954943327973
32.7948664698785
32.7960829960466
32.7937251800834
32.8120069639421
32.8820659522339
32.9934229016457
33.1533227970834
33.3604380415771
33.6198156893209
33.9338919151712
34.3080168744378
34.7482114575668
35.2616694178288
35.8587185290357
36.5498576161935
37.3544337341627
38.2916644377975
39.3989751767409
40.6880011775841
42.0637331423773
43.4987305957319
45.0159590078077
46.6098928603313
48.2938245764781
50.0697125640997
   51.9461909284
53.9321707204273
56.0344305563178
58.2635789214961
60.6307440230502
63.1453389931724
65.8234946118971
68.6779661517236
71.7231242151356
74.9818707082836
 78.470502211809
82.2129971035056
86.2381548985174
90.5712301007903
95.2504489779338
100.314189656291
 105.80273123039
111.777060910881
 118.29331800641
125.421491504784
133.257306481975
141.895304011301
151.464047513115
162.126995253421
174.064092886572
 187.54225186689
202.888340760588
 220.52600301016
241.152874040575
 265.36850257272
291.093802991131
316.694803366178
 342.57498706205
 368.70771385763
395.095693710818
 421.75148070251
448.686579746943
475.947183918851
503.878117615336
 559.77622619855
588.469222984336
616.516335018358
642.130126136048
662.928895940028
680.764846093603
696.542281513048
710.778192953435
723.794838782705
735.822205146953
747.019496418562
757.507442389094
767.384561367257
776.720000404734
785.575588754117
794.001735091451
802.041163221436
809.729243005033
817.097367531004
824.168254583031
830.967136313208
837.513300896171
843.826740702475
849.924074187112
855.815332344405
861.514377141112
867.033962044483
872.383831955719
877.574972594664
 882.61459942675
887.510244389263
892.269627982068
896.900214693944
901.407870655942
905.800263047516
 910.07898926501
914.251962487536
918.321612804812
922.294478150742
926.174803548879
929.967214813696
933.672095265195
937.292652958132
940.833651213005
944.298095279612
947.690151757154
951.009817033563
954.260987615912
957.446068782697
960.567783184499
963.628891086058
966.629513158114
969.572314785706
972.459334783199
975.294012057922
978.076515672218
980.807025005931
983.487828262795
986.120966778445
988.707853813972
991.249842165737
993.749210879789
996.205404027163
998.620569928775
1000.99569412342
1003.33187482498
1005.63016709036
1007.89247600864
1010.11918163981
1012.31083895493
1014.46729176542
1016.59055899616
1018.68230362579
1020.74167256256
 1022.7702826469
1024.76892646273
1026.73849733494
 1028.6801210993
1030.59330312563
1032.47910532507
1034.33828446948
1036.17145307582
1037.98009328133
1039.76470111304
1041.52328345391
 1043.2581152286
1044.96971741628
1046.65859490228
1048.32524838602
1049.97091730551
1051.59467607305
1053.19757451381
1054.78004642245
1056.34251293274
1057.88599310952
1059.40965637712
1060.91517493158
1062.40249456281
1063.87081444552
1065.32152836058
1066.75521048504
1068.17139296485
1069.57092226975
1070.95414717499
1072.32128197173
1073.67316283429
1075.00900709213
1076.32964169254
1077.63534504062
  1078.926388439
1080.20373075274
1081.46738693606
1082.71599076419
1083.95095372445
1085.17251493118
1086.38090769379
1087.57695409638
1088.75979942026
1089.93013938764
1091.08818584438
1092.23414565211
1093.36846878348
1094.49105367379
1095.60194254163
 1096.7019075104
1097.79114326413
1098.86872727971
1099.93581540989
1100.99172746697
1100.99172746697