568.055263201444
 568.05526342965
568.055263135467
568.055263620469
568.055262729374
568.055264428462
568.055261151151
568.055267494554
568.055255203678
568.055279024882
568.055094277675
568.054385340231
568.053255388883
568.051626181816
568.049504185493
568.046828086178
568.043559880226
568.039627135435
568.034944624955
568.029407308473
568.022866312125
568.015157266009
568.005997414691
567.995075661787
567.981822888827
567.965919002202
567.948380059277
567.929463557211
567.908772252234
567.886269978685
567.861645683914
567.834728754448
567.805229650437
  567.7728253168
567.737197084725
567.697927766123
567.654547021197
567.606568477304
 567.55332068667
567.494126814453
567.428201497088
567.354475470465
567.271907068767
567.179141932905
567.074529151084
566.956302680048
566.822094307057
566.669203404292
566.494494113762
566.293678681341
566.061985042366
565.793384246403
 565.47982793118
565.111937117234
564.677131115107
564.158751192197
563.535975803051
562.778715978841
561.846381324173
560.682128615969
559.193996735315
557.271408402023
555.019161493996
552.560648495819
 549.85217667285
546.886239363177
543.651904937271
540.136089788384
536.324586236816
532.196391072805
527.677645398156
517.724686394204
512.126151821994
506.318902979816
500.716544258281
495.950525569154
491.704041326201
487.821738713304
484.214841856164
480.828639419993
 477.62327667544
474.571730716035
471.653403546358
468.850897003111
466.152933241803
463.548728842879
461.029519464343
458.587772609765
456.217324067051
453.912525819014
451.669868846746
449.484575057102
447.353336182725
445.272248790743
443.238183057903
441.249952364536
439.304872663981
437.400410397289
435.534876565423
433.705982559811
431.912615066689
430.153430845533
428.426900907953
426.731473943868
425.066081775387
423.428895572796
421.820270763722
420.238130219414
418.682394787133
417.151359490986
415.644127616911
414.159596520477
412.698283545627
411.259570678104
 409.84217344043
408.445459968577
407.068287693727
405.711174831898
404.373026196072
403.053320840014
401.751376393248
400.466463073016
399.198938188738
397.948070883825
396.713369303009
 395.49371456151
394.289370463882
393.100593292984
391.926710036815
390.767132450977
389.621529777449
388.489583285177
387.370544218626
 386.26492045319
385.171997333813
384.091569239143
383.023368827551
381.967137633054
 380.92221311034
 379.88862421051
 378.86631406538
377.855554331477
376.855590628498
375.865818808941
374.886818428521
373.917993768008
372.959130853974
372.009959766935
371.070089713015
370.139909522987
369.219050140606
368.307283153768
367.404444679647
366.509934437698
365.623630398614
364.746650093016
363.877985562023
363.017493648033
362.165034894997
361.320467700566
360.483269711918
359.654016409634
358.832275696709
 358.01792467986
357.210843466298
 356.41059815466
355.617711166925
354.831401555688
354.051782117631
353.279359402616
352.513485149154
351.753935525989
351.001037276266
350.254418089379
349.513966192369
 348.77963951518
348.051058605843
 347.32871471761
346.612229908946
 345.90151928816
345.196499776214
344.496709000068
343.802197380849
343.113777900455
  342.4307342164
 341.75299156942
341.080476712946
340.412785542399
339.750448644472
339.093130230528
338.440762725775
337.793279888073
337.150476059692
336.512456455805
335.879244837103
335.250446772333
334.625994223269
334.006461069523
333.391227158528
332.780727820358
332.780727820362