 2958448.3660288
2958448.20401118
2958448.85806275
 2958447.3946436
2958450.34387889
2958444.56231302
2958455.80660989
2958433.98912928
2958476.29274785
2958394.28404638
2958672.17231034
2958779.38957958
2958967.42627363
2959095.08894268
2959250.80041656
2959383.11397838
2959525.77656559
2959659.36909953
2959806.44107891
2959941.67904955
2960113.18030534
2960249.12880491
2960499.09170689
2960647.95070896
 2961092.2924919
2961044.08669819
2960536.93171273
2960242.33108552
2959768.59204011
2959336.37557296
2958824.52064095
2958265.09572456
2957664.02793102
2956992.28570633
2956244.29979002
2955438.79012401
2954520.31636274
 2953514.1191427
2952408.85443346
2951132.74664897
2949754.31565987
2948187.85680606
2946409.46822022
 2944447.7111389
2942188.12147646
2939639.32130767
2936767.90911484
2933418.31752941
2929644.55697497
2925281.68649014
2920176.03055166
2914327.61327941
 2907424.2735842
 2899280.0713244
2889724.37680576
2878166.43645421
 2864342.1471945
2847508.94253065
2826573.38080435
2800512.65269596
 2767895.4980844
2714221.47074578
2646370.72867614
2576563.79383226
 2502179.3083838
2423447.59621505
2340490.07528287
2253416.24781368
2162414.92838514
2067624.08717132
1968216.05948846
1781149.96633727
1682920.39159335
1584952.62488216
1494326.70756723
1420398.72789881
1356931.43660837
1300845.55904994
1250363.68224334
1204367.96528353
1162051.72216996
1122851.48623339
1086335.58683056
1052148.77986373
1020038.39935803
989777.169809141
961178.091358695
934081.529217455
908354.022364783
883876.670052512
860560.778860547
838310.121512391
817049.299980937
796701.565620214
777202.258533478
758508.815566269
740566.923716435
723326.674014808
706748.437240042
690789.358998177
675418.986285534
660606.361698607
646320.483748417
632531.692082229
619215.657109792
  606343.1575054
593903.385220296
581867.220159609
570222.020819008
558943.547136917
   548014.610951
537417.287732015
 527145.88096036
517186.865608607
507522.696807809
498141.019897243
489026.577612864
480175.653760768
471574.128615724
463212.143462575
455079.200071101
447164.920787218
439465.968442003
431972.492105685
424676.447518386
417566.416633664
410639.443549019
403892.564304543
397317.629338278
390907.271316105
384655.807484773
378557.811007343
372605.739891234
366798.965292518
361130.441576289
 355596.00646029
350191.311297055
344912.190008484
339752.605249023
334710.127457603
329781.964443992
324966.965716802
320259.129419727
315653.377818863
311150.277791797
306744.958240398
 302434.44247735
298215.592462706
294084.833549222
290042.107604542
286084.050774929
282208.007498967
278411.672896659
274690.985100867
271043.996809822
267473.874086088
263975.029559028
 260545.53749841
257183.538452698
253887.214067229
250653.319009933
247482.925660258
244373.213836227
241322.615359001
238329.613532888
235391.574008871
232509.432744787
229679.363663027
226900.865646618
 224174.83246069
221498.057228842
218868.912139123
216287.708047012
213752.347222981
211261.674364377
208814.795509604
206409.718709118
204047.367712686
201725.794485933
199444.052769783
197201.224050219
194995.211952035
192825.590416561
190694.305001453
188598.515640056
186537.428544347
184510.272280488
182515.301333303
180553.597418513
178623.645021059
176724.754648201
174856.255678393
173017.092057483
171207.119731721
169425.962009525
167672.077729595
 165944.87497645
164245.539824076
 162571.95581619
 160924.92416544
160924.924165442