0.0577325720282728
0.0577325322421789
0.0577325835307959
0.0577324989741725
0.0577326543297121
0.0577323581056668
0.0577329294800255
0.0577318235504129
0.0577339663626335
0.0577298132610907
0.0577620151539437
0.0578854187219056
0.0580815664528831
0.0583632213500117
0.0587280471081677
0.0591849369225246
 0.059738186138975
0.0603972244814144
0.0611726651438836
0.0620771899555542
 0.063129005284326
0.0643466237628535
0.0657641537310938
0.0674154866451664
0.0693666127841077
0.0716381033021572
0.0740625990305448
0.0765917836403116
0.0792661800755111
0.0820761045377642
0.0850450544486322
 0.088176559179338
0.0914859325272156
0.0949889961541126
0.0986978321026862
 0.102631304557975
 0.106809228149785
 0.111248428929513
 0.115977639831723
 0.121019695018232
 0.126400351667229
 0.132160534463232
 0.138329610957265
 0.144950670829201
 0.152075521761868
 0.159749930766538
 0.168042936107453
 0.177024248103918
 0.186767448456688
 0.197383557540607
 0.208975909232901
 0.221673662147598
 0.235653510346248
  0.25109238487359
 0.268231240769408
 0.287378321989705
 0.308878404148958
 0.333243327336389
 0.361109989322021
 0.393317339281926
 0.431250827885265
   0.4761925671616
 0.524475231102955
 0.573140349802841
  0.62303106470355
 0.674194535022444
 0.726743878063679
 0.780824478637865
 0.836595209806072
 0.894307424669744
 0.954897600854663
  1.08122374866307
  1.14907083126049
  1.21764431742525
  1.28242242741798
  1.33668352338018
  1.38450122203079
  1.42786232395111
  1.46789840276018
  1.50530725386032
   1.5405911752642
  1.57409185602239
  1.60606800818865
  1.63673476210107
  1.66623428711074
  1.69469904645212
  1.72223621605397
  1.74893708712974
  1.77487613970141
  1.80012077449654
  1.82471382624524
  1.84871112920314
  1.87215168225343
  1.89508046592644
  1.91753352187188
   1.9395250418914
  1.96108541186174
   1.9822431379453
  2.00301716095675
  2.02343294278548
  2.04350271012684
  2.06324111525678
  2.08266480487361
  2.10179063288855
  2.12062996626549
  2.13920276230131
  2.15750416075851
  2.17555689677705
  2.19336094433039
  2.21093484934615
  2.22828795599516
  2.24543200888433
  2.26236001575706
  2.27907803194144
  2.29559989718763
  2.31193191706002
   2.3280864179481
  2.34405625486556
  2.35985321917395
  2.37548239718571
  2.39095082089841
  2.40626614196746
  2.42142305674446
  2.43642923719251
  2.45128954562769
  2.46601646536721
   2.4806058416475
  2.49505353525357
  2.50936668279234
  2.52355145785491
  2.53761093330423
  2.55154805898128
  2.56537113033286
  2.57907294003906
  2.59266140020899
  2.60613815634204
   2.6195056398157
   2.6327661937673
  2.64592728205295
  2.65898770656546
  2.67194733702359
  2.68480185122665
  2.69755997861342
  2.71022863120097
  2.72279958212824
  2.73527965942572
  2.74767083491505
  2.75997582962078
  2.77219897161446
  2.78433445464931
  2.79638633199419
  2.80835685792736
  2.82024746319904
  2.83206537054394
  2.84381154461887
  2.85547045651634
  2.86705477281692
  2.87856573223284
  2.89000453952087
  2.90137244385166
  2.91267585911713
  2.92390638806413
  2.93506923943483
  2.94616546745707
  2.95719609931832
  2.96816648715497
  2.97906887961449
  2.98991343573373
  3.00069805667532
  3.01141514818327
  3.02207312128735
  3.03267455668945
  3.04321434846392
  3.05369716134976
  3.06412404300189
  3.07449506932888
  3.08481510481538
  3.09507668539918
  3.10528466342717
  3.11543975654781
  3.12554266667955
  3.13559956461741
  3.14560929271216
  3.15555964377014
  3.16546047248037
  3.17531240896466
  3.18511607044602
  3.19487692673905
  3.20458678940432
  3.21425013431166
  3.22386753019004
  3.23343953442182
  3.24296878225346
  3.25245331243045
  3.26189235977643
  3.27129141234273
  3.28065112159717
  3.28996248683637
  3.29923443032551
  3.30846000211077
  3.30846000211075