1034642.21665187
1034642.16111235
1034642.38840387
1034641.87899479
1034642.90603371
1034640.89243174
1034644.80872553
1034637.20980412
1034651.94398989
1034623.38064927
1034719.65660556
1034753.66707014
1034813.87127005
1034850.50562435
1034894.52495084
1034927.63562155
1034961.45224419
1034988.82727149
1035017.22676576
1035037.28176928
1035065.07827566
 1035074.6950681
1035117.03752299
1035115.35837283
1035205.51128916
1035110.42187618
1034846.87351984
1034650.87906523
1034383.57978691
1034121.93152715
 1033822.0736693
1033494.39001178
1033139.54584185
1032745.83459124
1032309.77491555
1031835.88917176
1031302.55449798
1030716.25075236
1030069.79008195
1029334.89839444
1028531.73741522
1027625.31708379
1026602.39048657
1025466.51164967
1024170.03826291
1022707.74543331
1021056.96157429
 1019151.1214068
1016994.65250291
1014510.66533217
1011624.42118438
1008309.06461142
1004420.92382738
999855.236329011
994499.316282769
988079.814298391
980421.409387733
971149.227756041
959734.059874403
945619.378153592
927990.196936817
901673.170692728
869710.491738784
836852.758948646
802197.536911246
765954.852281026
728296.824750135
689396.092380306
649457.784534602
608662.099279386
566780.034472642
488488.418955753
448971.720526975
410829.080320549
376665.363457705
349578.029248025
326891.691781347
307286.837073207
290001.088653646
274552.443924463
 260596.33181296
247890.094440734
236248.523467297
225521.626351885
215599.602524011
   206386.481201
197803.439887437
189783.765248954
182271.646834536
175218.123274575
168585.029005595
162333.821673427
156433.387568961
150853.574949958
145568.740955365
140560.147896068
135806.699708851
131289.265142066
126992.081195428
122899.145360029
118998.159157067
115277.128436519
111724.463745014
108329.300083104
105082.427514606
101973.765988109
 98997.935532515
96145.4089499822
93410.8052057747
 90786.223264854
88265.6220194644
 85842.973301306
83515.1773990208
81277.4679140196
79124.3251646735
77051.5275881396
75054.3390548329
73130.6463594387
71276.1584888256
69487.6073160987
67761.6756097684
66095.1583591974
64486.3947876724
62932.4193509101
61430.7117214785
59978.1295347766
58573.3155897452
57214.9397919975
55900.6706066853
54628.3875088769
53396.3505071266
52202.9094088851
51046.0430819714
49925.1040914167
48838.2329128984
47784.1588422366
46761.6035373005
45769.3503889914
44805.8614859431
43870.2985387469
42961.7731915228
42079.7138032673
41222.6806328532
40389.4316192801
39579.7602848563
38792.4951597507
38026.8240541741
37281.9224723347
 36556.906026765
35851.5182303708
35164.9353894838
34496.4715773496
33845.5137677537
33211.1624130277
32592.8924297177
31991.0456571943
31404.4944521647
30832.7412362467
30275.3082688698
29731.7330334892
29201.3283157303
28684.1206805678
28179.5060182363
27687.0924569611
27206.5030422399
 26737.189550658
26279.1782761943
25831.7444393295
25394.6971990061
24968.0656193287
24551.2415311832
24143.8712614047
23745.9045603796
23356.9233475435
22976.6599299427
22604.8903845199
22241.2289308104
21885.7330633374
21538.0302036921
21197.9026590684
20865.1401490734
20539.3623971203
20220.4398888983
19908.5903107348
19603.3327385775
19304.4897505647
 19011.889733789
18725.2241959099
18444.5923056637
18169.7226082873
17900.4645391958
17636.6723214705
17378.1482770226
17124.8247942527
16876.6026937136
16633.2231309779
16394.5618656998
16160.7400128642
15931.4255855744
15706.6882824248
15706.6882824251