 4.32855347716063
 4.32855324132633
 4.32855419671179
 4.32855205814461
 4.32855636846898
 4.32854791842256
 4.32856435266719
 4.32853246496853
 4.32859429456672
  4.3284744332745
 4.32888003134524
 4.32903312373964
 4.32930221955967
 4.32948031931397
 4.32969682966668
 4.32987615132797
 4.33006745670451
  4.3302419472858
 4.33043216026538
 4.33060049953277
 4.33081654046737
 4.33097433482186
 4.33129119699733
 4.33145074155225
 4.33203013960026
 4.33187480604288
 4.33103935526585
 4.33050754487908
 4.32970425130323
  4.3289520944177
 4.32807218895444
 4.32711055364397
  4.3260743347134
 4.32491937159655
 4.32363585333965
 4.32224897484663
  4.3206751987653
 4.31894891045563
 4.31705002115521
 4.31487007592812
 4.31250520658578
  4.3098245787427
  4.3067879227177
 4.30343005180366
 4.29957524091021
 4.29522717261928
 4.29032506307799
 4.28462811808837
 4.27819968507122
  4.2707776171519
 4.26211431082533
 4.25218068064083
  4.2404825988205
 4.22670494054607
 4.21054058871421
 4.19105284634465
 4.16776537298924
 4.13946685125966
 4.10439830967923
 4.06084772991859
 4.00638015720494
 3.91966898800959
 3.81147015763172
  3.7001805450203
 3.58198032010337
 3.45734682763835
 3.32659826561876
 3.19004047717536
 3.04810050181032
 2.90112323734523
 2.74796324548657
 2.46031261278402
 2.31099415948026
 2.16344900292999
 2.02817568674811
 1.91867399148729
 1.82528252399988
 1.74323294972717
 1.66977210937361
 1.60316575523918
 1.54216591217677
 1.48589873243823
 1.43369551251816
 1.38500857042358
 1.33944498849016
 1.29665436423878
 1.25634854335638
 1.21828216202334
 1.18225004791267
 1.14807023666906
 1.11560521177914
 1.08470888150236
 1.05526578596207
 1.02716004397862
 1.00029376638368
0.974600502398305
0.949998507778194
0.926412942175578
0.903783759821748
0.882047159195986
0.861156797227848
0.841066113967709
0.821728940372374
0.803101346520776
0.785146975202687
0.767823223299282
0.751112542821559
0.734973039685276
0.719385177262716
 0.70431411425674
0.689734669886758
0.675620879168985
0.661963206893709
0.648741824956847
 0.63593173113555
0.623514956623788
0.611469828366131
0.599790027230639
0.588455595777352
0.577452304367187
 0.56676517688989
0.556379489589668
 0.54628982463927
0.536482288841891
0.526945430070366
0.517663464681287
0.508631717223642
0.499845532896027
0.491293550075888
0.482965483821164
0.474853287796141
0.466949290424138
0.459243125174248
0.451733408546311
 0.44441048725119
0.437268471872695
0.430301262693105
0.423503024821147
0.416865546596203
0.410385285632933
0.404058252179451
 0.39788257942558
0.391850200599033
0.385954264973626
0.380195163226752
0.374566345149239
0.369063703557233
0.363682943019038
0.358419229892691
0.353272223127299
0.348237383376078
0.343311088429632
0.338490175245995
0.333769265597736
0.329145679392472
0.324623219233927
0.320194605974208
0.315857212720509
0.311608505931252
0.307446013117322
0.303365471355744
0.299368071914185
0.295450102823276
0.291609439366906
0.287844028807736
0.284150421202749
0.280529659643347
 0.27697681095107
0.273491125035912
0.270073602254767
0.266720107056942
 0.26342849149109
0.260199038056796
0.257029019588646
 0.25391689354398
0.250861448123712
0.247860105842741
0.244913930380512
0.242020406167614
0.239178271467588
0.236386302655058
0.233641815012631
0.230944206293178
0.228295821476623
 0.22569306057304
0.223134870780388
 0.22062022982577
0.218146911142772
0.215716194822949
0.213326143771642
0.210975847357605
 0.20866442059605
 0.20639050442764
0.204153869404841
0.201953999678298
0.199788944022292
0.197657926116142
0.195562362966862
0.193499600435507
  0.1914705825993
  0.1914705825993