832.847546911502
832.847547580666
 832.84754671804
832.847548140199
832.847545527264
832.847550509458
832.847540899477
832.847559500088
832.847523459841
832.847593310199
 832.84705158038
832.844972781693
832.841659460336
832.836882198492
832.830659970019
 832.82281300495
832.813229891342
 832.80169827375
832.787968292879
832.771732009847
832.752552983463
832.729949371349
832.703092267538
832.671069753616
832.632213529784
 832.58558561883
832.534165471563
832.478708417556
832.418050331758
832.352085766689
832.279903571669
832.201004464157
832.114540762384
832.019566829841
831.915150222273
831.800070176667
 831.67295071323
831.532369540792
831.376362943519
831.202952558778
831.009843474566
830.793911050115
830.552113948732
  830.2804982417
829.974245997996
829.628207894258
829.235479660957
828.788194829926
828.277227671202
827.690103276411
827.012958859477
826.228296959603
825.312777899283
824.239260478493
822.971383157537
821.461082840983
 819.64846050922
817.447111004756
814.740885809959
811.367787712825
807.066527254653
801.526448889856
795.060703640464
788.032701680526
780.326277434174
 771.93072346057
 762.82718735817
752.992632576811
742.403050205424
731.018192465913
 718.65711047346
691.802428447481
676.921397289983
661.656553141527
647.095257953167
  634.8352660016
624.010489757434
614.195505900815
 605.14650425549
596.712299616677
588.783054386846
581.283591675863
574.156492649022
567.353629166658
560.842836933635
554.593945055745
548.582314666468
542.786798779675
537.189951681252
531.775922300677
526.534186150566
 521.45149881085
516.518279503972
511.723772211035
507.059199691497
502.520378014467
498.099809385255
493.790473650062
489.587375673915
485.484267152333
 481.47762821976
477.563489658492
473.737538834929
469.995485493112
466.334169249915
462.748818185566
459.239491101251
455.800970680886
452.432436971708
449.129582462712
 445.88989759304
442.710469454134
439.591878284958
436.532286680445
433.528473687897
430.578639228138
427.679935077825
424.833029767657
422.035215679362
419.285015976677
 416.58063862142
413.920216921437
411.304148279818
408.730590063641
406.198212372553
403.704421880658
401.249471314503
398.833595166591
396.455145283989
394.112664354005
391.805230264858
389.531955919707
387.291104731539
385.083465667078
382.907388127807
380.762249478867
378.647312086738
376.561864063979
374.504406867671
372.474814310373
370.472793737224
368.498696448955
366.550874146223
364.627987479457
362.731001758831
 360.85860385467
359.010229158218
357.185211422885
355.382659645439
353.603181369686
351.845933634615
350.110349268576
348.395989083391
 346.70159257072
345.026814055651
343.373644996972
341.740065496646
340.125695430378
338.530165183881
336.953104605384
335.393438488052
333.852139681459
 332.32830579863
330.821614123304
329.331750393351
327.857825466414
326.400713629119
324.958894128207
323.532493020184
322.122353284096
320.727209219261
 319.34657674028
317.980973465001
316.629648705974
315.292328206273
313.968865506102
312.658509218346
 311.36207528039
310.078817711839
308.808519927365
307.550970338753
306.305284583502
 305.07149548045
303.850986153369
302.642425438076
301.445624588071
300.260399005627
299.085984154692
297.923260689431
296.771585932476
295.630790745656
  294.5007096078
293.380935623376
292.271604981081
291.172711607544
290.083525773775
289.003886978735
287.934742640823
286.874978310154
285.825300835326
285.825300835333