32.7952913988168
32.7952688112917
32.7952979290766
 32.795249924242
32.7953381233288
32.7951699497932
32.7954943327968
32.7948664698782
32.7960829960463
32.7937251800832
 32.812006963942
32.8820659522339
32.9934229016459
33.1533227970834
33.3604380415769
33.6198156893206
33.9338919151709
34.3080168744378
34.7482114575669
 35.261669417829
35.8587185290361
 36.549857616194
 37.354433734163
38.2916644377975
39.3989751767409
40.6880011775844
42.0637331423777
43.4987305957322
 45.015959007808
46.6098928603315
48.2938245764784
50.0697125640999
51.9461909284001
53.9321707204272
56.0344305563179
58.2635789214963
60.6307440230502
63.1453389931723
65.8234946118968
68.6779661517233
71.7231242151352
74.9818707082831
78.4705022118083
82.2129971035051
86.2381548985169
90.5712301007898
95.2504489779333
100.314189656291
 105.80273123039
 111.77706091088
118.293318006409
125.421491504783
133.257306481975
141.895304011301
151.464047513115
162.126995253421
174.064092886572
 187.54225186689
202.888340760588
 220.52600301016
241.152874040575
 265.36850257272
291.093802991132
316.694803366178
 342.57498706205
 368.70771385763
395.095693710818
 421.75148070251
448.686579746943
475.947183918852
503.878117615337
559.776226198551
588.469222984337
616.516335018359
642.130126136049
662.928895940029
680.764846093603
696.542281513049
710.778192953436
723.794838782705
735.822205146954
747.019496418563
757.507442389095
767.384561367259
776.720000404734
785.575588754117
794.001735091452
802.041163221437
809.729243005035
817.097367531005
824.168254583032
830.967136313209
837.513300896172
843.826740702476
849.924074187112
855.815332344406
861.514377141113
867.033962044484
872.383831955721
877.574972594667
882.614599426752
887.510244389266
 892.26962798207
896.900214693945
901.407870655944
905.800263047518
910.078989265012
914.251962487538
918.321612804814
922.294478150743
 926.17480354888
929.967214813697
933.672095265197
937.292652958133
940.833651213007
944.298095279613
947.690151757156
951.009817033564
954.260987615913
957.446068782699
960.567783184501
 963.62889108606
966.629513158116
969.572314785707
972.459334783201
975.294012057924
 978.07651567222
980.807025005933
983.487828262798
986.120966778447
988.707853813973
991.249842165738
993.749210879791
996.205404027164
998.620569928776
1000.99569412342
1003.33187482498
1005.63016709037
1007.89247600864
1010.11918163981
1012.31083895493
1014.46729176542
1016.59055899616
1018.68230362579
1020.74167256256
1022.77028264691
1024.76892646273
1026.73849733494
 1028.6801210993
1030.59330312563
1032.47910532507
1034.33828446948
1036.17145307583
1037.98009328133
1039.76470111304
1041.52328345391
 1043.2581152286
1044.96971741628
1046.65859490228
1048.32524838602
1049.97091730551
1051.59467607305
1053.19757451381
1054.78004642245
1056.34251293274
1057.88599310952
1059.40965637712
1060.91517493158
1062.40249456281
1063.87081444552
1065.32152836058
1066.75521048505
1068.17139296485
1069.57092226975
1070.95414717499
1072.32128197173
1073.67316283429
1075.00900709214
1076.32964169254
1077.63534504062
  1078.926388439
1080.20373075275
1081.46738693606
1082.71599076419
1083.95095372445
1085.17251493118
1086.38090769379
1087.57695409638
1088.75979942026
1089.93013938764
1091.08818584438
1092.23414565211
1093.36846878347
1094.49105367379
1095.60194254162
 1096.7019075104
1097.79114326413
 1098.8687272797
1099.93581540989
1100.99172746697
1100.99172746697