"Iteration","CL","CD","CSF","CMx","CMy","CMz","CFx","CFy","CFz","CL/CD","AoA","Custom_ObjFunc","HeatFlux_Total","HeatFlux_Maximum","Temperature_Total","Res_Flow[0]","Res_Flow[1]","Res_Flow[2]","Res_Flow[3]","Res_Flow[4]","Res_Turb[0]","Res_Turb[1]","Linear_Solver_Iterations","CFL_Number","Time(min)"
           0, 0.00000000e+00, 0.00000000e+00, 0.00000000e+00, 0.00000000e+00, 0.00000000e+00, 0.00000000e+00, 0.00000000e+00, 0.00000000e+00, 0.00000000e+00, 0.00000000e+00, 0.00000000e+00, 0.00000000e+00, 0.00000000e+00, 0.00000000e+00, 0.00000000e+00, -3.65500783e+00, -1.51616938e+00, -1.48593769e+01, 1.07403555e+00, 0.00000000e+00, -20.0677353096, -1.0703664475, 7.0000000000, 10.0000000000, 0.0027005667
           1, 0.00000000e+00, 0.00000000e+00, 0.00000000e+00, 0.00000000e+00, 0.00000000e+00, 0.00000000e+00, 0.00000000e+00, 0.00000000e+00, 0.00000000e+00, 0.00000000e+00, 0.00000000e+00, 0.00000000e+00, 0.00000000e+00, 0.00000000e+00, 0.00000000e+00, -3.71144095e+00, -1.57319016e+00, -2.86703696e+00, 1.01076425e+00, 0.00000000e+00, -13.9215564578, 0.8671385767, 7.0000000000, 10.0100000000, 0.0050575167
           2, 0.00000000e+00, 0.00000000e+00, 0.00000000e+00, 0.00000000e+00, 0.00000000e+00, 0.00000000e+00, 0.00000000e+00, 0.00000000e+00, 0.00000000e+00, 0.00000000e+00, 0.00000000e+00, 0.00000000e+00, 0.00000000e+00, 0.00000000e+00, 0.00000000e+00, -3.75132008e+00, -1.61352909e+00, -2.55924807e+00, 9.67240742e-01, 0.00000000e+00, -13.8766277874, 0.9110194117, 7.0000000000, 12.9807659479, 0.0077388167
           3, 0.00000000e+00, 0.00000000e+00, 0.00000000e+00, 0.00000000e+00, 0.00000000e+00, 0.00000000e+00, 0.00000000e+00, 0.00000000e+00, 0.00000000e+00, 0.00000000e+00, 0.00000000e+00, 0.00000000e+00, 0.00000000e+00, 0.00000000e+00, 0.00000000e+00, -3.79054888e+00, -1.65372151e+00, -2.37613474e+00, 9.25731925e-01, 0.00000000e+00, -13.8573150246, 0.9653959625, 8.0000000000, 15.5976286983, 0.0107628000
           4, 0.00000000e+00, 0.00000000e+00, 0.00000000e+00, 0.00000000e+00, 0.00000000e+00, 0.00000000e+00, 0.00000000e+00, 0.00000000e+00, 0.00000000e+00, 0.00000000e+00, 0.00000000e+00, 0.00000000e+00, 0.00000000e+00, 0.00000000e+00, 0.00000000e+00, -3.82471982e+00, -1.69113848e+00, -2.28176212e+00, 8.89800728e-01, 0.00000000e+00, -13.8640508675, 1.0162648276, 8.0000000000, 18.6859926665, 0.0136639667
           5, 0.00000000e+00, 0.00000000e+00, 0.00000000e+00, 0.00000000e+00, 0.00000000e+00, 0.00000000e+00, 0.00000000e+00, 0.00000000e+00, 0.00000000e+00, 0.00000000e+00, 0.00000000e+00, 0.00000000e+00, 0.00000000e+00, 0.00000000e+00, 0.00000000e+00, -3.85409666e+00, -1.73000780e+00, -2.26128895e+00, 8.59152071e-01, 0.00000000e+00, -13.8837143698, 1.0510842791, 9.0000000000, 21.8704665569, 0.0172439000
           6, 0.00000000e+00, 0.00000000e+00, 0.00000000e+00, 0.00000000e+00, 0.00000000e+00, 0.00000000e+00, 0.00000000e+00, 0.00000000e+00, 0.00000000e+00, 0.00000000e+00, 0.00000000e+00, 0.00000000e+00, 0.00000000e+00, 0.00000000e+00, 0.00000000e+00, -3.87908661e+00, -1.77054278e+00, -2.30744775e+00, 8.33648138e-01, 0.00000000e+00, -13.9082862581, 1.0635369507, 9.0000000000, 25.0386971986, 0.0205586833
           7, 0.00000000e+00, 0.00000000e+00, 0.00000000e+00, 0.00000000e+00, 0.00000000e+00, 0.00000000e+00, 0.00000000e+00, 0.00000000e+00, 0.00000000e+00, 0.00000000e+00, 0.00000000e+00, 0.00000000e+00, 0.00000000e+00, 0.00000000e+00, 0.00000000e+00, -3.90337078e+00, -1.80984529e+00, -2.39160878e+00, 8.09221124e-01, 0.00000000e+00, -13.9358295315, 1.0542500341, 10.0000000000, 28.0925810267, 0.0239468833
           8, 0.00000000e+00, 0.00000000e+00, 0.00000000e+00, 0.00000000e+00, 0.00000000e+00, 0.00000000e+00, 0.00000000e+00, 0.00000000e+00, 0.00000000e+00, 0.00000000e+00, 0.00000000e+00, 0.00000000e+00, 0.00000000e+00, 0.00000000e+00, 0.00000000e+00, -3.93130575e+00, -1.84531388e+00, -2.42902314e+00, 7.81039439e-01, 0.00000000e+00, -13.9598460352, 1.0291480310, 10.0000000000, 31.4166575337, 0.0276910000
           9, 0.00000000e+00, 0.00000000e+00, 0.00000000e+00, 0.00000000e+00, 0.00000000e+00, 0.00000000e+00, 0.00000000e+00, 0.00000000e+00, 0.00000000e+00, 0.00000000e+00, 0.00000000e+00, 0.00000000e+00, 0.00000000e+00, 0.00000000e+00, 0.00000000e+00, -3.96355957e+00, -1.87701483e+00, -2.40181272e+00, 7.48328188e-01, 0.00000000e+00, -13.9731000848, 0.9972300703, 10.0000000000, 35.7297458036, 0.0308943333
          10, 0.00000000e+00, 0.00000000e+00, 0.00000000e+00, 0.00000000e+00, 0.00000000e+00, 0.00000000e+00, 0.00000000e+00, 0.00000000e+00, 0.00000000e+00, 0.00000000e+00, 0.00000000e+00, 0.00000000e+00, 0.00000000e+00, 0.00000000e+00, 0.00000000e+00, -3.99635893e+00, -1.90651594e+00, -2.40355126e+00, 7.14910526e-01, 0.00000000e+00, -13.9746177735, 0.9633021767, 10.0000000000, 41.4512428327, 0.0339862667
          11, 0.00000000e+00, 0.00000000e+00, 0.00000000e+00, 0.00000000e+00, 0.00000000e+00, 0.00000000e+00, 0.00000000e+00, 0.00000000e+00, 0.00000000e+00, 0.00000000e+00, 0.00000000e+00, 0.00000000e+00, 0.00000000e+00, 0.00000000e+00, 0.00000000e+00, -4.02678078e+00, -1.93525783e+00, -2.47848464e+00, 6.83831899e-01, 0.00000000e+00, -13.9696396291, 0.9292818298, 10.0000000000, 48.2099060626, 0.0371498333
          12, 0.00000000e+00, 0.00000000e+00, 0.00000000e+00, 0.00000000e+00, 0.00000000e+00, 0.00000000e+00, 0.00000000e+00, 0.00000000e+00, 0.00000000e+00, 0.00000000e+00, 0.00000000e+00, 0.00000000e+00, 0.00000000e+00, 0.00000000e+00, 0.00000000e+00, -4.05689238e+00, -1.96462834e+00, -2.60949872e+00, 6.53285311e-01, 0.00000000e+00, -13.9612091226, 0.8944348823, 10.0000000000, 55.4600136197, 0.0402424500
          13, 0.00000000e+00, 0.00000000e+00, 0.00000000e+00, 0.00000000e+00, 0.00000000e+00, 0.00000000e+00, 0.00000000e+00, 0.00000000e+00, 0.00000000e+00, 0.00000000e+00, 0.00000000e+00, 0.00000000e+00, 0.00000000e+00, 0.00000000e+00, 0.00000000e+00, -4.08857140e+00, -1.99576529e+00, -2.74102087e+00, 6.21527037e-01, 0.00000000e+00, -13.9504079564, 0.8572176576, 10.0000000000, 63.7093508126, 0.0432682333
          14, 0.00000000e+00, 0.00000000e+00, 0.00000000e+00, 0.00000000e+00, 0.00000000e+00, 0.00000000e+00, 0.00000000e+00, 0.00000000e+00, 0.00000000e+00, 0.00000000e+00, 0.00000000e+00, 0.00000000e+00, 0.00000000e+00, 0.00000000e+00, 0.00000000e+00, -4.12103455e+00, -2.02878655e+00, -2.85270973e+00, 5.89204182e-01, 0.00000000e+00, -13.9352536267, 0.8171109239, 10.0000000000, 73.7159059439, 0.0466040667
          15, 0.00000000e+00, 0.00000000e+00, 0.00000000e+00, 0.00000000e+00, 0.00000000e+00, 0.00000000e+00, 0.00000000e+00, 0.00000000e+00, 0.00000000e+00, 0.00000000e+00, 0.00000000e+00, 0.00000000e+00, 0.00000000e+00, 0.00000000e+00, 0.00000000e+00, -4.15403897e+00, -2.06305588e+00, -2.95403952e+00, 5.56350626e-01, 0.00000000e+00, -13.9112873378, 0.7738223733, 10.0000000000, 85.6027100158, 0.0496678333
          16, 0.00000000e+00, 0.00000000e+00, 0.00000000e+00, 0.00000000e+00, 0.00000000e+00, 0.00000000e+00, 0.00000000e+00, 0.00000000e+00, 0.00000000e+00, 0.00000000e+00, 0.00000000e+00, 0.00000000e+00, 0.00000000e+00, 0.00000000e+00, 0.00000000e+00, -4.18799533e+00, -2.09753317e+00, -3.04374191e+00, 5.22417452e-01, 0.00000000e+00, -13.8747156451, 0.7288961135, 10.0000000000, 99.6543740533, 0.0527111167
          17, 0.00000000e+00, 0.00000000e+00, 0.00000000e+00, 0.00000000e+00, 0.00000000e+00, 0.00000000e+00, 0.00000000e+00, 0.00000000e+00, 0.00000000e+00, 0.00000000e+00, 0.00000000e+00, 0.00000000e+00, 0.00000000e+00, 0.00000000e+00, 0.00000000e+00, -4.22360427e+00, -2.13077310e+00, -3.12629145e+00, 4.86600207e-01, 0.00000000e+00, -13.8190646227, 0.6846360502, 10.0000000000, 116.5223069733, 0.0558557833
          18, 0.00000000e+00, 0.00000000e+00, 0.00000000e+00, 0.00000000e+00, 0.00000000e+00, 0.00000000e+00, 0.00000000e+00, 0.00000000e+00, 0.00000000e+00, 0.00000000e+00, 0.00000000e+00, 0.00000000e+00, 0.00000000e+00, 0.00000000e+00, 0.00000000e+00, -4.26236360e+00, -2.16062044e+00, -3.19877910e+00, 4.47295607e-01, 0.00000000e+00, -13.7327167042, 0.6437492894, 10.0000000000, 137.2862235955, 0.0590871500
          19, 0.00000000e+00, 0.00000000e+00, 0.00000000e+00, 0.00000000e+00, 0.00000000e+00, 0.00000000e+00, 0.00000000e+00, 0.00000000e+00, 0.00000000e+00, 0.00000000e+00, 0.00000000e+00, 0.00000000e+00, 0.00000000e+00, 0.00000000e+00, 0.00000000e+00, -4.30606323e+00, -2.18402007e+00, -3.25272006e+00, 4.02767451e-01, 0.00000000e+00, -13.6043220416, 0.6111589947, 10.0000000000, 164.1139966002, 0.0621851000
          20, 0.00000000e+00, 0.00000000e+00, 0.00000000e+00, 0.00000000e+00, 0.00000000e+00, 0.00000000e+00, 0.00000000e+00, 0.00000000e+00, 0.00000000e+00, 0.00000000e+00, 0.00000000e+00, 0.00000000e+00, 0.00000000e+00, 0.00000000e+00, 0.00000000e+00, -4.35044560e+00, -2.19319110e+00, -3.29047690e+00, 3.58806924e-01, 0.00000000e+00, -13.4486424647, 0.5926145397, 10.0000000000, 200.6988482381, 0.0654064167
          21, 0.00000000e+00, 0.00000000e+00, 0.00000000e+00, 0.00000000e+00, 0.00000000e+00, 0.00000000e+00, 0.00000000e+00, 0.00000000e+00, 0.00000000e+00, 0.00000000e+00, 0.00000000e+00, 0.00000000e+00, 0.00000000e+00, 0.00000000e+00, 0.00000000e+00, -4.35946353e+00, -2.15640694e+00, -3.32836890e+00, 3.58954587e-01, 0.00000000e+00, -13.2792378503, 0.5892826394, 10.0000000000, 246.2122326329, 0.0685225000
          22, 0.00000000e+00, 0.00000000e+00, 0.00000000e+00, 0.00000000e+00, 0.00000000e+00, 0.00000000e+00, 0.00000000e+00, 0.00000000e+00, 0.00000000e+00, 0.00000000e+00, 0.00000000e+00, 0.00000000e+00, 0.00000000e+00, 0.00000000e+00, 0.00000000e+00, -4.28042257e+00, -2.04403278e+00, -3.35546397e+00, 4.58084112e-01, 0.00000000e+00, -13.0998780121, 0.5919407418, 10.0000000000, 256.6524811983, 0.0718426667
          23, 0.00000000e+00, 0.00000000e+00, 0.00000000e+00, 0.00000000e+00, 0.00000000e+00, 0.00000000e+00, 0.00000000e+00, 0.00000000e+00, 0.00000000e+00, 0.00000000e+00, 0.00000000e+00, 0.00000000e+00, 0.00000000e+00, 0.00000000e+00, 0.00000000e+00, -4.20687916e+00, -1.94761604e+00, -3.37360674e+00, 5.45598056e-01, 0.00000000e+00, -12.9244717409, 0.6386483314, 10.0000000000, 252.0236930305, 0.0754676667
          24, 0.00000000e+00, 0.00000000e+00, 0.00000000e+00, 0.00000000e+00, 0.00000000e+00, 0.00000000e+00, 0.00000000e+00, 0.00000000e+00, 0.00000000e+00, 0.00000000e+00, 0.00000000e+00, 0.00000000e+00, 0.00000000e+00, 0.00000000e+00, 0.00000000e+00, -4.18240512e+00, -1.90811406e+00, -3.34050810e+00, 5.79927404e-01, 0.00000000e+00, -12.7505365941, 0.7158833379, 10.0000000000, 247.7918572572, 0.0790110500
          25, 0.00000000e+00, 0.00000000e+00, 0.00000000e+00, 0.00000000e+00, 0.00000000e+00, 0.00000000e+00, 0.00000000e+00, 0.00000000e+00, 0.00000000e+00, 0.00000000e+00, 0.00000000e+00, 0.00000000e+00, 0.00000000e+00, 0.00000000e+00, 0.00000000e+00, -4.22006089e+00, -1.93344780e+00, -3.31785334e+00, 5.49603873e-01, 0.00000000e+00, -12.5704453101, 0.7741328425, 10.0000000000, 246.3993890891, 0.0824349667
          26, 0.00000000e+00, 0.00000000e+00, 0.00000000e+00, 0.00000000e+00, 0.00000000e+00, 0.00000000e+00, 0.00000000e+00, 0.00000000e+00, 0.00000000e+00, 0.00000000e+00, 0.00000000e+00, 0.00000000e+00, 0.00000000e+00, 0.00000000e+00, 0.00000000e+00, -4.30313437e+00, -2.00654976e+00, -3.33404009e+00, 4.70238255e-01, 0.00000000e+00, -12.3683514951, 0.8288234359, 10.0000000000, 293.0563724413, 0.0857418500
          27, 0.00000000e+00, 0.00000000e+00, 0.00000000e+00, 0.00000000e+00, 0.00000000e+00, 0.00000000e+00, 0.00000000e+00, 0.00000000e+00, 0.00000000e+00, 0.00000000e+00, 0.00000000e+00, 0.00000000e+00, 0.00000000e+00, 0.00000000e+00, 0.00000000e+00, -4.38666086e+00, -2.09538210e+00, -3.32241606e+00, 3.80473273e-01, 0.00000000e+00, -12.1289953798, 0.9015954553, 10.0000000000, 429.6334919251, 0.0893034500
          28, 0.00000000e+00, 0.00000000e+00, 0.00000000e+00, 0.00000000e+00, 0.00000000e+00, 0.00000000e+00, 0.00000000e+00, 0.00000000e+00, 0.00000000e+00, 0.00000000e+00, 0.00000000e+00, 0.00000000e+00, 0.00000000e+00, 0.00000000e+00, 0.00000000e+00, -4.44445394e+00, -2.19282058e+00, -3.27049358e+00, 2.86589930e-01, 0.00000000e+00, -11.8707754188, 0.9640436789, 10.0000000000, 631.1769259087, 0.0926780667
          29, 0.00000000e+00, 0.00000000e+00, 0.00000000e+00, 0.00000000e+00, 0.00000000e+00, 0.00000000e+00, 0.00000000e+00, 0.00000000e+00, 0.00000000e+00, 0.00000000e+00, 0.00000000e+00, 0.00000000e+00, 0.00000000e+00, 0.00000000e+00, 0.00000000e+00, -4.47627930e+00, -2.30563802e+00, -3.27320243e+00, 1.99098014e-01, 0.00000000e+00, -11.6477174490, 0.9256040544, 10.0000000000, 823.6396843056, 0.0961753167
          30, 0.00000000e+00, 0.00000000e+00, 0.00000000e+00, 0.00000000e+00, 0.00000000e+00, 0.00000000e+00, 0.00000000e+00, 0.00000000e+00, 0.00000000e+00, 0.00000000e+00, 0.00000000e+00, 0.00000000e+00, 0.00000000e+00, 0.00000000e+00, 0.00000000e+00, -4.58846180e+00, -2.41924389e+00, -3.22269623e+00, 6.73238303e-02, 0.00000000e+00, -11.3919936304, 0.9246568483, 10.0000000000, 953.6477507860, 0.0997507000
          31, 0.00000000e+00, 0.00000000e+00, 0.00000000e+00, 0.00000000e+00, 0.00000000e+00, 0.00000000e+00, 0.00000000e+00, 0.00000000e+00, 0.00000000e+00, 0.00000000e+00, 0.00000000e+00, 0.00000000e+00, 0.00000000e+00, 0.00000000e+00, 0.00000000e+00, -4.70106675e+00, -2.51895597e+00, -3.28559829e+00, -4.17149811e-02, 0.00000000e+00, -11.0617750700, 1.0447668035, 10.0000000000, 999.0000000000, 0.1033045167
          32, 0.00000000e+00, 0.00000000e+00, 0.00000000e+00, 0.00000000e+00, 0.00000000e+00, 0.00000000e+00, 0.00000000e+00, 0.00000000e+00, 0.00000000e+00, 0.00000000e+00, 0.00000000e+00, 0.00000000e+00, 0.00000000e+00, 0.00000000e+00, 0.00000000e+00, -4.71742925e+00, -2.49359373e+00, -3.30868016e+00, -3.44151727e-03, 0.00000000e+00, -10.7311037545, 1.0691119811, 10.0000000000, 999.0000000000, 0.1070208167
          33, 0.00000000e+00, 0.00000000e+00, 0.00000000e+00, 0.00000000e+00, 0.00000000e+00, 0.00000000e+00, 0.00000000e+00, 0.00000000e+00, 0.00000000e+00, 0.00000000e+00, 0.00000000e+00, 0.00000000e+00, 0.00000000e+00, 0.00000000e+00, 0.00000000e+00, -4.68248365e+00, -2.40886800e+00, -3.30996444e+00, 7.44344116e-02, 0.00000000e+00, -10.4142882063, 1.0374711857, 10.0000000000, 999.0000000000, 0.1116768333
          34, 0.00000000e+00, 0.00000000e+00, 0.00000000e+00, 0.00000000e+00, 0.00000000e+00, 0.00000000e+00, 0.00000000e+00, 0.00000000e+00, 0.00000000e+00, 0.00000000e+00, 0.00000000e+00, 0.00000000e+00, 0.00000000e+00, 0.00000000e+00, 0.00000000e+00, -4.69790424e+00, -2.39316437e+00, -3.30892775e+00, 7.45143338e-02, 0.00000000e+00, -10.0968225129, 1.0312435048, 10.0000000000, 990.9937798901, 0.1161945333
          35, 0.00000000e+00, 0.00000000e+00, 0.00000000e+00, 0.00000000e+00, 0.00000000e+00, 0.00000000e+00, 0.00000000e+00, 0.00000000e+00, 0.00000000e+00, 0.00000000e+00, 0.00000000e+00, 0.00000000e+00, 0.00000000e+00, 0.00000000e+00, 0.00000000e+00, -4.74615283e+00, -2.41510075e+00, -3.26274550e+00, 3.44018490e-02, 0.00000000e+00, -9.7695594561, 1.0733864341, 10.0000000000, 999.0000000000, 0.1208206500
          36, 0.00000000e+00, 0.00000000e+00, 0.00000000e+00, 0.00000000e+00, 0.00000000e+00, 0.00000000e+00, 0.00000000e+00, 0.00000000e+00, 0.00000000e+00, 0.00000000e+00, 0.00000000e+00, 0.00000000e+00, 0.00000000e+00, 0.00000000e+00, 0.00000000e+00, -4.78022470e+00, -2.43665196e+00, -3.24948722e+00, 5.98427707e-03, 0.00000000e+00, -9.4292918441, 1.1449781086, 10.0000000000, 999.0000000000, 0.1248631500
          37, 0.00000000e+00, 0.00000000e+00, 0.00000000e+00, 0.00000000e+00, 0.00000000e+00, 0.00000000e+00, 0.00000000e+00, 0.00000000e+00, 0.00000000e+00, 0.00000000e+00, 0.00000000e+00, 0.00000000e+00, 0.00000000e+00, 0.00000000e+00, 0.00000000e+00, -4.78417292e+00, -2.45078349e+00, -3.29509926e+00, 2.63805422e-03, 0.00000000e+00, -9.0857229300, 1.1906995456, 10.0000000000, 999.0000000000, 0.1286844333
          38, 0.00000000e+00, 0.00000000e+00, 0.00000000e+00, 0.00000000e+00, 0.00000000e+00, 0.00000000e+00, 0.00000000e+00, 0.00000000e+00, 0.00000000e+00, 0.00000000e+00, 0.00000000e+00, 0.00000000e+00, 0.00000000e+00, 0.00000000e+00, 0.00000000e+00, -4.80029675e+00, -2.48488419e+00, -3.35079198e+00, -1.90116893e-02, 0.00000000e+00, -8.7494362980, 1.1832265684, 10.0000000000, 999.0000000000, 0.1320351833
          39, 0.00000000e+00, 0.00000000e+00, 0.00000000e+00, 0.00000000e+00, 0.00000000e+00, 0.00000000e+00, 0.00000000e+00, 0.00000000e+00, 0.00000000e+00, 0.00000000e+00, 0.00000000e+00, 0.00000000e+00, 0.00000000e+00, 0.00000000e+00, 0.00000000e+00, -4.85692001e+00, -2.55369122e+00, -3.40575682e+00, -8.45465023e-02, 0.00000000e+00, -8.4184331536, 1.1639458639, 10.0000000000, 999.0000000000, 0.1357160500
          40, 0.00000000e+00, 0.00000000e+00, 0.00000000e+00, 0.00000000e+00, 0.00000000e+00, 0.00000000e+00, 0.00000000e+00, 0.00000000e+00, 0.00000000e+00, 0.00000000e+00, 0.00000000e+00, 0.00000000e+00, 0.00000000e+00, 0.00000000e+00, 0.00000000e+00, -4.93273363e+00, -2.63570271e+00, -3.46367625e+00, -1.70086109e-01, 0.00000000e+00, -8.0901324067, 1.1485587484, 10.0000000000, 999.0000000000, 0.1394033667
          41, 0.00000000e+00, 0.00000000e+00, 0.00000000e+00, 0.00000000e+00, 0.00000000e+00, 0.00000000e+00, 0.00000000e+00, 0.00000000e+00, 0.00000000e+00, 0.00000000e+00, 0.00000000e+00, 0.00000000e+00, 0.00000000e+00, 0.00000000e+00, 0.00000000e+00, -5.00359650e+00, -2.71141585e+00, -3.52330359e+00, -2.50350431e-01, 0.00000000e+00, -7.7639764228, 1.1341386953, 10.0000000000, 999.0000000000, 0.1436190833
          42, 0.00000000e+00, 0.00000000e+00, 0.00000000e+00, 0.00000000e+00, 0.00000000e+00, 0.00000000e+00, 0.00000000e+00, 0.00000000e+00, 0.00000000e+00, 0.00000000e+00, 0.00000000e+00, 0.00000000e+00, 0.00000000e+00, 0.00000000e+00, 0.00000000e+00, -5.05865619e+00, -2.77230946e+00, -3.58621115e+00, -3.12718489e-01, 0.00000000e+00, -7.4397223863, 1.1190048147, 10.0000000000, 999.0000000000, 0.1472049000
          43, 0.00000000e+00, 0.00000000e+00, 0.00000000e+00, 0.00000000e+00, 0.00000000e+00, 0.00000000e+00, 0.00000000e+00, 0.00000000e+00, 0.00000000e+00, 0.00000000e+00, 0.00000000e+00, 0.00000000e+00, 0.00000000e+00, 0.00000000e+00, 0.00000000e+00, -5.09714521e+00, -2.81630308e+00, -3.65124159e+00, -3.54675504e-01, 0.00000000e+00, -7.1172811822, 1.1016085660, 10.0000000000, 999.0000000000, 0.1506446333
          44, 0.00000000e+00, 0.00000000e+00, 0.00000000e+00, 0.00000000e+00, 0.00000000e+00, 0.00000000e+00, 0.00000000e+00, 0.00000000e+00, 0.00000000e+00, 0.00000000e+00, 0.00000000e+00, 0.00000000e+00, 0.00000000e+00, 0.00000000e+00, 0.00000000e+00, -5.12379301e+00, -2.84552369e+00, -3.71367655e+00, -3.80795258e-01, 0.00000000e+00, -6.7965489041, 1.0817783935, 10.0000000000, 999.0000000000, 0.1544672667
          45, 0.00000000e+00, 0.00000000e+00, 0.00000000e+00, 0.00000000e+00, 0.00000000e+00, 0.00000000e+00, 0.00000000e+00, 0.00000000e+00, 0.00000000e+00, 0.00000000e+00, 0.00000000e+00, 0.00000000e+00, 0.00000000e+00, 0.00000000e+00, 0.00000000e+00, -5.14487550e+00, -2.86530841e+00, -3.76472325e+00, -3.98797162e-01, 0.00000000e+00, -6.4771782664, 1.0621003336, 10.0000000000, 999.0000000000, 0.1581479000
          46, 0.00000000e+00, 0.00000000e+00, 0.00000000e+00, 0.00000000e+00, 0.00000000e+00, 0.00000000e+00, 0.00000000e+00, 0.00000000e+00, 0.00000000e+00, 0.00000000e+00, 0.00000000e+00, 0.00000000e+00, 0.00000000e+00, 0.00000000e+00, 0.00000000e+00, -5.16504703e+00, -2.88185911e+00, -3.79471377e+00, -4.15227642e-01, 0.00000000e+00, -6.1586052603, 1.0462847166, 10.0000000000, 999.0000000000, 0.1617777000
          47, 0.00000000e+00, 0.00000000e+00, 0.00000000e+00, 0.00000000e+00, 0.00000000e+00, 0.00000000e+00, 0.00000000e+00, 0.00000000e+00, 0.00000000e+00, 0.00000000e+00, 0.00000000e+00, 0.00000000e+00, 0.00000000e+00, 0.00000000e+00, 0.00000000e+00, -5.18568389e+00, -2.89921773e+00, -3.80048925e+00, -4.32918168e-01, 0.00000000e+00, -5.8402273797, 1.0370452376, 10.0000000000, 999.0000000000, 0.1656277333
          48, 0.00000000e+00, 0.00000000e+00, 0.00000000e+00, 0.00000000e+00, 0.00000000e+00, 0.00000000e+00, 0.00000000e+00, 0.00000000e+00, 0.00000000e+00, 0.00000000e+00, 0.00000000e+00, 0.00000000e+00, 0.00000000e+00, 0.00000000e+00, 0.00000000e+00, -5.20527915e+00, -2.91834707e+00, -3.78269136e+00, -4.51384149e-01, 0.00000000e+00, -5.5215320884, 1.0361096122, 10.0000000000, 999.0000000000, 0.1691549833
          49, 0.00000000e+00, 0.00000000e+00, 0.00000000e+00, 0.00000000e+00, 0.00000000e+00, 0.00000000e+00, 0.00000000e+00, 0.00000000e+00, 0.00000000e+00, 0.00000000e+00, 0.00000000e+00, 0.00000000e+00, 0.00000000e+00, 0.00000000e+00, 0.00000000e+00, -5.22023912e+00, -2.93773969e+00, -3.73446206e+00, -4.68066516e-01, 0.00000000e+00, -5.2022383416, 1.0463416280, 10.0000000000, 999.0000000000, 0.1727256667
          50, 0.00000000e+00, 0.00000000e+00, 0.00000000e+00, 0.00000000e+00, 0.00000000e+00, 0.00000000e+00, 0.00000000e+00, 0.00000000e+00, 0.00000000e+00, 0.00000000e+00, 0.00000000e+00, 0.00000000e+00, 0.00000000e+00, 0.00000000e+00, 0.00000000e+00, -5.22288562e+00, -2.95181231e+00, -3.63997234e+00, -4.76267436e-01, 0.00000000e+00, -4.8824113647, 1.0751484422, 10.0000000000, 999.0000000000, 0.1761422333
          51, 0.00000000e+00, 0.00000000e+00, 0.00000000e+00, 0.00000000e+00, 0.00000000e+00, 0.00000000e+00, 0.00000000e+00, 0.00000000e+00, 0.00000000e+00, 0.00000000e+00, 0.00000000e+00, 0.00000000e+00, 0.00000000e+00, 0.00000000e+00, 0.00000000e+00, -5.19665849e+00, -2.94520458e+00, -3.48684748e+00, -4.58694727e-01, 0.00000000e+00, -4.5626862946, 1.1345765278, 10.0000000000, 999.0000000000, 0.1796417500
          52, 0.00000000e+00, 0.00000000e+00, 0.00000000e+00, 0.00000000e+00, 0.00000000e+00, 0.00000000e+00, 0.00000000e+00, 0.00000000e+00, 0.00000000e+00, 0.00000000e+00, 0.00000000e+00, 0.00000000e+00, 0.00000000e+00, 0.00000000e+00, 0.00000000e+00, -5.12104971e+00, -2.89174907e+00, -3.27648067e+00, -3.90168927e-01, 0.00000000e+00, -4.2446784293, 1.2371243518, 10.0000000000, 992.9851994300, 0.1830821333
          53, 0.00000000e+00, 0.00000000e+00, 0.00000000e+00, 0.00000000e+00, 0.00000000e+00, 0.00000000e+00, 0.00000000e+00, 0.00000000e+00, 0.00000000e+00, 0.00000000e+00, 0.00000000e+00, 0.00000000e+00, 0.00000000e+00, 0.00000000e+00, 0.00000000e+00, -4.99158452e+00, -2.77334774e+00, -3.02464020e+00, -2.61824907e-01, 0.00000000e+00, -3.9323298443, 1.3967957872, 10.0000000000, 975.8473722311, 0.1866111000
          54, 0.00000000e+00, 0.00000000e+00, 0.00000000e+00, 0.00000000e+00, 0.00000000e+00, 0.00000000e+00, 0.00000000e+00, 0.00000000e+00, 0.00000000e+00, 0.00000000e+00, 0.00000000e+00, 0.00000000e+00, 0.00000000e+00, 0.00000000e+00, 0.00000000e+00, -4.82259653e+00, -2.59470005e+00, -2.75904574e+00, -8.94093412e-02, 0.00000000e+00, -3.6323629946, 1.5691937947, 10.0000000000, 947.1862355843, 0.1900502667
          55, 0.00000000e+00, 0.00000000e+00, 0.00000000e+00, 0.00000000e+00, 0.00000000e+00, 0.00000000e+00, 0.00000000e+00, 0.00000000e+00, 0.00000000e+00, 0.00000000e+00, 0.00000000e+00, 0.00000000e+00, 0.00000000e+00, 0.00000000e+00, 0.00000000e+00, -4.62309335e+00, -2.36684493e+00, -2.51949919e+00, 1.12471695e-01, 0.00000000e+00, -3.3413798400, 1.6851429738, 10.0000000000, 911.0381821659, 0.1936780000
          56, 0.00000000e+00, 0.00000000e+00, 0.00000000e+00, 0.00000000e+00, 0.00000000e+00, 0.00000000e+00, 0.00000000e+00, 0.00000000e+00, 0.00000000e+00, 0.00000000e+00, 0.00000000e+00, 0.00000000e+00, 0.00000000e+00, 0.00000000e+00, 0.00000000e+00, -4.40394591e+00, -2.12157263e+00, -2.32965405e+00, 3.24844086e-01, 0.00000000e+00, -3.0448543277, 1.8102220023, 10.0000000000, 870.1342453325, 0.1971989000
          57, 0.00000000e+00, 0.00000000e+00, 0.00000000e+00, 0.00000000e+00, 0.00000000e+00, 0.00000000e+00, 0.00000000e+00, 0.00000000e+00, 0.00000000e+00, 0.00000000e+00, 0.00000000e+00, 0.00000000e+00, 0.00000000e+00, 0.00000000e+00, 0.00000000e+00, -4.22243613e+00, -1.91291976e+00, -2.18234324e+00, 4.98627492e-01, 0.00000000e+00, -2.7551701026, 1.9071369603, 10.0000000000, 827.3161782411, 0.2007095500
          58, 0.00000000e+00, 0.00000000e+00, 0.00000000e+00, 0.00000000e+00, 0.00000000e+00, 0.00000000e+00, 0.00000000e+00, 0.00000000e+00, 0.00000000e+00, 0.00000000e+00, 0.00000000e+00, 0.00000000e+00, 0.00000000e+00, 0.00000000e+00, 0.00000000e+00, -4.12382387e+00, -1.79257514e+00, -2.08545227e+00, 6.07522528e-01, 0.00000000e+00, -2.4838715612, 1.8992211693, 10.0000000000, 793.4517813989, 0.2042407667
          59, 0.00000000e+00, 0.00000000e+00, 0.00000000e+00, 0.00000000e+00, 0.00000000e+00, 0.00000000e+00, 0.00000000e+00, 0.00000000e+00, 0.00000000e+00, 0.00000000e+00, 0.00000000e+00, 0.00000000e+00, 0.00000000e+00, 0.00000000e+00, 0.00000000e+00, -4.09344811e+00, -1.74618992e+00, -2.08557590e+00, 6.47920344e-01, 0.00000000e+00, -2.2067413950, 1.7613865237, 10.0000000000, 775.6384202283, 0.2079399333
          60, 0.00000000e+00, 0.00000000e+00, 0.00000000e+00, 0.00000000e+00, 0.00000000e+00, 0.00000000e+00, 0.00000000e+00, 0.00000000e+00, 0.00000000e+00, 0.00000000e+00, 0.00000000e+00, 0.00000000e+00, 0.00000000e+00, 0.00000000e+00, 0.00000000e+00, -4.10683992e+00, -1.74114811e+00, -2.16253192e+00, 6.31885658e-01, 0.00000000e+00, -1.9302623218, 1.6099994930, 10.0000000000, 770.2323182210, 0.2114082333
          61, 0.00000000e+00, 0.00000000e+00, 0.00000000e+00, 0.00000000e+00, 0.00000000e+00, 0.00000000e+00, 0.00000000e+00, 0.00000000e+00, 0.00000000e+00, 0.00000000e+00, 0.00000000e+00, 0.00000000e+00, 0.00000000e+00, 0.00000000e+00, 0.00000000e+00, -4.15717583e+00, -1.78634550e+00, -2.25007322e+00, 5.69685086e-01, 0.00000000e+00, -1.6782380138, 1.5941779210, 10.0000000000, 819.2290493882, 0.2149447000
          62, 0.00000000e+00, 0.00000000e+00, 0.00000000e+00, 0.00000000e+00, 0.00000000e+00, 0.00000000e+00, 0.00000000e+00, 0.00000000e+00, 0.00000000e+00, 0.00000000e+00, 0.00000000e+00, 0.00000000e+00, 0.00000000e+00, 0.00000000e+00, 0.00000000e+00, -4.19531957e+00, -1.84699576e+00, -2.20585783e+00, 5.25608332e-01, 0.00000000e+00, -1.4803102248, 1.6624802300, 10.0000000000, 999.0000000000, 0.2184314500
          63, 0.00000000e+00, 0.00000000e+00, 0.00000000e+00, 0.00000000e+00, 0.00000000e+00, 0.00000000e+00, 0.00000000e+00, 0.00000000e+00, 0.00000000e+00, 0.00000000e+00, 0.00000000e+00, 0.00000000e+00, 0.00000000e+00, 0.00000000e+00, 0.00000000e+00, -4.14827718e+00, -1.86599502e+00, -2.06038361e+00, 5.92029658e-01, 0.00000000e+00, -1.3443032002, 1.7088734450, 10.0000000000, 999.0000000000, 0.2218882833
          64, 0.00000000e+00, 0.00000000e+00, 0.00000000e+00, 0.00000000e+00, 0.00000000e+00, 0.00000000e+00, 0.00000000e+00, 0.00000000e+00, 0.00000000e+00, 0.00000000e+00, 0.00000000e+00, 0.00000000e+00, 0.00000000e+00, 0.00000000e+00, 0.00000000e+00, -4.08861607e+00, -1.83617474e+00, -1.96477852e+00, 6.82353961e-01, 0.00000000e+00, -1.2749131906, 1.7152683458, 10.0000000000, 988.2373157363, 0.2253948333
          65, 0.00000000e+00, 0.00000000e+00, 0.00000000e+00, 0.00000000e+00, 0.00000000e+00, 0.00000000e+00, 0.00000000e+00, 0.00000000e+00, 0.00000000e+00, 0.00000000e+00, 0.00000000e+00, 0.00000000e+00, 0.00000000e+00, 0.00000000e+00, 0.00000000e+00, -4.07509278e+00, -1.72894362e+00, -1.93058254e+00, 7.29927887e-01, 0.00000000e+00, -1.3089712350, 1.7620396606, 10.0000000000, 974.7542516136, 0.2289475000
          66, 0.00000000e+00, 0.00000000e+00, 0.00000000e+00, 0.00000000e+00, 0.00000000e+00, 0.00000000e+00, 0.00000000e+00, 0.00000000e+00, 0.00000000e+00, 0.00000000e+00, 0.00000000e+00, 0.00000000e+00, 0.00000000e+00, 0.00000000e+00, 0.00000000e+00, -4.10461051e+00, -1.72769747e+00, -2.07281534e+00, 6.50886840e-01, 0.00000000e+00, -1.4242454078, 1.6059006533, 10.0000000000, 971.7237312814, 0.2325029000
          67, 0.00000000e+00, 0.00000000e+00, 0.00000000e+00, 0.00000000e+00, 0.00000000e+00, 0.00000000e+00, 0.00000000e+00, 0.00000000e+00, 0.00000000e+00, 0.00000000e+00, 0.00000000e+00, 0.00000000e+00, 0.00000000e+00, 0.00000000e+00, 0.00000000e+00, -4.22604922e+00, -1.84595098e+00, -2.24825672e+00, 5.35015892e-01, 0.00000000e+00, -1.5502109902, 1.4065857529, 10.0000000000, 999.0000000000, 0.2362591333
          68, 0.00000000e+00, 0.00000000e+00, 0.00000000e+00, 0.00000000e+00, 0.00000000e+00, 0.00000000e+00, 0.00000000e+00, 0.00000000e+00, 0.00000000e+00, 0.00000000e+00, 0.00000000e+00, 0.00000000e+00, 0.00000000e+00, 0.00000000e+00, 0.00000000e+00, -4.43970143e+00, -2.03121219e+00, -2.41898875e+00, 3.41651735e-01, 0.00000000e+00, -1.6674766278, 1.3442271700, 10.0000000000, 999.0000000000, 0.2398242167
          69, 0.00000000e+00, 0.00000000e+00, 0.00000000e+00, 0.00000000e+00, 0.00000000e+00, 0.00000000e+00, 0.00000000e+00, 0.00000000e+00, 0.00000000e+00, 0.00000000e+00, 0.00000000e+00, 0.00000000e+00, 0.00000000e+00, 0.00000000e+00, 0.00000000e+00, -4.62796809e+00, -2.23817363e+00, -2.58335609e+00, 1.07200458e-01, 0.00000000e+00, -1.7692801233, 1.3303786419, 10.0000000000, 999.0000000000, 0.2432711167
          70, 0.00000000e+00, 0.00000000e+00, 0.00000000e+00, 0.00000000e+00, 0.00000000e+00, 0.00000000e+00, 0.00000000e+00, 0.00000000e+00, 0.00000000e+00, 0.00000000e+00, 0.00000000e+00, 0.00000000e+00, 0.00000000e+00, 0.00000000e+00, 0.00000000e+00, -4.75488505e+00, -2.39321436e+00, -2.77217568e+00, -4.02904422e-02, 0.00000000e+00, -1.8687434913, 1.2279572948, 10.0000000000, 999.0000000000, 0.2468221500
          71, 0.00000000e+00, 0.00000000e+00, 0.00000000e+00, 0.00000000e+00, 0.00000000e+00, 0.00000000e+00, 0.00000000e+00, 0.00000000e+00, 0.00000000e+00, 0.00000000e+00, 0.00000000e+00, 0.00000000e+00, 0.00000000e+00, 0.00000000e+00, 0.00000000e+00, -4.85020573e+00, -2.49381379e+00, -2.97010114e+00, -1.17846304e-01, 0.00000000e+00, -1.9453173681, 1.1134332901, 10.0000000000, 999.0000000000, 0.2506533667
          72, 0.00000000e+00, 0.00000000e+00, 0.00000000e+00, 0.00000000e+00, 0.00000000e+00, 0.00000000e+00, 0.00000000e+00, 0.00000000e+00, 0.00000000e+00, 0.00000000e+00, 0.00000000e+00, 0.00000000e+00, 0.00000000e+00, 0.00000000e+00, 0.00000000e+00, -4.85712603e+00, -2.51580909e+00, -3.13929325e+00, -8.62938892e-02, 0.00000000e+00, -1.9947435050, 1.0805495238, 10.0000000000, 999.0000000000, 0.2553393500
          73, 0.00000000e+00, 0.00000000e+00, 0.00000000e+00, 0.00000000e+00, 0.00000000e+00, 0.00000000e+00, 0.00000000e+00, 0.00000000e+00, 0.00000000e+00, 0.00000000e+00, 0.00000000e+00, 0.00000000e+00, 0.00000000e+00, 0.00000000e+00, 0.00000000e+00, -4.83970166e+00, -2.51478594e+00, -3.29300127e+00, -5.16380872e-02, 0.00000000e+00, -2.0344276575, 1.1383727853, 10.0000000000, 999.0000000000, 0.2589597500
          74, 0.00000000e+00, 0.00000000e+00, 0.00000000e+00, 0.00000000e+00, 0.00000000e+00, 0.00000000e+00, 0.00000000e+00, 0.00000000e+00, 0.00000000e+00, 0.00000000e+00, 0.00000000e+00, 0.00000000e+00, 0.00000000e+00, 0.00000000e+00, 0.00000000e+00, -4.95127696e+00, -2.64499453e+00, -3.41176305e+00, -1.74956180e-01, 0.00000000e+00, -2.0739024613, 1.1805359663, 10.0000000000, 994.9999336266, 0.2624651667
          75, 0.00000000e+00, 0.00000000e+00, 0.00000000e+00, 0.00000000e+00, 0.00000000e+00, 0.00000000e+00, 0.00000000e+00, 0.00000000e+00, 0.00000000e+00, 0.00000000e+00, 0.00000000e+00, 0.00000000e+00, 0.00000000e+00, 0.00000000e+00, 0.00000000e+00, -5.20914244e+00, -2.90826532e+00, -3.52173958e+00, -5.03228238e-01, 0.00000000e+00, -2.1092448325, 1.1549012791, 10.0000000000, 999.0000000000, 0.2672431833
          76, 0.00000000e+00, 0.00000000e+00, 0.00000000e+00, 0.00000000e+00, 0.00000000e+00, 0.00000000e+00, 0.00000000e+00, 0.00000000e+00, 0.00000000e+00, 0.00000000e+00, 0.00000000e+00, 0.00000000e+00, 0.00000000e+00, 0.00000000e+00, 0.00000000e+00, -5.22211557e+00, -2.87283035e+00, -3.57829516e+00, -4.75562645e-01, 0.00000000e+00, -2.1502144716, 1.0535066211, 10.0000000000, 999.0000000000, 0.2709193500
          77, 0.00000000e+00, 0.00000000e+00, 0.00000000e+00, 0.00000000e+00, 0.00000000e+00, 0.00000000e+00, 0.00000000e+00, 0.00000000e+00, 0.00000000e+00, 0.00000000e+00, 0.00000000e+00, 0.00000000e+00, 0.00000000e+00, 0.00000000e+00, 0.00000000e+00, -5.25440058e+00, -2.87791426e+00, -3.59236494e+00, -4.79264125e-01, 0.00000000e+00, -2.1779870399, 0.9188061748, 10.0000000000, 999.0000000000, 0.2746395667
          78, 0.00000000e+00, 0.00000000e+00, 0.00000000e+00, 0.00000000e+00, 0.00000000e+00, 0.00000000e+00, 0.00000000e+00, 0.00000000e+00, 0.00000000e+00, 0.00000000e+00, 0.00000000e+00, 0.00000000e+00, 0.00000000e+00, 0.00000000e+00, 0.00000000e+00, -5.37122883e+00, -2.95950307e+00, -3.62160278e+00, -5.88340659e-01, 0.00000000e+00, -2.2037453225, 0.8061043076, 10.0000000000, 999.0000000000, 0.2791228333
          79, 0.00000000e+00, 0.00000000e+00, 0.00000000e+00, 0.00000000e+00, 0.00000000e+00, 0.00000000e+00, 0.00000000e+00, 0.00000000e+00, 0.00000000e+00, 0.00000000e+00, 0.00000000e+00, 0.00000000e+00, 0.00000000e+00, 0.00000000e+00, 0.00000000e+00, -5.52009951e+00, -3.06515399e+00, -3.66070172e+00, -7.46986085e-01, 0.00000000e+00, -2.2349514095, 0.7128576670, 10.0000000000, 999.0000000000, 0.2826899333
          80, 0.00000000e+00, 0.00000000e+00, 0.00000000e+00, 0.00000000e+00, 0.00000000e+00, 0.00000000e+00, 0.00000000e+00, 0.00000000e+00, 0.00000000e+00, 0.00000000e+00, 0.00000000e+00, 0.00000000e+00, 0.00000000e+00, 0.00000000e+00, 0.00000000e+00, -5.62432977e+00, -3.15270048e+00, -3.70441894e+00, -8.87722536e-01, 0.00000000e+00, -2.2718959490, 0.6412530519, 10.0000000000, 999.0000000000, 0.2865067500
          81, 0.00000000e+00, 0.00000000e+00, 0.00000000e+00, 0.00000000e+00, 0.00000000e+00, 0.00000000e+00, 0.00000000e+00, 0.00000000e+00, 0.00000000e+00, 0.00000000e+00, 0.00000000e+00, 0.00000000e+00, 0.00000000e+00, 0.00000000e+00, 0.00000000e+00, -5.65148573e+00, -3.20263875e+00, -3.75492562e+00, -9.44396290e-01, 0.00000000e+00, -2.3145632290, 0.5896950881, 10.0000000000, 999.0000000000, 0.2902523167
          82, 0.00000000e+00, 0.00000000e+00, 0.00000000e+00, 0.00000000e+00, 0.00000000e+00, 0.00000000e+00, 0.00000000e+00, 0.00000000e+00, 0.00000000e+00, 0.00000000e+00, 0.00000000e+00, 0.00000000e+00, 0.00000000e+00, 0.00000000e+00, 0.00000000e+00, -5.65845239e+00, -3.23108654e+00, -3.81444633e+00, -9.59960755e-01, 0.00000000e+00, -2.3681457004, 0.5459815296, 10.0000000000, 999.0000000000, 0.2939693167
          83, 0.00000000e+00, 0.00000000e+00, 0.00000000e+00, 0.00000000e+00, 0.00000000e+00, 0.00000000e+00, 0.00000000e+00, 0.00000000e+00, 0.00000000e+00, 0.00000000e+00, 0.00000000e+00, 0.00000000e+00, 0.00000000e+00, 0.00000000e+00, 0.00000000e+00, -5.68913885e+00, -3.25477862e+00, -3.87807155e+00, -9.94004520e-01, 0.00000000e+00, -2.4289726123, 0.5056026597, 10.0000000000, 999.0000000000, 0.2981014500
          84, 0.00000000e+00, 0.00000000e+00, 0.00000000e+00, 0.00000000e+00, 0.00000000e+00, 0.00000000e+00, 0.00000000e+00, 0.00000000e+00, 0.00000000e+00, 0.00000000e+00, 0.00000000e+00, 0.00000000e+00, 0.00000000e+00, 0.00000000e+00, 0.00000000e+00, -5.74012932e+00, -3.28277419e+00, -3.93270213e+00, -1.04699226e+00, 0.00000000e+00, -2.4960388102, 0.4700975009, 10.0000000000, 999.0000000000, 0.3015197333
          85, 0.00000000e+00, 0.00000000e+00, 0.00000000e+00, 0.00000000e+00, 0.00000000e+00, 0.00000000e+00, 0.00000000e+00, 0.00000000e+00, 0.00000000e+00, 0.00000000e+00, 0.00000000e+00, 0.00000000e+00, 0.00000000e+00, 0.00000000e+00, 0.00000000e+00, -5.79380378e+00, -3.31766355e+00, -3.97752384e+00, -1.10069209e+00, 0.00000000e+00, -2.5633072830, 0.4382186044, 10.0000000000, 999.0000000000, 0.3050329833
          86, 0.00000000e+00, 0.00000000e+00, 0.00000000e+00, 0.00000000e+00, 0.00000000e+00, 0.00000000e+00, 0.00000000e+00, 0.00000000e+00, 0.00000000e+00, 0.00000000e+00, 0.00000000e+00, 0.00000000e+00, 0.00000000e+00, 0.00000000e+00, 0.00000000e+00, -5.84308303e+00, -3.35860838e+00, -4.01802759e+00, -1.14828325e+00, 0.00000000e+00, -2.6250279298, 0.4069386997, 10.0000000000, 999.0000000000, 0.3085364000
          87, 0.00000000e+00, 0.00000000e+00, 0.00000000e+00, 0.00000000e+00, 0.00000000e+00, 0.00000000e+00, 0.00000000e+00, 0.00000000e+00, 0.00000000e+00, 0.00000000e+00, 0.00000000e+00, 0.00000000e+00, 0.00000000e+00, 0.00000000e+00, 0.00000000e+00, -5.88616286e+00, -3.40090602e+00, -4.05917667e+00, -1.18650553e+00, 0.00000000e+00, -2.6783363063, 0.3708894988, 10.0000000000, 999.0000000000, 0.3122433333
          88, 0.00000000e+00, 0.00000000e+00, 0.00000000e+00, 0.00000000e+00, 0.00000000e+00, 0.00000000e+00, 0.00000000e+00, 0.00000000e+00, 0.00000000e+00, 0.00000000e+00, 0.00000000e+00, 0.00000000e+00, 0.00000000e+00, 0.00000000e+00, 0.00000000e+00, -5.92056045e+00, -3.43949023e+00, -4.10048952e+00, -1.21008495e+00, 0.00000000e+00, -2.7265554654, 0.3279066732, 10.0000000000, 999.0000000000, 0.3159010000
          89, 0.00000000e+00, 0.00000000e+00, 0.00000000e+00, 0.00000000e+00, 0.00000000e+00, 0.00000000e+00, 0.00000000e+00, 0.00000000e+00, 0.00000000e+00, 0.00000000e+00, 0.00000000e+00, 0.00000000e+00, 0.00000000e+00, 0.00000000e+00, 0.00000000e+00, -5.94432885e+00, -3.47091376e+00, -4.14237730e+00, -1.21762602e+00, 0.00000000e+00, -2.7729365150, 0.2799430784, 10.0000000000, 999.0000000000, 0.3193872000
          90, 0.00000000e+00, 0.00000000e+00, 0.00000000e+00, 0.00000000e+00, 0.00000000e+00, 0.00000000e+00, 0.00000000e+00, 0.00000000e+00, 0.00000000e+00, 0.00000000e+00, 0.00000000e+00, 0.00000000e+00, 0.00000000e+00, 0.00000000e+00, 0.00000000e+00, -5.96076898e+00, -3.49675682e+00, -4.18427137e+00, -1.21735381e+00, 0.00000000e+00, -2.8183960612, 0.2294382235, 10.0000000000, 999.0000000000, 0.3230581833
          91, 0.00000000e+00, 0.00000000e+00, 0.00000000e+00, 0.00000000e+00, 0.00000000e+00, 0.00000000e+00, 0.00000000e+00, 0.00000000e+00, 0.00000000e+00, 0.00000000e+00, 0.00000000e+00, 0.00000000e+00, 0.00000000e+00, 0.00000000e+00, 0.00000000e+00, -5.97773900e+00, -3.52250376e+00, -4.22673524e+00, -1.22179794e+00, 0.00000000e+00, -2.8628470052, 0.1781151614, 10.0000000000, 999.0000000000, 0.3267950333
          92, 0.00000000e+00, 0.00000000e+00, 0.00000000e+00, 0.00000000e+00, 0.00000000e+00, 0.00000000e+00, 0.00000000e+00, 0.00000000e+00, 0.00000000e+00, 0.00000000e+00, 0.00000000e+00, 0.00000000e+00, 0.00000000e+00, 0.00000000e+00, 0.00000000e+00, -6.00297675e+00, -3.55409710e+00, -4.26973210e+00, -1.24020297e+00, 0.00000000e+00, -2.9070201717, 0.1256483150, 10.0000000000, 999.0000000000, 0.3303183000
          93, 0.00000000e+00, 0.00000000e+00, 0.00000000e+00, 0.00000000e+00, 0.00000000e+00, 0.00000000e+00, 0.00000000e+00, 0.00000000e+00, 0.00000000e+00, 0.00000000e+00, 0.00000000e+00, 0.00000000e+00, 0.00000000e+00, 0.00000000e+00, 0.00000000e+00, -6.04121762e+00, -3.59535224e+00, -4.31310214e+00, -1.27709371e+00, 0.00000000e+00, -2.9529345071, 0.0701444854, 10.0000000000, 999.0000000000, 0.3338929167
          94, 0.00000000e+00, 0.00000000e+00, 0.00000000e+00, 0.00000000e+00, 0.00000000e+00, 0.00000000e+00, 0.00000000e+00, 0.00000000e+00, 0.00000000e+00, 0.00000000e+00, 0.00000000e+00, 0.00000000e+00, 0.00000000e+00, 0.00000000e+00, 0.00000000e+00, -6.09329934e+00, -3.64689761e+00, -4.35776720e+00, -1.33275116e+00, 0.00000000e+00, -3.0023942385, 0.0102000137, 10.0000000000, 999.0000000000, 0.3374093667
          95, 0.00000000e+00, 0.00000000e+00, 0.00000000e+00, 0.00000000e+00, 0.00000000e+00, 0.00000000e+00, 0.00000000e+00, 0.00000000e+00, 0.00000000e+00, 0.00000000e+00, 0.00000000e+00, 0.00000000e+00, 0.00000000e+00, 0.00000000e+00, 0.00000000e+00, -6.15594811e+00, -3.70573141e+00, -4.40453605e+00, -1.40304019e+00, 0.00000000e+00, -3.0554739224, -0.0537326504, 10.0000000000, 999.0000000000, 0.3411290667
          96, 0.00000000e+00, 0.00000000e+00, 0.00000000e+00, 0.00000000e+00, 0.00000000e+00, 0.00000000e+00, 0.00000000e+00, 0.00000000e+00, 0.00000000e+00, 0.00000000e+00, 0.00000000e+00, 0.00000000e+00, 0.00000000e+00, 0.00000000e+00, 0.00000000e+00, -6.22339878e+00, -3.76742554e+00, -4.45324249e+00, -1.48058029e+00, 0.00000000e+00, -3.1107681512, -0.1191234083, 10.0000000000, 999.0000000000, 0.3445312167
          97, 0.00000000e+00, 0.00000000e+00, 0.00000000e+00, 0.00000000e+00, 0.00000000e+00, 0.00000000e+00, 0.00000000e+00, 0.00000000e+00, 0.00000000e+00, 0.00000000e+00, 0.00000000e+00, 0.00000000e+00, 0.00000000e+00, 0.00000000e+00, 0.00000000e+00, -6.29040395e+00, -3.82831265e+00, -4.50312946e+00, -1.55782518e+00, 0.00000000e+00, -3.1661898745, -0.1827993410, 10.0000000000, 999.0000000000, 0.3479655333
          98, 0.00000000e+00, 0.00000000e+00, 0.00000000e+00, 0.00000000e+00, 0.00000000e+00, 0.00000000e+00, 0.00000000e+00, 0.00000000e+00, 0.00000000e+00, 0.00000000e+00, 0.00000000e+00, 0.00000000e+00, 0.00000000e+00, 0.00000000e+00, 0.00000000e+00, -6.35412684e+00, -3.88687884e+00, -4.55350758e+00, -1.62991158e+00, 0.00000000e+00, -3.2202043017, -0.2429248065, 10.0000000000, 999.0000000000, 0.3514332500
          99, 0.00000000e+00, 0.00000000e+00, 0.00000000e+00, 0.00000000e+00, 0.00000000e+00, 0.00000000e+00, 0.00000000e+00, 0.00000000e+00, 0.00000000e+00, 0.00000000e+00, 0.00000000e+00, 0.00000000e+00, 0.00000000e+00, 0.00000000e+00, 0.00000000e+00, -6.41396464e+00, -3.94328913e+00, -4.60463400e+00, -1.69539817e+00, 0.00000000e+00, -3.2724586431, -0.2999422430, 10.0000000000, 999.0000000000, 0.3548919833
         100, 0.00000000e+00, 0.00000000e+00, 0.00000000e+00, 0.00000000e+00, 0.00000000e+00, 0.00000000e+00, 0.00000000e+00, 0.00000000e+00, 0.00000000e+00, 0.00000000e+00, 0.00000000e+00, 0.00000000e+00, 0.00000000e+00, 0.00000000e+00, 0.00000000e+00, -6.47040833e+00, -3.99869691e+00, -4.65670281e+00, -1.75514593e+00, 0.00000000e+00, -3.3235444278, -0.3549772017, 10.0000000000, 999.0000000000, 0.3583370500
         101, 0.00000000e+00, 0.00000000e+00, 0.00000000e+00, 0.00000000e+00, 0.00000000e+00, 0.00000000e+00, 0.00000000e+00, 0.00000000e+00, 0.00000000e+00, 0.00000000e+00, 0.00000000e+00, 0.00000000e+00, 0.00000000e+00, 0.00000000e+00, 0.00000000e+00, -6.52451818e+00, -4.05424360e+00, -4.70988527e+00, -1.81118849e+00, 0.00000000e+00, -3.3747983334, -0.4090008340, 10.0000000000, 999.0000000000, 0.3617907167
         102, 0.00000000e+00, 0.00000000e+00, 0.00000000e+00, 0.00000000e+00, 0.00000000e+00, 0.00000000e+00, 0.00000000e+00, 0.00000000e+00, 0.00000000e+00, 0.00000000e+00, 0.00000000e+00, 0.00000000e+00, 0.00000000e+00, 0.00000000e+00, 0.00000000e+00, -6.57769875e+00, -4.11125502e+00, -4.76474620e+00, -1.86599639e+00, 0.00000000e+00, -3.4279806464, -0.4642493962, 10.0000000000, 999.0000000000, 0.3651018500
         103, 0.00000000e+00, 0.00000000e+00, 0.00000000e+00, 0.00000000e+00, 0.00000000e+00, 0.00000000e+00, 0.00000000e+00, 0.00000000e+00, 0.00000000e+00, 0.00000000e+00, 0.00000000e+00, 0.00000000e+00, 0.00000000e+00, 0.00000000e+00, 0.00000000e+00, -6.63119593e+00, -4.17048038e+00, -4.82210387e+00, -1.92170438e+00, 0.00000000e+00, -3.4837661321, -0.5234746385, 10.0000000000, 999.0000000000, 0.3688242000
         104, 0.00000000e+00, 0.00000000e+00, 0.00000000e+00, 0.00000000e+00, 0.00000000e+00, 0.00000000e+00, 0.00000000e+00, 0.00000000e+00, 0.00000000e+00, 0.00000000e+00, 0.00000000e+00, 0.00000000e+00, 0.00000000e+00, 0.00000000e+00, 0.00000000e+00, -6.68576770e+00, -4.23237757e+00, -4.88142428e+00, -1.97954343e+00, 0.00000000e+00, -3.5422256004, -0.5861007017, 10.0000000000, 999.0000000000, 0.3722511500
         105, 0.00000000e+00, 0.00000000e+00, 0.00000000e+00, 0.00000000e+00, 0.00000000e+00, 0.00000000e+00, 0.00000000e+00, 0.00000000e+00, 0.00000000e+00, 0.00000000e+00, 0.00000000e+00, 0.00000000e+00, 0.00000000e+00, 0.00000000e+00, 0.00000000e+00, -6.74196144e+00, -4.29721639e+00, -4.94237890e+00, -2.04001265e+00, 0.00000000e+00, -3.6044029211, -0.6516704225, 10.0000000000, 999.0000000000, 0.3756929667
         106, 0.00000000e+00, 0.00000000e+00, 0.00000000e+00, 0.00000000e+00, 0.00000000e+00, 0.00000000e+00, 0.00000000e+00, 0.00000000e+00, 0.00000000e+00, 0.00000000e+00, 0.00000000e+00, 0.00000000e+00, 0.00000000e+00, 0.00000000e+00, 0.00000000e+00, -6.79988630e+00, -4.36452928e+00, -5.00661228e+00, -2.10282821e+00, 0.00000000e+00, -3.6694651790, -0.7219316067, 10.0000000000, 999.0000000000, 0.3792773333
         107, 0.00000000e+00, 0.00000000e+00, 0.00000000e+00, 0.00000000e+00, 0.00000000e+00, 0.00000000e+00, 0.00000000e+00, 0.00000000e+00, 0.00000000e+00, 0.00000000e+00, 0.00000000e+00, 0.00000000e+00, 0.00000000e+00, 0.00000000e+00, 0.00000000e+00, -6.85958846e+00, -4.43359538e+00, -5.07340056e+00, -2.16740995e+00, 0.00000000e+00, -3.7363316341, -0.7972405786, 10.0000000000, 999.0000000000, 0.3833074167
         108, 0.00000000e+00, 0.00000000e+00, 0.00000000e+00, 0.00000000e+00, 0.00000000e+00, 0.00000000e+00, 0.00000000e+00, 0.00000000e+00, 0.00000000e+00, 0.00000000e+00, 0.00000000e+00, 0.00000000e+00, 0.00000000e+00, 0.00000000e+00, 0.00000000e+00, -6.92088764e+00, -4.50408260e+00, -5.14083307e+00, -2.23289392e+00, 0.00000000e+00, -3.8044937236, -0.8751341420, 10.0000000000, 999.0000000000, 0.3885671500
         109, 0.00000000e+00, 0.00000000e+00, 0.00000000e+00, 0.00000000e+00, 0.00000000e+00, 0.00000000e+00, 0.00000000e+00, 0.00000000e+00, 0.00000000e+00, 0.00000000e+00, 0.00000000e+00, 0.00000000e+00, 0.00000000e+00, 0.00000000e+00, 0.00000000e+00, -6.98382341e+00, -4.57560923e+00, -5.20891958e+00, -2.29876942e+00, 0.00000000e+00, -3.8732448357, -0.9549987040, 10.0000000000, 999.0000000000, 0.3919990333
         110, 0.00000000e+00, 0.00000000e+00, 0.00000000e+00, 0.00000000e+00, 0.00000000e+00, 0.00000000e+00, 0.00000000e+00, 0.00000000e+00, 0.00000000e+00, 0.00000000e+00, 0.00000000e+00, 0.00000000e+00, 0.00000000e+00, 0.00000000e+00, 0.00000000e+00, -7.04870977e+00, -4.64720591e+00, -5.27860737e+00, -2.36500606e+00, 0.00000000e+00, -3.9410833060, -1.0377988659, 10.0000000000, 999.0000000000, 0.3953243833
         111, 0.00000000e+00, 0.00000000e+00, 0.00000000e+00, 0.00000000e+00, 0.00000000e+00, 0.00000000e+00, 0.00000000e+00, 0.00000000e+00, 0.00000000e+00, 0.00000000e+00, 0.00000000e+00, 0.00000000e+00, 0.00000000e+00, 0.00000000e+00, 0.00000000e+00, -7.11528532e+00, -4.71839612e+00, -5.34798417e+00, -2.43104591e+00, 0.00000000e+00, -4.0073293737, -1.1220988185, 10.0000000000, 999.0000000000, 0.3987612167
         112, 0.00000000e+00, 0.00000000e+00, 0.00000000e+00, 0.00000000e+00, 0.00000000e+00, 0.00000000e+00, 0.00000000e+00, 0.00000000e+00, 0.00000000e+00, 0.00000000e+00, 0.00000000e+00, 0.00000000e+00, 0.00000000e+00, 0.00000000e+00, 0.00000000e+00, -7.18269768e+00, -4.78899466e+00, -5.41568192e+00, -2.49579099e+00, 0.00000000e+00, -4.0721844163, -1.2037710975, 10.0000000000, 999.0000000000, 0.4021220167
         113, 0.00000000e+00, 0.00000000e+00, 0.00000000e+00, 0.00000000e+00, 0.00000000e+00, 0.00000000e+00, 0.00000000e+00, 0.00000000e+00, 0.00000000e+00, 0.00000000e+00, 0.00000000e+00, 0.00000000e+00, 0.00000000e+00, 0.00000000e+00, 0.00000000e+00, -7.25010473e+00, -4.85874188e+00, -5.48287338e+00, -2.55845385e+00, 0.00000000e+00, -4.1362349171, -1.2819353671, 10.0000000000, 999.0000000000, 0.4057944500
         114, 0.00000000e+00, 0.00000000e+00, 0.00000000e+00, 0.00000000e+00, 0.00000000e+00, 0.00000000e+00, 0.00000000e+00, 0.00000000e+00, 0.00000000e+00, 0.00000000e+00, 0.00000000e+00, 0.00000000e+00, 0.00000000e+00, 0.00000000e+00, 0.00000000e+00, -7.31700213e+00, -4.92722875e+00, -5.55080487e+00, -2.61895431e+00, 0.00000000e+00, -4.1994161912, -1.3604083211, 10.0000000000, 999.0000000000, 0.4091048833
         115, 0.00000000e+00, 0.00000000e+00, 0.00000000e+00, 0.00000000e+00, 0.00000000e+00, 0.00000000e+00, 0.00000000e+00, 0.00000000e+00, 0.00000000e+00, 0.00000000e+00, 0.00000000e+00, 0.00000000e+00, 0.00000000e+00, 0.00000000e+00, 0.00000000e+00, -7.38293319e+00, -4.99406968e+00, -5.61856087e+00, -2.67743520e+00, 0.00000000e+00, -4.2610051441, -1.4371127784, 10.0000000000, 999.0000000000, 0.4125998167
         116, 0.00000000e+00, 0.00000000e+00, 0.00000000e+00, 0.00000000e+00, 0.00000000e+00, 0.00000000e+00, 0.00000000e+00, 0.00000000e+00, 0.00000000e+00, 0.00000000e+00, 0.00000000e+00, 0.00000000e+00, 0.00000000e+00, 0.00000000e+00, 0.00000000e+00, -7.44748605e+00, -5.05994979e+00, -5.68406900e+00, -2.73416030e+00, 0.00000000e+00, -4.3226401581, -1.5067638520, 10.0000000000, 999.0000000000, 0.4159057167
         117, 0.00000000e+00, 0.00000000e+00, 0.00000000e+00, 0.00000000e+00, 0.00000000e+00, 0.00000000e+00, 0.00000000e+00, 0.00000000e+00, 0.00000000e+00, 0.00000000e+00, 0.00000000e+00, 0.00000000e+00, 0.00000000e+00, 0.00000000e+00, 0.00000000e+00, -7.51116027e+00, -5.12530977e+00, -5.74960426e+00, -2.79029513e+00, 0.00000000e+00, -4.3844836672, -1.5712364132, 10.0000000000, 999.0000000000, 0.4193878167
         118, 0.00000000e+00, 0.00000000e+00, 0.00000000e+00, 0.00000000e+00, 0.00000000e+00, 0.00000000e+00, 0.00000000e+00, 0.00000000e+00, 0.00000000e+00, 0.00000000e+00, 0.00000000e+00, 0.00000000e+00, 0.00000000e+00, 0.00000000e+00, 0.00000000e+00, -7.57450716e+00, -5.18987392e+00, -5.81662180e+00, -2.84678230e+00, 0.00000000e+00, -4.4462454691, -1.6383321173, 10.0000000000, 999.0000000000, 0.4227054500
         119, 0.00000000e+00, 0.00000000e+00, 0.00000000e+00, 0.00000000e+00, 0.00000000e+00, 0.00000000e+00, 0.00000000e+00, 0.00000000e+00, 0.00000000e+00, 0.00000000e+00, 0.00000000e+00, 0.00000000e+00, 0.00000000e+00, 0.00000000e+00, 0.00000000e+00, -7.63715213e+00, -5.25362604e+00, -5.88337262e+00, -2.90344531e+00, 0.00000000e+00, -4.5066066084, -1.7054427837, 10.0000000000, 999.0000000000, 0.4260121667
         120, 0.00000000e+00, 0.00000000e+00, 0.00000000e+00, 0.00000000e+00, 0.00000000e+00, 0.00000000e+00, 0.00000000e+00, 0.00000000e+00, 0.00000000e+00, 0.00000000e+00, 0.00000000e+00, 0.00000000e+00, 0.00000000e+00, 0.00000000e+00, 0.00000000e+00, -7.69877569e+00, -5.31708404e+00, -5.94697174e+00, -2.95999161e+00, 0.00000000e+00, -4.5670722121, -1.7644532894, 10.0000000000, 999.0000000000, 0.4293369167
         121, 0.00000000e+00, 0.00000000e+00, 0.00000000e+00, 0.00000000e+00, 0.00000000e+00, 0.00000000e+00, 0.00000000e+00, 0.00000000e+00, 0.00000000e+00, 0.00000000e+00, 0.00000000e+00, 0.00000000e+00, 0.00000000e+00, 0.00000000e+00, 0.00000000e+00, -7.75958359e+00, -5.38062636e+00, -6.01007246e+00, -3.01659405e+00, 0.00000000e+00, -4.6286902238, -1.8201895760, 10.0000000000, 999.0000000000, 0.4326816000
         122, 0.00000000e+00, 0.00000000e+00, 0.00000000e+00, 0.00000000e+00, 0.00000000e+00, 0.00000000e+00, 0.00000000e+00, 0.00000000e+00, 0.00000000e+00, 0.00000000e+00, 0.00000000e+00, 0.00000000e+00, 0.00000000e+00, 0.00000000e+00, 0.00000000e+00, -7.81997205e+00, -5.44343968e+00, -6.07549502e+00, -3.07353939e+00, 0.00000000e+00, -4.6899893534, -1.8828185582, 10.0000000000, 999.0000000000, 0.4360381500
         123, 0.00000000e+00, 0.00000000e+00, 0.00000000e+00, 0.00000000e+00, 0.00000000e+00, 0.00000000e+00, 0.00000000e+00, 0.00000000e+00, 0.00000000e+00, 0.00000000e+00, 0.00000000e+00, 0.00000000e+00, 0.00000000e+00, 0.00000000e+00, 0.00000000e+00, -7.87964583e+00, -5.50513904e+00, -6.14019426e+00, -3.13037156e+00, 0.00000000e+00, -4.7499870293, -1.9475292150, 10.0000000000, 999.0000000000, 0.4395274833
         124, 0.00000000e+00, 0.00000000e+00, 0.00000000e+00, 0.00000000e+00, 0.00000000e+00, 0.00000000e+00, 0.00000000e+00, 0.00000000e+00, 0.00000000e+00, 0.00000000e+00, 0.00000000e+00, 0.00000000e+00, 0.00000000e+00, 0.00000000e+00, 0.00000000e+00, -7.93823156e+00, -5.56623216e+00, -6.20041814e+00, -3.18658745e+00, 0.00000000e+00, -4.8098429385, -2.0012853269, 10.0000000000, 999.0000000000, 0.4431251167
         125, 0.00000000e+00, 0.00000000e+00, 0.00000000e+00, 0.00000000e+00, 0.00000000e+00, 0.00000000e+00, 0.00000000e+00, 0.00000000e+00, 0.00000000e+00, 0.00000000e+00, 0.00000000e+00, 0.00000000e+00, 0.00000000e+00, 0.00000000e+00, 0.00000000e+00, -7.99598985e+00, -5.62736265e+00, -6.25972021e+00, -3.24234784e+00, 0.00000000e+00, -4.8716061101, -2.0511533821, 10.0000000000, 999.0000000000, 0.4465797667
         126, 0.00000000e+00, 0.00000000e+00, 0.00000000e+00, 0.00000000e+00, 0.00000000e+00, 0.00000000e+00, 0.00000000e+00, 0.00000000e+00, 0.00000000e+00, 0.00000000e+00, 0.00000000e+00, 0.00000000e+00, 0.00000000e+00, 0.00000000e+00, 0.00000000e+00, -8.05345099e+00, -5.68735327e+00, -6.32318837e+00, -3.29813318e+00, 0.00000000e+00, -4.9324817919, -2.1131365938, 10.0000000000, 999.0000000000, 0.4500850333
         127, 0.00000000e+00, 0.00000000e+00, 0.00000000e+00, 0.00000000e+00, 0.00000000e+00, 0.00000000e+00, 0.00000000e+00, 0.00000000e+00, 0.00000000e+00, 0.00000000e+00, 0.00000000e+00, 0.00000000e+00, 0.00000000e+00, 0.00000000e+00, 0.00000000e+00, -8.11018454e+00, -5.74589396e+00, -6.38608151e+00, -3.35345137e+00, 0.00000000e+00, -4.9913877744, -2.1760227249, 10.0000000000, 999.0000000000, 0.4535390333
         128, 0.00000000e+00, 0.00000000e+00, 0.00000000e+00, 0.00000000e+00, 0.00000000e+00, 0.00000000e+00, 0.00000000e+00, 0.00000000e+00, 0.00000000e+00, 0.00000000e+00, 0.00000000e+00, 0.00000000e+00, 0.00000000e+00, 0.00000000e+00, 0.00000000e+00, -8.16598773e+00, -5.80388869e+00, -6.44248527e+00, -3.40806609e+00, 0.00000000e+00, -5.0496442002, -2.2203366605, 10.0000000000, 999.0000000000, 0.4572197833
         129, 0.00000000e+00, 0.00000000e+00, 0.00000000e+00, 0.00000000e+00, 0.00000000e+00, 0.00000000e+00, 0.00000000e+00, 0.00000000e+00, 0.00000000e+00, 0.00000000e+00, 0.00000000e+00, 0.00000000e+00, 0.00000000e+00, 0.00000000e+00, 0.00000000e+00, -8.22134362e+00, -5.86249234e+00, -6.49741034e+00, -3.46239601e+00, 0.00000000e+00, -5.1110983359, -2.2602616900, 10.0000000000, 999.0000000000, 0.4606484500
         130, 0.00000000e+00, 0.00000000e+00, 0.00000000e+00, 0.00000000e+00, 0.00000000e+00, 0.00000000e+00, 0.00000000e+00, 0.00000000e+00, 0.00000000e+00, 0.00000000e+00, 0.00000000e+00, 0.00000000e+00, 0.00000000e+00, 0.00000000e+00, 0.00000000e+00, -8.27675031e+00, -5.91971305e+00, -6.55963444e+00, -3.51695211e+00, 0.00000000e+00, -5.1703481861, -2.3219830044, 10.0000000000, 999.0000000000, 0.4641698667
         131, 0.00000000e+00, 0.00000000e+00, 0.00000000e+00, 0.00000000e+00, 0.00000000e+00, 0.00000000e+00, 0.00000000e+00, 0.00000000e+00, 0.00000000e+00, 0.00000000e+00, 0.00000000e+00, 0.00000000e+00, 0.00000000e+00, 0.00000000e+00, 0.00000000e+00, -8.33114281e+00, -5.97519122e+00, -6.62119155e+00, -3.57062406e+00, 0.00000000e+00, -5.2271302971, -2.3784226466, 10.0000000000, 999.0000000000, 0.4676009167
         132, 0.00000000e+00, 0.00000000e+00, 0.00000000e+00, 0.00000000e+00, 0.00000000e+00, 0.00000000e+00, 0.00000000e+00, 0.00000000e+00, 0.00000000e+00, 0.00000000e+00, 0.00000000e+00, 0.00000000e+00, 0.00000000e+00, 0.00000000e+00, 0.00000000e+00, -8.38471012e+00, -6.03050471e+00, -6.67330529e+00, -3.62361723e+00, 0.00000000e+00, -5.2832412975, -2.4055345086, 10.0000000000, 999.0000000000, 0.4711922333
         133, 0.00000000e+00, 0.00000000e+00, 0.00000000e+00, 0.00000000e+00, 0.00000000e+00, 0.00000000e+00, 0.00000000e+00, 0.00000000e+00, 0.00000000e+00, 0.00000000e+00, 0.00000000e+00, 0.00000000e+00, 0.00000000e+00, 0.00000000e+00, 0.00000000e+00, -8.43843303e+00, -6.08723710e+00, -6.72360876e+00, -3.67682493e+00, 0.00000000e+00, -5.3443574611, -2.4311853713, 10.0000000000, 999.0000000000, 0.4747718167
         134, 0.00000000e+00, 0.00000000e+00, 0.00000000e+00, 0.00000000e+00, 0.00000000e+00, 0.00000000e+00, 0.00000000e+00, 0.00000000e+00, 0.00000000e+00, 0.00000000e+00, 0.00000000e+00, 0.00000000e+00, 0.00000000e+00, 0.00000000e+00, 0.00000000e+00, -8.49248434e+00, -6.14219900e+00, -6.78538898e+00, -3.73046814e+00, 0.00000000e+00, -5.4012618559, -2.4968821470, 10.0000000000, 999.0000000000, 0.4782038833
         135, 0.00000000e+00, 0.00000000e+00, 0.00000000e+00, 0.00000000e+00, 0.00000000e+00, 0.00000000e+00, 0.00000000e+00, 0.00000000e+00, 0.00000000e+00, 0.00000000e+00, 0.00000000e+00, 0.00000000e+00, 0.00000000e+00, 0.00000000e+00, 0.00000000e+00, -8.54471104e+00, -6.19490934e+00, -6.84626245e+00, -3.78232930e+00, 0.00000000e+00, -5.4553189729, -2.5387428094, 10.0000000000, 999.0000000000, 0.4815736000
         136, 0.00000000e+00, 0.00000000e+00, 0.00000000e+00, 0.00000000e+00, 0.00000000e+00, 0.00000000e+00, 0.00000000e+00, 0.00000000e+00, 0.00000000e+00, 0.00000000e+00, 0.00000000e+00, 0.00000000e+00, 0.00000000e+00, 0.00000000e+00, 0.00000000e+00, -8.59626139e+00, -6.24797355e+00, -6.89401403e+00, -3.83363798e+00, 0.00000000e+00, -5.5090118763, -2.5392163079, 10.0000000000, 999.0000000000, 0.4850502333
         137, 0.00000000e+00, 0.00000000e+00, 0.00000000e+00, 0.00000000e+00, 0.00000000e+00, 0.00000000e+00, 0.00000000e+00, 0.00000000e+00, 0.00000000e+00, 0.00000000e+00, 0.00000000e+00, 0.00000000e+00, 0.00000000e+00, 0.00000000e+00, 0.00000000e+00, -8.64889929e+00, -6.30347712e+00, -6.93934636e+00, -3.88602600e+00, 0.00000000e+00, -5.5699873613, -2.5481070607, 10.0000000000, 999.0000000000, 0.4886408500
         138, 0.00000000e+00, 0.00000000e+00, 0.00000000e+00, 0.00000000e+00, 0.00000000e+00, 0.00000000e+00, 0.00000000e+00, 0.00000000e+00, 0.00000000e+00, 0.00000000e+00, 0.00000000e+00, 0.00000000e+00, 0.00000000e+00, 0.00000000e+00, 0.00000000e+00, -8.70220839e+00, -6.35679319e+00, -7.00101970e+00, -3.93917609e+00, 0.00000000e+00, -5.6242855621, -2.6219055082, 10.0000000000, 999.0000000000, 0.4922570500
         139, 0.00000000e+00, 0.00000000e+00, 0.00000000e+00, 0.00000000e+00, 0.00000000e+00, 0.00000000e+00, 0.00000000e+00, 0.00000000e+00, 0.00000000e+00, 0.00000000e+00, 0.00000000e+00, 0.00000000e+00, 0.00000000e+00, 0.00000000e+00, 0.00000000e+00, -8.75226241e+00, -6.40690705e+00, -7.06232913e+00, -3.98904035e+00, 0.00000000e+00, -5.6752002795, -2.6434032395, 10.0000000000, 999.0000000000, 0.4961239500
         140, 0.00000000e+00, 0.00000000e+00, 0.00000000e+00, 0.00000000e+00, 0.00000000e+00, 0.00000000e+00, 0.00000000e+00, 0.00000000e+00, 0.00000000e+00, 0.00000000e+00, 0.00000000e+00, 0.00000000e+00, 0.00000000e+00, 0.00000000e+00, 0.00000000e+00, -8.80178060e+00, -6.45790960e+00, -7.10587326e+00, -4.03848241e+00, 0.00000000e+00, -5.7264550455, -2.6151617258, 10.0000000000, 999.0000000000, 0.4998251167
         141, 0.00000000e+00, 0.00000000e+00, 0.00000000e+00, 0.00000000e+00, 0.00000000e+00, 0.00000000e+00, 0.00000000e+00, 0.00000000e+00, 0.00000000e+00, 0.00000000e+00, 0.00000000e+00, 0.00000000e+00, 0.00000000e+00, 0.00000000e+00, 0.00000000e+00, -8.85375714e+00, -6.51264366e+00, -7.14507497e+00, -4.09029784e+00, 0.00000000e+00, -5.7880054536, -2.6117648155, 10.0000000000, 999.0000000000, 0.5037554167
         142, 0.00000000e+00, 0.00000000e+00, 0.00000000e+00, 0.00000000e+00, 0.00000000e+00, 0.00000000e+00, 0.00000000e+00, 0.00000000e+00, 0.00000000e+00, 0.00000000e+00, 0.00000000e+00, 0.00000000e+00, 0.00000000e+00, 0.00000000e+00, 0.00000000e+00, -8.90692543e+00, -6.56465843e+00, -7.20637397e+00, -4.14340328e+00, 0.00000000e+00, -5.8388062323, -2.6929347638, 10.0000000000, 999.0000000000, 0.5074624333
         143, 0.00000000e+00, 0.00000000e+00, 0.00000000e+00, 0.00000000e+00, 0.00000000e+00, 0.00000000e+00, 0.00000000e+00, 0.00000000e+00, 0.00000000e+00, 0.00000000e+00, 0.00000000e+00, 0.00000000e+00, 0.00000000e+00, 0.00000000e+00, 0.00000000e+00, -8.95423817e+00, -6.61187275e+00, -7.26879132e+00, -4.19051968e+00, 0.00000000e+00, -5.8862685465, -2.6968372260, 10.0000000000, 999.0000000000, 0.5112079667
         144, 0.00000000e+00, 0.00000000e+00, 0.00000000e+00, 0.00000000e+00, 0.00000000e+00, 0.00000000e+00, 0.00000000e+00, 0.00000000e+00, 0.00000000e+00, 0.00000000e+00, 0.00000000e+00, 0.00000000e+00, 0.00000000e+00, 0.00000000e+00, 0.00000000e+00, -9.00127508e+00, -6.66057887e+00, -7.30858855e+00, -4.23749937e+00, 0.00000000e+00, -5.9347039086, -2.6516206137, 10.0000000000, 999.0000000000, 0.5150830333
