331.124237935699
331.124341395302
331.124476448803
331.124269044006
331.124111181326
331.124222296219
331.124698036319
331.124729758993
331.123307766985
331.122231526819
331.126104984302
331.132114973715
 331.12352778719
331.071462115641
330.900282951823
330.507182711323
 329.84536296385
 328.95877571089
327.900144413767
326.659544673566
325.249036614666
323.691961545833
322.032185226254
320.308219798467
318.545744867071
316.775313726496
 315.02417999546
313.316552249643
311.666098535086
310.086681071998
308.587533185143
307.172572908366
305.811451703463
303.162042647556
301.706754104457
300.222444948179
298.684937799656
 297.09388137596
295.442225731947
293.731983051338
291.966214668047
290.142861238699
288.267973609534
286.344333342016
284.375595933197
282.365283096547
280.320989758036
 278.24724929028
276.149564643139
274.035233854498
271.910699247181
269.783616743278
267.661681932305
265.550464793634
263.494457610121
305.802163769681
322.944248585565
323.332636173544
324.214677055992
324.971046450192
325.643344573176
326.240833831118
326.772725757177
327.246614934699
327.668600076584
328.044222560798
328.378255446107
328.674758659349
328.937334580732
329.169187510549
329.373156501919
329.551712617389
329.707029999909
 329.84103392993
329.955591556052
330.052318422919
330.132731276445
330.198179507306
330.250118087145
330.289957567271
330.319158255455
330.339290496712
 330.35195480554
330.359046545049
330.362329747644
330.363369184666
 330.36355312428
330.363579844165
330.363537215904
330.363534755828
330.363546780471
330.363551846629
330.363549174803
330.363546685021
330.363546906856
330.363547792249
330.363548056502
330.363547805234
330.363547450731
330.363547376862
330.363548351555