325094.971378794
325092.315391269
325099.233262403
325098.370121088
325095.384556107
325089.071019459
325091.054508397
325112.131406205
325121.605713833
325061.645047629
324985.136110099
325143.902236977
325457.885682879
326397.058549538
328165.670227166
329154.637538558
327467.291249079
323463.752990353
318545.398375154
312584.407237255
305749.254905247
298205.801159836
290340.819579618
282452.139358779
274655.967080378
267097.079349883
259880.480289547
253090.688193446
246743.239049269
240858.493068133
235436.856909283
230462.168677123
225801.033803555
217313.379504457
212765.127298278
208189.925958964
203518.411558191
198756.560989067
193890.930388965
188935.805470415
183908.301463982
178810.810682203
173668.561575743
168496.851930841
163312.768605566
158132.293898084
152980.924028818
 147874.83439907
142831.435710978
137871.015157112
133010.105832321
 128266.37768783
123655.744361841
119187.783495011
114902.359531825
164830.842738892
 233620.98137226
232331.526691054
235184.635811377
 237562.51259708
239717.907554996
241663.813116929
243423.805055926
245020.599365014
 246467.49795946
  247778.8284894
248968.030780284
250045.372204536
251020.016774972
251900.129345439
252693.620925655
253406.924484803
254046.458899003
254615.133628802
255118.906660839
255560.837237026
255946.082799422
 256275.60891543
 256552.92332286
256781.103882823
256961.983870335
257100.727792813
257197.942121728
  257260.1939697
257295.478545091
257309.019674865
257311.236003565
257312.339253117
257311.766369645
257311.558368316
257311.652147846
257311.762396502
 257311.76164721
257311.722994616
257311.713313027
257311.721837277
257311.728445951
257311.729261118
257311.726790107
 257311.72000353
257311.724950807