0.299564291702093
0.299558982993028
0.299552053006807
0.299562695485031
0.299570795588731
0.299565094185853
0.299540682380724
0.299539054517891
0.299612016427897
0.299667226746595
0.299468476176318
0.299159850688309
0.299600728368971
0.302260807996583
0.310854657571536
0.329790143333936
0.359559594545862
0.396192563847877
0.436257979874897
0.479395322798066
0.524669963333029
0.571097734909166
0.617411396446857
0.662780624294322
0.706848214594291
0.749186353670155
0.789480412007714
0.827491381868029
0.863197226743871
0.896539789940319
0.927529647683045
0.956255976636701
0.983458749147256
 1.03534748236101
 1.06332590064971
  1.0915274593402
 1.12041873566515
 1.15000748595552
 1.18042631158665
 1.21164092165174
 1.24360210863541
 1.27635655553608
  1.3098081139604
 1.34392341889926
 1.37865669633287
 1.41396736160048
 1.44974598219452
 1.48593906861266
 1.52247750045659
 1.55926171903595
 1.59620722061768
 1.63320779374946
 1.67015519463889
 1.70697621974454
 1.74291408099041
0.983643020565133
0.592321247886188
0.581375350845602
0.555870735651381
0.533205119482493
0.512358346195258
0.493206671210318
0.475602460488294
0.459426206873608
0.444588590555479
0.431002106398418
0.418590564410845
0.407289780088759
 0.39704013563095
0.387785738242749
0.379474460914169
0.372059380558147
0.365497105750738
0.359746794024003
0.354762737623661
0.350503382393944
0.346925503769562
0.343987946027227
0.341640033148714
 0.33982883118775
0.338495560078286
0.337573485201206
0.336992243314869
0.336666352523236
0.336515379244281
0.336467570778984
0.336459111867832
0.336457885001359
0.336459848069397
0.336459963168519
0.336459411750219
0.336459180204626
0.336459304370283
0.336459419897465
0.336459410404079
0.336459370084893
0.336459358020127
0.336459369334674
0.336459385047394
0.336459387487105
0.336459370423273