126850.631240038
126849.705083687
126852.548262244
126851.990549486
126850.657448482
126848.312287751
126849.592961926
126857.850897799
126860.033001183
126835.490576857
126809.762014801
126878.115529793
126991.481557507
127302.272555382
127808.215761219
127770.820720068
126410.933179486
123938.266483509
120971.596635019
117474.340188015
113547.674350457
109300.683203215
104935.974704597
100606.472538462
96379.1693123733
92328.6101218121
 88506.241319009
84949.1628734291
81660.4277698179
78643.8573585802
75893.0760306678
73393.3081239113
71072.9093832224
66858.2270473243
64641.4991613879
62444.4413889537
60235.0610932454
58018.2038178108
55789.7798948288
53558.5218060982
51334.0054310094
 49118.987930692
46925.8050475908
44761.9078990022
42634.9994718134
40551.8100679888
38522.2600941663
36551.9212879747
34646.3265128355
32811.5265606376
31051.6315020177
29370.6789756697
27771.6261505137
26254.9122641833
24836.1031106596
51877.8492645839
85089.5020233526
84897.9343832065
86582.8899691815
88018.2134239104
 89321.738274234
90501.4032014732
91569.9092126652
92539.1497972433
93416.8860755551
 94211.265413739
94929.8533677099
95578.7281691732
96163.4074301407
96688.8907628796
97159.9361712709
 97580.557988406
97954.6224853804
98284.5200858027
98573.8356780907
98824.8840071992
99040.7551695091
99222.8172021856
 99373.541099153
99495.2219945809
99589.7368503869
99660.3640764723
99708.6553659395
99738.7308058738
99755.1619133884
99761.2830074312
99762.2964183783
99762.7465127864
99762.4886337318
99762.4058923745
99762.4522982385
99762.4992614463
99762.4967087065
99762.4796178431
 99762.476037153
99762.4800766889
99762.4828587552
99762.4829686591
99762.4817243449
99762.4790486668
99762.4812776721