  0.0281718318489441
  0.0286335781548201
  0.0282566793895338
  0.0273345488741046
  0.0261127355902304
  0.0248565021562281
  0.0237450819763125
  0.0228291367688302
  0.0220996427467037
  0.0215252392157259
  0.0211012318686283
  0.0207998009611963
  0.0205788911262452
  0.0203883949744985
  0.0202189161669799
  0.0200554206728121
  0.0198899515220925
    0.01971168391941
  0.0195101040184313
  0.0192911588527045
  0.0190559420548877
  0.0188053167851914
  0.0185408909407645
  0.0182667469925557
  0.0179864095549314
  0.0177023145681214
   0.017418821385774
  0.0171386591229825
  0.0168647837081208
  0.0166000518178746
  0.0163484701424221
  0.0161119040515583
  0.0158933572056119
  0.0156961631075396
  0.0155208917153242
  0.0154206555231708
  0.0153738445854881
  0.0153621696564117
  0.0153828032898244
  0.0154354421610114
  0.0155178061555299
  0.0156299299181728
  0.0157680816147614
  0.0159257513009368
  0.0160934135578923
  0.0162577792916516
  0.0164018175540896
  0.0165060745446466
  0.0165510142416505
   0.016517632340139
  0.0163915229157501
  0.0161648461492798
  0.0159810719983295
  0.0161707733236718
  0.0162379132453807
  0.0161833902515267
  0.0160123698419601
  0.0157321739669973
  0.0153512023435816
  0.0150108620923524
   0.015159714986708
  0.0151578899054132
  0.0150068504099976
  0.0147141501020307
  0.0142944892495849
  0.0141588664917969
  0.0142143556392704
  0.0141242496572955
  0.0139176246857229
  0.0136323099767828
  0.0134415087637825
  0.0136851327256131
  0.0138890511320477
  0.0140945256333815
  0.0143295759057365
  0.0145872496633788
  0.0151321517102188
  0.0158163264485673
  0.0162437137424034
  0.0162718702373361
  0.0165056334696223
  0.0165298608221272
  0.0161106236592152
  0.0157135931305628
  0.0155248752130543
  0.0150661776406904
  0.0143766351456358
  0.0142041427356845
  0.0138670824658331
  0.0132701361687457
  0.0128341657248581
  0.0123877085686621
  0.0110972770755038
  0.0100061565332337
 0.00768238970685764
 0.00759417499158332
 0.00749984952220228
 0.00739869545789062
 0.00729144607773291
 0.00718804028658138
 0.00795565752767091
 0.00824514811596155
 0.00823656144876495
 0.00788588734928863
 0.00736753131130641
 0.00720434848743134
 0.00690343336047206
 0.00662596978721086
 0.00653078437449595
 0.00632922768773003
 0.00645083608345831
 0.00662873773048545
 0.00685015793266508
 0.00703823559749239
 0.00718812464768592
  0.0073003048298198
 0.00737382658763219
 0.00740846478706014
 0.00740463641853162
 0.00736331211411179
 0.00728593020872048
 0.00717431993265216
 0.00703063716130736
 0.00685731402375345
 0.00665702188560524
 0.00643232477698918
 0.00618583459139177
 0.00592185961997249
 0.00564379795070635
 0.00535516818091786
 0.00505956225800153
 0.00476057374264305
 0.00446169811213337
 0.00430835343404212
 0.00418355897377787
   0.004076005542195
 0.00399120570899814
 0.00409869113764727
  0.0042554652880038
 0.00442482357694396
 0.00464463273014881
 0.00485641694451888
 0.00509286880326609
 0.00531739290765643
 0.00551499058904592
 0.00570758219230583
 0.00587961424790118
 0.00601815771360958
 0.00612330983427611
 0.00619563762913788
 0.00623529770560283
 0.00624488869485296
 0.00623834248961708
 0.00620245221375271
 0.00613900124741829
 0.00604982372092766
 0.00593676862708103
  0.0058016771351157
 0.00564636836467858
 0.00547263823205424
 0.00528226491418571
 0.00507701980040598
 0.00485868215960994
 0.00479889433398895
 0.00492348517167041
 0.00500550719215864
 0.00504159292479511
 0.00517851280946879
 0.00529098914933002
 0.00535759817509307
 0.00543523579624328
 0.00558822786822799
 0.00569568470526138
 0.00575291880835649
 0.00589615788181641
 0.00605239211384423
 0.00615768549247431
  0.0062070743616347
 0.00639002466392591
 0.00654664205496269
 0.00664566641566711
 0.00690353850874348
  0.0076069360362061
 0.00840799433196604
 0.00920133443255167
 0.00996598055592046
  0.0106773477934723
  0.0113071422133593
  0.0118236209066593
  0.0121915536085142
  0.0123722501533621
  0.0123236129770417
  0.0120001218583927
  0.0133004924586316
  0.0152940461871166
  0.0171286626458025
  0.0184996707985201
  0.0194192530750961
   0.019987151783494
  0.0202283481011173
  0.0202356438275665
  0.0200339338977757
  0.0196284866355003
  0.0190151256296824
  0.0181868984723117
  0.0171376353847834
  0.0158632212947594
  0.0143614846998101
  0.0142974743965298
  0.0158752749865703
  0.0175752811854902
  0.0190453326897939
  0.0198414027827505
  0.0199568468960246
  0.0196163343405898
  0.0189542987462543
  0.0180875126463695
  0.0171045861505621
  0.0160408712210345
  0.0149169295746134
  0.0137477082442936
  0.0125464339327424
  0.0113257518012657
  0.0100976709961793
 0.00887320283889537
 0.00885615316479937
 0.00918038814185296
 0.00946897312076356
 0.00972291494819977
 0.00994274877031942
  0.0101286306539961
  0.0102790060867606
  0.0102872176916922
  0.0100545097980126
 0.00961250068922503
 0.00903871896008279
 0.00839129010971584
 0.00770895279159145
 0.00701588060147706
 0.00632520845244544
 0.00563975601054012
 0.00497475330763586
 0.00470034994885604
 0.00466890319114821
 0.00466590117515175
  0.0046717263707563
 0.00465609091616215
 0.00466150470593352
 0.00466590492675945
 0.00464178667731563
 0.00458914618019879
 0.00457869128592248
 0.00454729270372622
 0.00449288782811208
  0.0044837950799721
 0.00446716090994226
 0.00442724760058621
 0.00443216789397893
 0.00442757095610702
  0.0043989842917096
 0.00441175251988279
 0.00441934685168199
 0.00440064237316573
  0.0046882133860191
 0.00503279617701125
 0.00538281215313552
 0.00574074713841788
 0.00610961619625416
 0.00649318256264819
 0.00689414748653583
 0.00731439945978329
 0.00776685844124458
 0.00818398471034765
 0.00848193163717414
 0.00864665193080449
 0.00869174362846559
 0.00862794476407691
 0.00846563579638604
 0.00821641660139494
 0.00789354562845801
  0.0075116358246915
 0.00708596924232274
 0.00663165458159132
 0.00616278140653992
 0.00622719875341393
 0.00669983249261463
 0.00714167890602746
 0.00755297576905778
 0.00793647843376022
 0.00829696483378861
 0.00864079639096393
 0.00897562215262171
 0.00931029595729693
 0.00965507094673146
  0.0100221547364396
  0.0104260515756496
  0.0107712589920094
  0.0109023996743959
  0.0108141735871607
  0.0105428505677985
  0.0101185635607874
 0.00957009953685029
 0.00892709073580711
 0.00821992187931775
  0.0074783310576656
 0.00672962240250663
 0.00599706389801857
  0.0054189336441155
 0.00543980381937348
 0.00551083090011484
 0.00553677986138901
 0.00551772763958369
 0.00556167725273604
 0.00567351667761962
  0.0057438169043964
 0.00576773723283242
 0.00585776900155421
 0.00601078668343402
 0.00615852090874136
 0.00650309996621345
  0.0068009815909178
 0.00704174221304976
 0.00721570269293692
 0.00731432882601091
 0.00810515440670323
 0.00939374397719095
  0.0106518508707181
  0.0118523103506405
  0.0129660277406496
  0.0139618611697241
  0.0148063265803746
  0.0154631564733914
  0.0158927345064064
  0.0160513988105999
  0.0158905684588124
  0.0153556112369604
  0.0154498899092245
  0.0180799496825504
  0.0209923123960845
  0.0234641991222126
  0.0250907014202622
  0.0260345693502197
   0.026462850044537
  0.0264740200007292
  0.0261835134334105
  0.0256012397789129
  0.0247072090746319
  0.0234689265317636
  0.0218488620409831
  0.0198058013129643
   0.019310625295344
  0.0223821997234359
  0.0255083210903531
  0.0277166018365186
  0.0287192181864281
  0.0288948973610101
  0.0284201356224816
  0.0275668594011433
  0.0264267343659703
  0.0250165953866388
  0.0233265020851841
  0.0213380667862917
  0.0190300898124482
  0.0185841823447498
   0.021234817282651
   0.024027100189882
  0.0260723494200061
  0.0269564747785291
   0.026978974005966
  0.0264224857670086
  0.0254657779172149
  0.0242808722175798
  0.0229111403004028
  0.0213664693506206
  0.0196449802093968
  0.0177414438836403
  0.0156488832284947
  0.0166906480918937
   0.018657523292944
  0.0207715296268549
   0.022429861534773
  0.0231855487161593
  0.0231754171773684
  0.0226894775505293
  0.0218586513985735
  0.0208300226719507
  0.0196891636595264
  0.0184619823067753
  0.0171585826480558
  0.0157833916184378
  0.0143389810241832
  0.0128268754760106
  0.0123500764012778
  0.0134359631012128
  0.0145746186091145
   0.015780278350672
  0.0169719495488373
  0.0177316661956683
   0.017892716010003
  0.0176132654721206
  0.0170637306001409
   0.016359337797252
  0.0155212732840395
   0.014639517947596
  0.0137364616481113
  0.0128235852685428
  0.0119074480231522
   0.010992429364906
  0.0100818875066924
 0.00917854984288802
  0.0082846021225107
 0.00760529714331726
 0.00793687919898578
 0.00825552127553641
 0.00856390052784006
  0.0088642526738546
 0.00915844798747112
 0.00944806030898726
 0.00973442894318111
  0.0100032494899014
  0.0101215562087342
  0.0100188993179857
 0.00974164204565064
  0.0093503861757076
 0.00889125448609085
 0.00839626013249295
 0.00788637051866403
 0.00737476292761907
 0.00685818699067275
 0.00635210110490014
 0.00586202624809062
 0.00538972982671693
 0.00493615220184918
 0.00450171489976103
 0.00408649784384174
 0.00369034443571836
 0.00331292577714448
 0.00295378219212306
 0.00261235215055255
 0.00228799398956681
 0.00198000320812186
 0.00174177040730128
 0.00170923397030931
 0.00167856745183603
 0.00164983021501852
 0.00162302528261482
 0.00159811462962867
 0.00157503126458813
 0.00155368868626971
 0.00153398820558026
 0.00151582452826848
 0.00149908992802339
 0.00148367728517385
 0.00146948221807386
  0.0014564044930363
 0.00144434886375588
 0.00143322546163893
 0.00153846144010417
 0.00168987005248789
 0.00183956259146734
 0.00198809064043459
  0.0021359675390058
 0.00228366809665026
 0.00243162901602267
 0.00258025011188723
  0.0027298964037088
 0.00288090115176654
 0.00303356989954584
 0.00318818558118816
 0.00334501475397131
 0.00350431502494541
 0.00366634376094721
 0.00383136820621166
 0.00399967718663974
 0.00417159466078165
  0.0043474954937166
 0.00452782399346163
 0.00471311597849011
 0.00490402546617674
 0.00510135752648955
 0.00530610949636312
 0.00551952369777808
 0.00574315620687038
 0.00597896834410472
 0.00622945083437632
   0.006494483199325
 0.00677635046638947
 0.00708552289677145
  0.0073803413302016
 0.00759135032263447
   0.007701519915564
 0.00772306671220613
 0.00766510478751314
 0.00753609578383052
 0.00734485230710991
 0.00710082261192435
 0.00681395470682655
 0.00649436445794649
 0.00615192899233663
  0.0057958798871387
 0.00543444730459253
 0.00507458943328742
 0.00528480984649216
 0.00563227854084269
 0.00596234582046828
 0.00627649712872391
 0.00657724152412031
 0.00686790501738166
  0.0071524794428357
 0.00743554724987239
 0.00772229900618049
  0.0080186618371394
   0.008331565737562
  0.0086693942668693
 0.00904249209112507
 0.00937220729311705
 0.00955920587524584
  0.0095866947131682
 0.00947711399684947
 0.00924864439774242
 0.00891889666719603
 0.00850630005252873
 0.00803017353914937
 0.00751005899732715
 0.00696476763490639
 0.00641141488184327
 0.00586461706604402
 0.00552099271839945
 0.00593347342565176
 0.00630811603012282
  0.0066478303999038
 0.00695749400197521
  0.0072432970014662
 0.00751223518832078
 0.00777179308334508
 0.00802983353002673
 0.00829469928348558
 0.00857553900632924
 0.00888289740243531
 0.00915267727937397
 0.00928525738468899
 0.00926181295900275
  0.0091077949946432
 0.00884381974888071
 0.00848895666556992
 0.00806226239725594
 0.00758299812524144
 0.00707008777511009
 0.00654130751709625
 0.00601249048258989
 0.00549690599496822
 0.00500489284881789
 0.00454376673404044
 0.00453749760322264
 0.00475341766703852
 0.00493451359739216
 0.00508536463954989
 0.00521084230954783
 0.00531573678394759
 0.00540451882831339
 0.00548121601872209
 0.00554937616355722
 0.00561209138474383
 0.00567206051780078
 0.00573167315291834
 0.00579310436738656
 0.00585841430516332
 0.00592965107403998
 0.00600615621541223
 0.00608852075879129
 0.00618481422442196
 0.00627939818476375
 0.00631806088715436
 0.00628032870293715
 0.00618059660792691
 0.00603123656306925
 0.00584222395685896
 0.00562228948464527
 0.00537947231544189
 0.00512123916239526
   0.004854420433972
 0.00458509859745071
 0.00431850952233304
 0.00405898154637496
 0.00380991996684321
 0.00357383559697577
 0.00335241074043913
 0.00314659304294718
 0.00295670664918468
 0.00278257052203312
 0.00262361523020049
 0.00247899152833708
 0.00249538746347966
 0.00256473785060263
 0.00262775321934372
 0.00268548082530673
 0.00273885087313075
 0.00278867486028811
 0.00283565026194665
 0.00288036928915192
 0.00292332994499112
  0.0029649480562477
  0.0030055693476192
 0.00304548094369883
  0.0030849219321949
 0.00312409280741921
 0.00316316374542036
 0.00320228175172632
 0.00324157677886316
 0.00328116694258651
  0.0033211629799681
 0.00336167209525229
 0.00340280133516813
 0.00344466062776538
  0.0034873656104395
 0.00353104036555285
 0.00357582017753433
 0.00362185442453244
 0.00366930972192858
 0.00371837344516768
  0.0037692577770454
 0.00382220445151205
 0.00387749040503949
 0.00393543460124013
 0.00399640637046383
 0.00405821572634646
 0.00412314809096004
 0.00419274459196162
 0.00426772111080542
 0.00434893163963668
 0.00443740200568743
 0.00453088676887015
 0.00460122353817294
 0.00462933505201946
 0.00461939159044977
  0.0045782337001451
 0.00451101613831317
 0.00442192961020638
 0.00431470364316122
 0.00419281984714237
 0.00405956552017817
 0.00391802140835806
 0.00377102828629106
 0.00362115184869372
 0.00347065447731898
 0.00332147763707991
 0.00317523616077275
 0.00303322412384499
 0.00289643096587044
 0.00276556586146826
 0.00264108802430696
 0.00252324058755726
 0.00241208587702524
 0.00230754020951329
 0.00220940674348469
 0.00211740532602334
 0.00203119867725432
 0.00195182193821641
 0.00198783231541855
  0.0020200914785713
 0.00204896437925317
 0.00207478228075075
 0.00209784260151968
  0.0021184100366618
 0.00213671853651753
 0.00215297380388613
 0.00216735604766893
 0.00218002279811502
 0.00219111164586505
 0.00220074281359994
 0.00220902150582103
 0.00221604001012876
  0.0022218795436495
 0.00222661185225492
  0.0022303005791946
 0.00223300242493862
 0.00223476812223855
 0.00223564325078018
 0.00223566891464744
 0.00223488230393576
 0.00223331715956787
 0.00223100415779998
 0.00222797122856666
 0.00222424381944197
 0.00221984511502282
 0.00221479621972409
  0.0022091163104665
 0.00220282276447725
 0.00219593126638129
 0.00218845589796124
 0.00218040921323392
 0.00217180230106429
 0.00216264483703776
 0.00215294512608366
 0.00214271013703404
 0.00213194553016982
 0.00212065567863973
 0.00210884368452724
   0.002096511390279
 0.00208365938611033
 0.00207028701398093
 0.00205639236865141
 0.00204197229631986
 0.00202702239129426
 0.00201153699109435
 0.00199550917041469
 0.00197893073425059
 0.00196179221060477
 0.00194408284301606
 0.00192579058331122
 0.00190612115786049
 0.00188582616976318
 0.00186497424603993
 0.00184354750204474
 0.00182152650817413
 0.00179889034175951
 0.00177561667078052
   0.001751681802178
 0.00172706071220496
 0.00170172707143423
  0.0016756532711043
 0.00164881045429544
 0.00162116855423611
 0.00159269634168169
 0.00156336148328551
 0.00153313061298799
 0.00150196941864322
 0.00146984274621942
 0.00143671472417228
 0.00140254891066816
 0.00136730846658806
 0.00133069032590272
 0.00129042616796471
 0.00124531834027031
 0.00119620768084361
  0.0011440732953607
 0.00108963575034349
 0.00103343845087422
0.000975913439477782
0.000917417462933834
0.000858250249892945
0.000798664482705713
0.000738872109946165
0.000679048996784282
0.000619338744713538
0.000559856040426743
0.000500689700717372
0.000441905494183659
0.000383548777265097
0.000325646959013381
0.000291617677558698
0.000290592690526337
0.000290015898012141
0.000289833583825727
0.000289986116841057
0.000290409073779196
0.000291034186450378
0.000291790131216052
0.000292603178304374
0.000293397718073685
 0.00029409668034619
0.000339576693939359
0.000393814119526548
0.000448123653593924
0.000502565421692802
 0.00055719979657054
0.000612087274551976
0.000667288410478029
0.000722863804330065
0.000778874133464558
0.000835380225312821
0.000892443166106927
0.000950124441979394
 0.00100848610941695
 0.00106759099264775
 0.00112750290610963
 0.00118828690062234
 0.00125000953235399
 0.00131236350266128
 0.00137268492603426
 0.00142915191082615
 0.00148197139978357
 0.00153159070645026
 0.00157831642167539
  0.0016223569890943
 0.00166386830198728
 0.00170297959421084
 0.00173980577266419
 0.00177445304392909
  0.0018070215124828
 0.00183760641414299
 0.00186629870082644
 0.00189318529738747
 0.00191834919009748
 0.00194186943538521
 0.00196382114107774
 0.00198427545053703
 0.00200329954601475
  0.0020209566784456
 0.00203730622520093
 0.00205240377407934
 0.00206630123016416
 0.00207904694154082
 0.00209068583988981
 0.00210125959232521
 0.00211079307742823
 0.00211830260984147
 0.00212479440383273
 0.00213030139782233
 0.00213485336957053
  0.0021384782214755
 0.00214120202330292
 0.00214304911773888
 0.00214404225011855
 0.00214420271550664
 0.00214355051162829
 0.00214210449215113
 0.00213988251766173
  0.0021369016029682
  0.0021331780598528
 0.00212872763453253
 0.00212356563913008
  0.0021177070764804
  0.0021111667575795
  0.0021039594110126
 0.00209609978372849
 0.00208760273251696
 0.00207848330565308
 0.00206875681416196
 0.00205843889227197
 0.00204754554668107
 0.00203609319434461
 0.00202409868860887
  0.0020115793335902
 0.00199855288684336
 0.00198503755044577
 0.00197105195076475
 0.00195661510727207
 0.00194174639092237
 0.00192646547266362
 0.00191079226283741
 0.00189474684225677
 0.00187834938589426
 0.00186162008016733
 0.00184457903490398
 0.00182724619111685
 0.00180964122577421
 0.00179178345478714
 0.00177369173542963
 0.00175538436947797
 0.00173687900822705
 0.00171819256065731
  0.0016993411058448
 0.00168033981074744
 0.00166120285436766
 0.00164194335925161
 0.00162257333111993
  0.0016031036074049
 0.00158354381525738
 0.00156390233953974
 0.00154418630112318
 0.00152440154573052
 0.00150455264338589
 0.00148464289840566
 0.00146467436976883
 0.00144464790150001
 0.00142456316266393
 0.00140441869637531
 0.00138421197719496
 0.00136393947612334
 0.00134359673236806
 0.00132317843099061
 0.00130267848543797
 0.00128209012400782
 0.00126140597918423
 0.00124061817883647
 0.00121971843825475
 0.00122624300351215
 0.00123879366329638
 0.00125145781511804
 0.00126423638819473
 0.00127712987499173
 0.00129013835142089
 0.00130326150013282
 0.00131649863661121
 0.00132984873774611
 0.00134331047256986
 0.00135688223479635
 0.00137056217684417
 0.00138434824498623
 0.00139823821530305
 0.00141222973011368
 0.00142632033457601
 0.00144050751316926
 0.00145478872579508
  0.0014691614432335
 0.00148362318177542
 0.00149817153679299
 0.00151280421513678
 0.00152751906618709
 0.00154231411148376
 0.00155718757286205
 0.00157213789903121
 0.00158716379061041
 0.00160226422361309
 0.00161743847142581
 0.00163268612533918
 0.00164800711371427
 0.00166340171989798
 0.00167887059897354
 0.00169441479352916
 0.00171003574854212
 0.00172573532557307
 0.00174151581642701
 0.00175737995643932
 0.00177333093759779
 0.00178937242165322
 0.00180550855343276
  0.0018217439745174
  0.0018380838375045
 0.00185453382101008
 0.00187110014564107
 0.00188778959109526
 0.00190460951460047
 0.00192156787089492
 0.00193867323392682
 0.00195322642434004
 0.00196006759020551
 0.00195824930147093
 0.00194976455206275
 0.00193617116813893
 0.00191861346435662
 0.00189795276013371
 0.00187486454881758
 0.00184989370813515
 0.00182348650835662
 0.00179601106791027
 0.00176777190008137
  0.0017390210304804
 0.00170996682586699
 0.00168078114192793
 0.00165160517684826
 0.00162255430789204
 0.00159372211991526
 0.00156518378544246
 0.00153699891876091
 0.00150921399835657
 0.00148186443102605
 0.00145497631531211
 0.00142856795036095
 0.00140265112758331
 0.00137723223596453
 0.00135231320683837
 0.00132789231998431
 0.00130396488979057
 0.00128052384763577
 0.00125721830937053
 0.00123433603062861
 0.00121192766588052
 0.00118998042601182
 0.00116848094510036
  0.0011474154910831
 0.00112677011315077
 0.00110653076860256
 0.00108668342913254
 0.00106721416755839
 0.00104810922694187
 0.00102935507460167
 0.00101093844339317
 0.00099284636249064
0.000975066179518147
0.000957585575708797
0.000940392575405791
0.000923475551092179
0.000906823224882003
0.000890424667301382
0.000874269293968055
0.000858346860755255
0.000842647457849788
0.000827161503058171
0.000811879734653909
0.000796793203977852
0.000781893267973066
0.000767171581786963
0.000752620091536427
0.000738231027325842
0.000723996896544454
0.000709910477517894
0.000695964813489214
0.000682153206986502
0.000668469214537781
0.000654906641761377
0.000641459538791356
0.000628122196048908
0.000614889140314157
0.000601755131096615
0.000588715157264108
0.000575764433909276
0.000562898399430356
0.000550112712772055
0.000537403250828072
0.000524766105945096
0.000512197583509844
0.000499694199583178
0.000487252678544214
 0.00047486995072088
0.000462543149968075
0.000450269611165455
0.000438046867608621
0.000425872648266434
0.000413744874878219
0.000401661658871344
0.000389621298075182
0.000377622273227685
0.000365663244243475
0.000353743046246358
0.000341860685362017
0.000330015334256473
0.000318206327430293
0.000306433156261887
0.000294695463831207
 0.00028299303949697
0.000271325813276713
 0.00025969385002278
0.000248097343419129
 0.00023653660982359
0.000225012081976672
0.000213524302593138
0.000202073917872969
0.000190661670949277
0.000179288395307786
0.000167955008192333
0.000156662504043226
0.000145411947970242
0.000134204469308452
0.000123041255263079
0.000111923544688697
0.000100852621995884
8.98298112337326e-05
7.88564703453343e-05
7.01057561824925e-05
7.00503610455705e-05
6.99803268022769e-05
6.98953573994299e-05
6.97951948229747e-05
6.96796176820058e-05
6.95484397357227e-05
6.94015083777533e-05
6.92387030913899e-05
6.90599338868392e-05
6.88651397318107e-05
6.86542869832163e-05
6.84273678368541e-05
6.87780492452106e-05
7.88383006955495e-05
8.88265453073966e-05
9.87415019144677e-05
0.000108581918488948
0.000118346573491301
0.000128034277058209
0.000137643872029081
0.000147174234825354
0.000156624276196338
0.000165992941844051
 0.00017527921293814
0.000184482106527328
0.000193600675862937
0.000202634010651126
0.000211581237226754
0.000220441518673065
0.000229214054888294
0.000237898082608767
0.000246492875399351
0.000254997743601937
 0.00026341203427549
0.000271735131102346
0.000279966454283853
  0.0002881054604289
0.000296151642423803
0.000304104529297078
0.000311963686091099
 0.00031972871371222
0.000327399248787774
0.000334974963526191
0.000342455565560673
0.000349840797802647
0.000357130438296327
0.000364324300055285
0.000371422230915908
0.000378424113378628
0.000385329864446726
0.000392139435469563
 0.00039885281197849
0.000405470013526754
0.000411991093526964
0.000418416139089883
   0.000424745270867
0.000430978642899094
0.000437116442466801
0.000443158889959161
0.000449106238739061
0.000454958775037095
0.000460716817849871
0.000466380718864512
 0.00047195086239582
0.000477427665348751
0.000482811577207531
 0.00048810308003655
 0.00049330268851655
0.000498410949991035
0.000503428444540654
 0.00050835578506514
0.000513193617381891
0.000517942620319234
0.000522603505821007
0.000527177019020053
 0.00053166393830173
0.000536065075323222
0.000540381274986457
0.000544613415346173
0.000548762407434067
0.000552829194991444
0.000556814754077317
0.000560720092550149
0.000564546249395947
0.000568294293885163
0.000571965324542401
0.000575560467908964
0.000579080877096017
0.000582527730084825
0.000585902227806301
0.000589205591945197
0.000592439062493622
0.000595603895042984
0.000598701357796605
 0.00060173272833719
0.000604699290134958
 0.00060760232880408
0.000610443128138849
0.000613222965938354
0.000615943109642969
0.000618604811804424
0.000621209305427528
0.000623757799213975
0.000626251472732431
0.000628691471574183
0.000631078902511684
 0.00063341482871393
 0.00063570026506099
0.000637936173593978
0.000640123459147213
0.000642262965206419
0.000644355470024283
 0.00064640168305008
0.000648402241682056
 0.00065035770841082
0.000652268568348657
0.000654135227203589
0.000655958009696422
 0.00065773715844808
0.000659472833363095
0.000661165111489725
0.000662813987395205
0.000664419374021952
0.000665981104053248
 0.00066749893174356
0.000668972535232792
0.000670401519291208
0.000671785418506321
0.000673123700856593
0.000674415771659831
0.000675660977853765
0.000676858612575271
0.000678007920005386
0.000679081061229159
0.000680022271689396
 0.00068091353628208
0.000681754027666459
0.000682542916483286
0.000683279347740817
0.000683962451043407
0.000684591348212638
0.000685165159714174
0.000685683010323346
0.000686144034330982
0.000686547380423841
0.000686892216285484
0.000687177732892064
0.000687403148530108
0.000687567712510107
0.000687670708545252
0.000687711457835083
0.000687689321805296
0.000687603704519035
0.000687454054762116
0.000687239867792289
0.000686960686764215
0.000686616103832138
0.000686205760943914
0.000685729350323405
0.000685186614669209
 0.00068457734706695
0.000683901390639119
0.000683158637945214
0.000682349030143414
0.000681472555940088
0.000680529250328687
0.000679519193154898
0.000678442507507926
 0.00067729935797034
0.000676089948719816
0.000674814521541722
0.000673473353720588
0.000672066755854961
0.000670595069619084
0.000669058665446531
0.000667457940203842
 0.00066579331481631
0.000664065231894995
0.000662274153360509
0.000660420558066255
0.000658504939459847
 0.00065652780325165
0.000654489665142144
0.000652391048570844
0.000650232482534263
0.000648014499447291
0.000645737633075183
0.000643402416520056
0.000641009380285995
0.000638559050413101
0.000636051946679483
0.000633488580891517
0.000630869455237271
0.000628195060731529
0.000625465875732534
0.000622682364533556
0.000619536835302581
0.000615538066998544
0.000610630293340741
0.000605009231967713
0.000598818716280092
0.000592162606455449
 0.00058512004596678
  0.0005777551865217
0.000570122218495617
0.000562268006562339
0.000554233597965137
0.000546055188600181
0.000537764802876928
0.000529390805762309
0.000520958308356301
0.000512489502678459
0.000504003947818132
0.000495518821508667
0.000487049146023044
0.000478607993882552
 0.00047020667677955
 0.00046185491979589
 0.00045356102224825
0.000445332006023369
0.000437173752127706
0.000429091125996872
0.000421088092137256
0.000413167818657301
0.000405332772239642
0.000397584804140871
0.000389925227818333
0.000382354888753045
0.000374874227065836
0.000367483333501673
0.000360181999317977
0.000352969760625266
 0.00034584593766851
0.000338809669535922
0.000331859944722623
0.000324995627981384
0.000318215483825268
0.000311518197042338
0.000304902390546813
0.000298366640845704
0.000291909491416442
 0.00028552946420124
0.000279225069468425
0.000272994814219385
0.000266837209323745
0.000260750775539109
0.000254734048552807
0.000248785583181532
  0.0002429039568278
0.000237087772292144
0.000231335660046739
0.000225646280012315
0.000220018322943827
0.000214450511452968
0.000208941600738699
0.000203490379060978
0.000198095667998666
0.000192756322524135
0.000187471230938652
0.000182239314657218
0.000177059527916801
0.000171930857375768
0.000166852321659361
0.000161822970836667
0.000156841885864956
0.000151908177991378
0.000147020988131796
0.000142179486229632
0.000137382870604275
0.000132630367288389
0.000127921229361561
0.000123254736286049
0.000118630193243763
0.000114046930470013
0.000109504302610697
0.000105001688070372
0.000100538488375546
9.61141275481747e-05
9.17280514914909e-05
8.73797273812649e-05
8.30686430689509e-05
7.87943065048147e-05
7.45562451569537e-05
7.03540054566298e-05
6.61871522414925e-05
6.20552682272235e-05
5.79579534655261e-05
5.38948248409721e-05
 4.9865515550862e-05
4.58696746201692e-05
4.19069664077121e-05
3.79770701287585e-05
3.40796793925069e-05
3.02145017383459e-05
2.63812581886569e-05
 2.2579682808388e-05
1.88095222660722e-05
1.73675117174366e-05
1.78780430648562e-05
1.83851670056967e-05
1.88884082661378e-05
1.93873041465231e-05
1.98814044094497e-05
 2.0370271188952e-05
2.08534788999071e-05
2.13306141523262e-05
2.18012756656449e-05
2.22650741996677e-05
2.40588481086323e-05
2.74386748100319e-05
3.07895348438114e-05
 3.4111539644277e-05
3.74047940668865e-05
4.06693967177629e-05
4.39054402832095e-05
4.71130118461227e-05
5.02921932059586e-05
 5.3443061198033e-05
5.65656879913945e-05
5.96601414016851e-05
6.27264851866816e-05
6.57647793423921e-05
6.87750803931575e-05
7.17574416770894e-05
7.47119136246255e-05
7.76385440347527e-05
8.05373783435703e-05
8.34084598896334e-05
 8.6251830165085e-05
8.90675290747822e-05
9.18555951762157e-05
9.46160659149875e-05
9.73489778607339e-05
0.000100054366923841
 0.00010273226857338
0.000105382718041946
0.000108005750527052
0.000110601401371979
0.000113169706254079
0.000115710701345972
0.000118224423485858
0.000120710910315291
0.000123170200426403
0.000125602333485797
0.000128007350355674
0.000130385293193425
 0.00013273620555454
0.000135060132464226
0.000137357120498671
0.000139627217841665
0.000141870474327566
 0.00014408694148127
0.000146276672545298
0.000148439722487903
0.000150576148003512
0.000152686007512726
 0.00015476936113612
 0.00015682627066127
0.000158856799515883
0.000160861012707847
0.000162838976776047
0.000164790759725642
0.000166716430958225
0.000168616061198446
0.000170489722410294
0.000172337487715168
0.000174159431313603
0.000175955628388791
0.000177726155028979
0.000179471088143979
  0.0001811905053829
0.000182884485060431
0.000184553106091223
0.000186196447931164
0.000187814590525082
0.000189407614270998
0.000190975599997145
0.000192518628944094
0.000194036782777296
0.000195530143601852
0.000196998794002479
0.000198442817100353
0.000199862296622833
0.000201257316995829
0.000202627963455382
0.000203974322174005
0.000205296480393025
0.000206594526594106
 0.00020786855064947
 0.00020911864401707
0.000210344899908899
0.000211547413497271
0.000212726282089237
0.000213881605319766
0.000215013485331039
0.000216122026929888
 0.00021720733774433
0.000218269528344139
0.000219308712340993
0.000220325006454414
0.000221318530539749
 0.00022228940757818
0.000223237763613882
0.000224163727645221
   0.000225067431462
  0.0002259490094213
0.000226808598165595
0.000227646336282694
0.000228462363893511
0.000229256822187218
 0.00023002985288445
0.000230781597649887
0.000231512197431782
 0.00023222179176341
0.000232910517999563
0.000233578510512533
0.000234225899849005
0.000234852811858866
0.000235459366781154
0.000236045678336683
0.000236611852791113
0.000237157988035808
0.000237684172662678
0.000238190485072898
0.000238676992602382
0.000239143750702664
 0.00023959080214675
0.000240018176317469
 0.00024042588854678
0.000240813939530682
0.000241182314832611
0.000241530984468663
0.000241859902592512
0.000242169007272142
0.000242458220380604
0.000242727447579583
0.000242976578421428
0.000243205486551101
0.000243414030027256
0.000243602051731462
 0.00024376937989945
0.000243915828743058
0.000244041199168321
 0.00024414527958394
0.000244227846798228
 0.00024428866698345
0.000244327496722319
0.000244344084104453
0.000244338169882674
0.000244309488668493
0.000244257770167233
0.000244182740438581
0.000244084123168675
 0.00024396164095597
0.000243815016591431
0.000243643974335961
0.000243448241168176
0.000243227548016645
0.000242981630955152
0.000242710232357113
0.000242413102007122
0.000242089998155892
0.000241740688519676
0.000241343635551172
0.000240815651016524
0.000240124020728039
0.000239295269547801
0.000238353186191476
0.000237314670301636
0.000236192107841204
 0.00023499515951908
0.000233731747568799
0.000232408581154919
0.000231031455015129
0.000229605437332969
0.000228134998988661
0.000226624108260243
0.000225076303265404
0.000223494749215902
0.000221882284981434
0.000220241461925785
0.000218574576986708
0.000216883701349646
0.000215170705597623
0.000213437281974538
 0.00021168496418944
0.000209915145082507
0.000208129092404086
0.000206327962903541
0.000204512814897306
0.000202684619465709
0.000200844270410228
0.000198992593085978
0.000197130352235342
0.000195258258902098
0.000193376976544535
 0.00019148712641115
0.000189589292269088
0.000187684024559598
0.000185771844037785
0.000183853244951071
0.000181928697831402
0.000179998651922419
0.000178063537299655
0.000176123766722602
0.000174179737234215
0.000172231831572778
0.000170280419387159
0.000168325858293739
0.000166368494805114
0.000164408665133675
0.000162446695891494
0.000160482904705828
 0.00015851760075225
0.000156551085231271
0.000154583651773677
0.000152615586813343
0.000150647169908424
0.000148678674030123
0.000146710365825475
0.000144742505842621
0.000142775348753843
0.000140809143540088
0.000138844133670379
0.000136880557272012
 0.00013491864727655
  0.0001329586315717
0.000131000733131104
0.000129045170147446
0.000127092156159248
0.000125141900161885
0.000123194606734045
0.000121250476134871
0.000119309704427417
0.000117372483573575
0.000115439001542095
0.000113509442406068
0.000111583986446506
0.000109662810243716
0.000107746086778104
0.000105833985519443
0.000103926672519017
  0.0001020243105051
0.000100127058960342
9.82350742216864e-05
9.63485095561989e-05
9.44675152476648e-05
9.25922386807443e-05
9.07228244156899e-05
8.88594142739452e-05
8.70021474063121e-05
8.51511603789934e-05
8.33065872350991e-05
8.14685595734721e-05
7.96372066159678e-05
7.78126552753999e-05
7.59950302211543e-05
7.41844539436931e-05
7.23810468117314e-05
7.05849271446235e-05
6.87962112548846e-05
6.70150135142489e-05
6.52414464055173e-05
6.34756205728504e-05
6.17176448776124e-05
5.99676264366744e-05
5.82256706791462e-05
5.64918813844573e-05
5.47663607248783e-05
5.30492093127055e-05
5.13405262254629e-05
4.96404090570834e-05
4.79489539418898e-05
4.62662555947846e-05
 4.4592407334787e-05
4.29275011203378e-05
4.12716275727254e-05
 3.9624876004285e-05
3.79873344377168e-05
3.63590896336197e-05
3.47402271058117e-05
3.31308311406486e-05
 3.1530984819006e-05
2.99407700222742e-05
2.83602674540084e-05
2.67895566490317e-05
2.52287159827613e-05
2.36778226843093e-05
2.21369528377036e-05
2.06061813988745e-05
1.90855821908809e-05
  1.757522790935e-05
 1.6075190134468e-05
 1.4585539320322e-05
1.31063448033375e-05
1.16376747993918e-05
1.01795964043694e-05
8.73217558627903e-06
8.40379611233288e-06
8.25792832448435e-06
8.11230611930114e-06
7.96693204430099e-06
 7.8218088592763e-06
 7.6769395411791e-06
7.53232728012421e-06
7.38797548449632e-06
7.24388778250429e-06
7.10006801596386e-06
6.95652025095583e-06
7.78312387783586e-06
9.08651324083021e-06
1.03784425293796e-05
1.16588633933823e-05
1.29277287345131e-05
1.41849927139948e-05
1.54306107664759e-05
1.66645396149079e-05
1.78867372788716e-05
1.90971630863457e-05
2.02957776920254e-05
2.14825430897569e-05
2.26574226184217e-05
 2.3820380984807e-05
 2.4971384275152e-05
2.61103999671386e-05
2.72373969449902e-05
2.83523455177903e-05
2.94552174313623e-05
3.05459858850332e-05
3.16246255487318e-05
3.26911125784202e-05
3.37454246324143e-05
3.47875408911458e-05
3.58174420738155e-05
3.68351104567122e-05
 3.7840529892863e-05
3.88336858339056e-05
3.98145653472959e-05
4.07831571397343e-05
4.17394515828118e-05
4.26834407286636e-05
4.36151183431654e-05
4.45344799224756e-05
4.54415227253424e-05
4.63362457975292e-05
4.72186499994587e-05
4.80887380371886e-05
4.89465144872803e-05
 4.9791985832881e-05
5.06251604883712e-05
5.14460488356683e-05
5.22546632502063e-05
5.30510181357968e-05
5.38351299557149e-05
5.46070172542379e-05
5.53667006956138e-05
 5.6114203086155e-05
5.68495493946664e-05
5.75727667837533e-05
 5.8283884619037e-05
5.89829344883608e-05
5.96699502155573e-05
6.03449678591161e-05
6.10080257171797e-05
6.16591643168851e-05
6.22984264064819e-05
6.29258569289082e-05
6.35415029948128e-05
6.41454138445852e-05
6.47376408020595e-05
6.53182372154504e-05
6.58872583956249e-05
6.64447615326136e-05
6.69908056132318e-05
6.75254513230472e-05
6.80487609386882e-05
 6.8560798205386e-05
6.90616282154055e-05
6.95513172661588e-05
7.00299327168752e-05
7.04975428276189e-05
7.09542166063004e-05
7.14000236324841e-05
7.18350338834162e-05
7.22593175587205e-05
7.26729448954355e-05
 7.3075985983051e-05
7.34685105779898e-05
 7.3850587920643e-05
7.42222865512954e-05
7.45836741319339e-05
7.49348172689457e-05
7.52757813486937e-05
7.56066303718717e-05
7.59274268078425e-05
7.62382314484222e-05
7.65391032766516e-05
  7.683009935322e-05
7.71112747057767e-05
7.73826822413337e-05
 7.7644372670882e-05
7.78963944467748e-05
7.81387937145439e-05
7.83716142944701e-05
7.85948976502748e-05
7.88086829131007e-05
7.90130068850647e-05
 7.9207904079448e-05
7.93934067717661e-05
7.95695450619416e-05
7.97363469534629e-05
7.98938384443115e-05
 8.0042043630435e-05
8.01809848243185e-05
 8.0310682675333e-05
8.04311563086246e-05
8.05424234630037e-05
8.06445006463763e-05
8.07374032844033e-05
8.08211458874775e-05
8.08957422043788e-05
8.09612053969122e-05
8.10175481983366e-05
8.10647830827849e-05
8.11029224294657e-05
8.11319786829801e-05
8.11519645164127e-05
8.11628929806574e-05
8.11647776612912e-05
8.11576328184627e-05
 8.1141473526114e-05
8.11163158073169e-05
8.10821767516234e-05
8.10390746416312e-05
8.09870290522374e-05
8.09260609569984e-05
 8.0856192821166e-05
8.07774486802915e-05
8.06898542219381e-05
8.05934368457439e-05
8.04882257295914e-05
8.03742518740158e-05
8.02515481468369e-05
 8.0120149316798e-05
7.99800920825433e-05
7.98314150906032e-05
 7.9674158948384e-05
7.95083662312734e-05
7.93340814831955e-05
 7.9151351212281e-05
7.89602238735476e-05
7.87607498646814e-05
7.85529814957275e-05
7.83369729664418e-05
7.81127803453074e-05
7.78804615285678e-05
7.76400762102503e-05
7.73916858428647e-05
7.71353536036523e-05
7.68711443416281e-05
7.65991245481601e-05
7.63193622985714e-05
7.60319272163912e-05
7.57368904226174e-05
7.54343244883104e-05
7.51243033866311e-05
7.48069024448794e-05
 7.4482198298309e-05
7.41502688397233e-05
7.38111931686269e-05
7.34650515543667e-05
7.31119253757351e-05
7.27518970838892e-05
7.23850501522794e-05
7.20114690337947e-05
7.16312391146889e-05
7.12444466700601e-05
7.08511788271027e-05
7.04515235130376e-05
7.00455694249147e-05
 6.9633405983649e-05
 6.9215123294053e-05
6.87908121125291e-05
 6.8360563803993e-05
6.79244703067905e-05
6.74826241010562e-05
 6.7035118170633e-05
6.65820459707644e-05
6.61235013921235e-05
6.56595787380532e-05
6.51903726813785e-05
6.47159782437567e-05
6.42364907620374e-05
6.37520058585084e-05
6.32626194186914e-05
6.27684275544826e-05
6.22695265894979e-05
6.17660130231013e-05
6.12579835094218e-05
6.07455348348163e-05
6.02287638896692e-05
  5.970776764741e-05
5.91826431431963e-05
5.86534874492672e-05
 5.8120397653294e-05
 5.7583470838507e-05
 5.7042804065266e-05
5.64984943463021e-05
5.59506386316189e-05
5.53993337844005e-05
5.48446765699095e-05
5.42867636309508e-05
5.37256914719952e-05
5.31615564438592e-05
5.25944547253854e-05
5.20244823073446e-05
 5.1451734977781e-05
5.08763083010288e-05
 5.0298297615714e-05
4.97177980022245e-05
4.91349042849309e-05
4.85497110056521e-05
4.79623124203243e-05
4.73728024762421e-05
4.67812748109475e-05
4.61878227238088e-05
4.55925391817935e-05
4.49955167928229e-05
4.43968478037737e-05
4.37966240842691e-05
4.31949371180185e-05
4.25918779916046e-05
4.19875373843803e-05
4.13820055579217e-05
 4.0775372347146e-05
4.01677271498757e-05
3.95591589197331e-05
3.89497561524843e-05
3.83396068851516e-05
3.77287986778052e-05
3.71174186131196e-05
3.65055532839387e-05
3.58932887883912e-05
3.52807107190101e-05
3.46679041575149e-05
3.40549536665957e-05
3.34419432825861e-05
3.28289565091344e-05
3.22160763083224e-05
3.16033850985553e-05
3.09909647415729e-05
3.03788965404506e-05
2.97672612313837e-05
2.91561389789141e-05
2.85456093666037e-05
2.79357513949252e-05
2.73266434706043e-05
2.67183634073964e-05
2.61109884128752e-05
2.55045950833255e-05
2.48992594059638e-05
2.42950567427291e-05
 2.3692061831837e-05
2.30903487772327e-05
2.24899910457044e-05
2.18910614613321e-05
2.12936321977164e-05
 2.0697774773426e-05
2.01035600465582e-05
1.95110582088542e-05
  1.892033877815e-05
1.83314705967108e-05
 1.7744521821017e-05
1.71595599176566e-05
1.65766516579957e-05
1.59958631121837e-05
1.54172596403823e-05
1.48409058924326e-05
1.42668657946432e-05
1.36952025487913e-05
 1.3125978624684e-05
1.25592557547183e-05
1.19950949202252e-05
1.14335563591306e-05
1.08746995433062e-05
1.03185831857866e-05
9.76526522389332e-06
9.21480281967924e-06
8.66725234793808e-06
8.12266939165252e-06
7.58110873511075e-06
7.04262435524683e-06
6.50726941697766e-06
5.97509626332204e-06
5.44615641062673e-06
4.92050053746418e-06
4.39817848274515e-06
 3.8792392335063e-06
3.36373092035824e-06
2.95656008719725e-06
2.89301198796998e-06
2.82954741415153e-06
2.76617627315012e-06
2.70290839265996e-06
2.63975352066126e-06
2.57672132364384e-06
2.51382138505285e-06
2.45106320373445e-06
2.38845619171535e-06
2.32600967486896e-06
2.53843884090443e-06
3.00536855390998e-06
3.46828759412166e-06
3.92716154373751e-06
4.38195695218191e-06
4.83264134032435e-06
5.27918320114562e-06
5.72155200695423e-06
6.15971821593675e-06
6.59365326860506e-06
7.02332959967578e-06
7.44872063251911e-06
7.86980078504307e-06
8.28654547357921e-06
8.69893110966302e-06
9.10693510114413e-06
9.51053585573902e-06
 9.9097127753689e-06
1.03044462607116e-05
1.06947177017647e-05
1.10805094829525e-05
1.14618049742443e-05
1.18385885332639e-05
 1.2210845493188e-05
1.25785621638563e-05
1.29417258254438e-05
1.33003247164698e-05
1.36543480362405e-05
1.40037859264197e-05
1.43486294740258e-05
 1.4688870690005e-05
1.50245025118956e-05
 1.5355518784621e-05
1.56819142556053e-05
1.60036845596734e-05
1.63208262070613e-05
1.66333365779758e-05
1.69412138985026e-05
1.72444572371644e-05
1.75430664857146e-05
1.78370423485896e-05
 1.8126386321482e-05
 1.8411100690785e-05
1.86911884993979e-05
1.89666535486133e-05
1.92375003689182e-05
1.95037342161086e-05
1.97653610471971e-05
2.00223875045369e-05
 2.0274820905386e-05
 2.0522669217593e-05
2.07659410526029e-05
2.10046456389223e-05
2.12387928142377e-05
2.14683930073178e-05
2.16934572140337e-05
2.19139969946935e-05
 2.2130024449063e-05
 2.2341552201266e-05
2.25485933890157e-05
 2.2751161641521e-05
2.29492710724921e-05
2.31429362601565e-05
2.33321722340474e-05
2.35169944600155e-05
2.36974188295713e-05
2.38734616432312e-05
2.40451396001928e-05
2.42124697820145e-05
 2.4375469644955e-05
2.45341570062063e-05
2.46885500306826e-05
2.48386672202505e-05
 2.4984527406291e-05
2.51261497384858e-05
2.52635536689416e-05
2.53967589525228e-05
 2.5525785628866e-05
2.56506540203816e-05
2.57713847200414e-05
 2.5887998583829e-05
2.60005167245225e-05
2.61089605038123e-05
2.62133515261942e-05
2.63137116272016e-05
2.64100628792896e-05
2.65024275705183e-05
2.65908282126581e-05
2.66752875265341e-05
2.67558284415825e-05
2.68324740898551e-05
2.69052478005793e-05
 2.6974173099048e-05
2.70392736970715e-05
2.71005734967522e-05
2.71580965790497e-05
2.72118672040023e-05
 2.7261909808729e-05
2.73082490030996e-05
2.73509095636282e-05
2.73899164330293e-05
2.74252947237708e-05
2.74570697015308e-05
2.74852667941916e-05
2.75099115850663e-05
 2.7531029810568e-05
2.75486473597653e-05
2.75627902660558e-05
2.75734847144937e-05
2.75807570299103e-05
2.75846336825758e-05
2.75851412796513e-05
2.75823065657432e-05
2.75761564232369e-05
2.75667178651906e-05
2.75540180356693e-05
2.75380842079676e-05
2.75189437813905e-05
2.74966242767016e-05
2.74711533414518e-05
2.74425587363236e-05
2.74108683437913e-05
 2.7376110157129e-05
2.73383122837423e-05
2.72975029386169e-05
2.72537104455406e-05
2.72069632305527e-05
 2.7157289821389e-05
2.71047188469264e-05
2.70492790273025e-05
2.69909991815753e-05
2.69299082159558e-05
2.68660351228078e-05
2.67994089833135e-05
2.67300589563702e-05
2.66580142812556e-05
2.65833042728536e-05
2.65059583165472e-05
 2.6426005869995e-05
2.63434764545822e-05
2.62583996544219e-05
2.61708051171317e-05
 2.6080722538846e-05
2.59881816777607e-05
2.58932123335942e-05
2.57958443590223e-05
2.56961076451345e-05
2.55940321240988e-05
2.54896477642763e-05
2.53829845674458e-05
2.52740725618095e-05
2.51629418027699e-05
2.50496223701546e-05
2.49341443585571e-05
2.48165378796683e-05
2.46968330590569e-05
2.45750600266215e-05
2.44512489188109e-05
2.43254298740725e-05
   2.41976330283e-05
 2.4067888510837e-05
2.39362264431442e-05
2.38026769328048e-05
2.36672700745233e-05
2.35300359394675e-05
2.33910045792651e-05
2.32502060175666e-05
2.31076702511546e-05
  2.296342724184e-05
2.28175069156844e-05
 2.2669939161557e-05
2.25207538240291e-05
2.23699807029298e-05
 2.2217649550238e-05
2.20637900634202e-05
2.19084318904272e-05
2.17516046145949e-05
2.15933377651911e-05
2.14336608017618e-05
2.12726031222354e-05
2.11101940525982e-05
2.09464628463385e-05
2.07814386832261e-05
2.06151506654262e-05
2.04476278128363e-05
2.02788990649738e-05
2.01089932736487e-05
1.99379392051835e-05
 1.9765765531643e-05
1.95925008364961e-05
 1.9418173605068e-05
1.92428122272048e-05
1.90664449895017e-05
1.88891000807434e-05
1.87108055837992e-05
1.85315894745131e-05
 1.8351479620593e-05
1.81705037816116e-05
1.79886896020109e-05
1.78060646133238e-05
1.76226562309534e-05
1.74384917522863e-05
1.72535983555822e-05
1.70680030978643e-05
 1.6881732912255e-05
1.66948146071988e-05
1.65072748662398e-05
1.63191402436924e-05
1.61304371657511e-05
 1.5941191926383e-05
1.57514306897699e-05
1.55611794832033e-05
1.53704642036345e-05
1.51793106072384e-05
1.49877443137436e-05
1.47957908080976e-05
1.46034754292534e-05
 1.4410823379718e-05
1.42178597170028e-05
1.40246093567331e-05
1.38310970682065e-05
1.36373474771689e-05
1.34433850611515e-05
1.32492341504697e-05
1.30549189280016e-05
1.28604634229701e-05
1.26658915183819e-05
1.24712269431448e-05
1.22764932724007e-05
1.20817139304119e-05
1.18869121845666e-05
1.16921111472656e-05
1.14973337752566e-05
1.13026028669694e-05
1.11079410615167e-05
1.09133708423581e-05
1.07189145274189e-05
1.05245942788601e-05
1.03304320933084e-05
1.01364498044099e-05
9.94266908627139e-06
9.74911144113744e-06
9.55579821115826e-06
9.36275056950819e-06
9.16998952327219e-06
 8.9775359086719e-06
8.78541039273095e-06
8.59363347427422e-06
8.40222547793257e-06
8.21120655836172e-06
8.02059669369193e-06
7.83041568996889e-06
7.64068317693489e-06
7.45141860669651e-06
7.26264125683329e-06
7.07437022218205e-06
6.88662442105414e-06
6.69942259012846e-06
6.51278328256399e-06
6.32672487110852e-06
6.14126554410177e-06
5.95642330281088e-06
5.77221596376187e-06
5.58866115629719e-06
5.40577632157646e-06
5.22357871124424e-06
5.04208538465445e-06
4.86131321197902e-06
 4.6812788673245e-06
4.50199883572644e-06
 4.3234894026023e-06
 4.1457666595246e-06
3.96884650033513e-06
3.79274462247725e-06
3.61747651944633e-06
3.44305749055973e-06
3.26950262830028e-06
3.09682682764212e-06
 2.9250447750595e-06
2.75417095718655e-06
2.58421965304567e-06
2.41520493604597e-06
2.24714067165177e-06
2.08004051982513e-06
1.91391792758733e-06
1.74878613756757e-06
1.58465817601261e-06
1.42154686333384e-06
1.25946480367123e-06
1.09842439066643e-06
 9.3843780635261e-07
9.15891750885578e-07
8.97736442073693e-07
8.79603478054491e-07
8.61494802384399e-07
8.43412344631034e-07
8.25358025480227e-07
8.07333751184913e-07
7.89341418006018e-07
7.71382908659746e-07
7.53460094760072e-07
7.48593625199412e-07
8.95062575501093e-07
1.04033898540301e-06
1.18441370722255e-06
1.32727780666198e-06
1.46892257224529e-06
1.60933950577036e-06
1.74852033019146e-06
1.88645698218082e-06
2.02314161812378e-06
 2.1585666094559e-06
2.29272454388418e-06
2.42560822660831e-06
2.55721067554671e-06
2.68752512533332e-06
2.81654502476414e-06
2.94426403502079e-06
3.07067603033673e-06
3.19577510077274e-06
3.31955554211394e-06
3.44201186530668e-06
3.56313878946413e-06
3.68293124253238e-06
3.80138436151256e-06
 3.9184934906844e-06
4.03425417838665e-06
4.14866218112486e-06
  4.261713456577e-06
4.37340416881149e-06
4.48373067996055e-06
4.59268955543823e-06
4.70027755994362e-06
4.80649165446323e-06
4.91132900004576e-06
5.01478695191793e-06
5.11686305804115e-06
5.21755506444066e-06
5.31686090288197e-06
5.41477869975271e-06
5.51130676884615e-06
5.60644361302653e-06
5.70018791912208e-06
5.79253855936823e-06
5.88349459151871e-06
5.97305525140701e-06
6.06121995938569e-06
6.14798830989027e-06
6.23336007976594e-06
6.31733521694322e-06
6.39991384598915e-06
6.48109626510962e-06
6.56088294048729e-06
6.63927451138857e-06
6.71627178261414e-06
6.79187572683038e-06
6.86608747968442e-06
6.93890834313482e-06
7.01033977734689e-06
7.08038340546668e-06
 7.1490410070707e-06
7.21631452049731e-06
7.28220603729568e-06
 7.3467178055564e-06
7.40985222236201e-06
7.47161183656253e-06
7.53199934810933e-06
 7.5910176003946e-06
7.64866958447019e-06
7.70495843827046e-06
7.75988743528799e-06
 7.8134599994506e-06
7.86567968402707e-06
7.91655018872461e-06
7.96607534325755e-06
8.01425911745035e-06
8.06110560802598e-06
8.10661904881993e-06
8.15080380078825e-06
8.19366435245161e-06
8.23520532311495e-06
8.27543145254239e-06
8.31434760706351e-06
8.35195877491035e-06
8.38827006333087e-06
 8.4232867013645e-06
8.45701403184851e-06
8.48945751852348e-06
 8.5206227342649e-06
8.55051536841067e-06
8.57914122009973e-06
8.60650619904924e-06
8.63261632433332e-06
8.65747771783276e-06
8.68109661134042e-06
8.70347933867865e-06
8.72463233403398e-06
8.74456213484365e-06
8.76327537624455e-06
8.78077879418182e-06
8.79707921463968e-06
8.81218356396651e-06
8.82609885899388e-06
8.83883220947901e-06
8.85039081410799e-06
8.86078196038476e-06
8.87001302429802e-06
8.87809146643548e-06
8.88502483142872e-06
8.89082074728709e-06
8.89548692240005e-06
8.89903114686952e-06
8.90146128396108e-06
8.90278528042909e-06
8.90301115341607e-06
8.90214699633685e-06
8.90020097144006e-06
8.89718131769079e-06
8.89309633667068e-06
8.88795440234791e-06
8.88176395241747e-06
8.87453349296408e-06
8.86627158824815e-06
 8.8569868686994e-06
8.84668802281219e-06
8.83538379969906e-06
 8.8230830044278e-06
8.80979449935371e-06
8.79552719990073e-06
8.78029007622683e-06
8.76409214811691e-06
8.74694248886865e-06
8.72885021641068e-06
8.70982449752145e-06
8.68987454738512e-06
8.66900962170902e-06
8.64723902016529e-06
8.62457208472556e-06
8.60101819788461e-06
8.57658677844153e-06
8.55128728627363e-06
8.52512921145632e-06
8.49812208381096e-06
 8.4702754629129e-06
8.44159894053398e-06
8.41210213953225e-06
8.38179471074341e-06
8.35068633098235e-06
8.31878670548569e-06
8.28610556324882e-06
8.25265265536057e-06
8.21843775533626e-06
8.18347065811853e-06
 8.1477611765246e-06
8.11131914091323e-06
8.07415439985082e-06
8.03627681633667e-06
7.99769626502744e-06
7.95842263545676e-06
7.91846582948175e-06
7.87783575306733e-06
 7.8365423288318e-06
7.79459547906036e-06
7.75200513780661e-06
7.70878124234375e-06
7.66493372938992e-06
 7.6204725449891e-06
7.57540762952313e-06
7.52974892903602e-06
7.48350638346551e-06
7.43668993274937e-06
7.38930951338368e-06
7.34137505498111e-06
7.29289648193632e-06
7.24388371242668e-06
7.19434665452656e-06
7.14429520831672e-06
7.09373926144341e-06
7.04268869167191e-06
6.99115336266765e-06
6.93914312410726e-06
 6.8866678113455e-06
6.83373724374992e-06
6.78036122192527e-06
6.72654952960094e-06
6.67231193218765e-06
6.61765817144833e-06
6.56259797171543e-06
6.50714103367367e-06
6.45129703324976e-06
6.39507562305575e-06
6.33848643283308e-06
6.28153906223616e-06
 6.2242430874937e-06
6.16660805285996e-06
6.10864347794227e-06
6.05035884948535e-06
5.99176362547915e-06
5.93286722982977e-06
5.87367905635627e-06
5.81420846490488e-06
5.75446478079389e-06
 5.6944572950357e-06
5.63419526100617e-06
 5.5736878981083e-06
5.51294438488892e-06
5.45197386569996e-06
5.39078544403715e-06
5.32938818154083e-06
5.26779110165965e-06
5.20600318687503e-06
5.14403337625868e-06
5.08189056658281e-06
5.01958361132093e-06
4.95712131975967e-06
4.89451245522243e-06
4.83176573740085e-06
4.76888983780288e-06
4.70589338208427e-06
4.64278494838322e-06
4.57957306476686e-06
4.51626621422729e-06
4.45287282657691e-06
4.38940128100196e-06
4.32585991072543e-06
4.26225699257099e-06
4.19860075440148e-06
 4.1348993681245e-06
4.07116095713089e-06
4.00739358841218e-06
3.94360527322668e-06
3.87980397187349e-06
3.81599758547679e-06
 3.7521939628693e-06
3.68840089126632e-06
3.62462610703496e-06
 3.5608772842588e-06
 3.4971620420654e-06
3.43348793840903e-06
3.36986247584381e-06
3.30629309308605e-06
3.24278717211968e-06
3.17935203431041e-06
3.11599493751924e-06
3.05272308342985e-06
2.98954360467008e-06
2.92646357891169e-06
2.86349001732411e-06
2.80062986812712e-06
2.73789001770108e-06
2.67527728747829e-06
2.61279843516427e-06
2.55046015362748e-06
2.48826907156552e-06
2.42623175084056e-06
2.36435468803364e-06
2.30264431633209e-06
2.24110699809099e-06
2.17974903282681e-06
2.11857665033399e-06
2.05759601523692e-06
1.99681322388123e-06
1.93623430333467e-06
1.87586521549488e-06
1.81571184942886e-06
1.75578003003274e-06
1.69607550959405e-06
 1.6366039730098e-06
1.57737103634314e-06
1.51838224393686e-06
1.45964307207702e-06
1.40115892455217e-06
1.34293513764927e-06
1.28497697537977e-06
1.22728963236618e-06
1.16987822906811e-06
1.11274781999793e-06
1.05590338317363e-06
9.99349829777785e-07
9.43091995719847e-07
8.87134649518728e-07
8.31482482865908e-07
 7.7614012006233e-07
7.21112112134215e-07
6.66402935944888e-07
6.12016998191578e-07
5.57958634517242e-07
5.04232106623981e-07
4.50841604160424e-07
3.97791244832746e-07
3.45085074626716e-07
3.03902113252263e-07
2.97784997771444e-07
2.91676457653267e-07
2.85577198333442e-07
2.79487919252475e-07
2.73409312079309e-07
2.67342063153819e-07
2.61286851044318e-07
2.55244349212091e-07
2.49215222902777e-07
2.43200132699073e-07
2.59168450145175e-07
3.07064928040113e-07
3.54568166271996e-07
4.01675200101259e-07
4.48383135065455e-07
4.94689151642191e-07
5.40590497255522e-07
5.86084492715244e-07
6.31168529996451e-07
6.75840069019884e-07
7.20096643536117e-07
7.63935854908304e-07
8.07355374776719e-07
8.50352947168176e-07
8.92926380946513e-07
9.35073560026645e-07
9.76792432827445e-07
 1.0180810180449e-06
1.05893740398599e-06
1.09935974734743e-06
1.13934627099521e-06
 1.1788952677394e-06
1.21800509511605e-06
1.25667418338082e-06
1.29490102396268e-06
1.33268417679133e-06
1.37002227029726e-06
1.40691399497239e-06
1.44335811191887e-06
1.47935344219086e-06
1.51489887678657e-06
1.54999336865469e-06
1.58463593491476e-06
1.61882565841154e-06
1.65256168271899e-06
1.68584321946774e-06
1.71866953746491e-06
1.75103997190895e-06
 1.7829539201708e-06
 1.8144108367979e-06
1.84541024417229e-06
1.87595172107535e-06
 1.9060349075728e-06
1.93565950479258e-06
1.96482527359265e-06
1.99353203222952e-06
2.02177965935579e-06
2.04956809257695e-06
2.07689732523164e-06
2.10376741038854e-06
2.13017845718255e-06
2.15613063148101e-06
2.18162415488443e-06
2.20665930472652e-06
2.23123641507339e-06
 2.2553558720606e-06
   2.27901811789e-06
2.30222364949739e-06
2.32497301522194e-06
2.34726681658248e-06
2.36910570816651e-06
2.39049039740813e-06
 2.4114216402582e-06
2.43190024640239e-06
2.45192707293285e-06
2.47150303367416e-06
2.49062907964337e-06
2.50930622502921e-06
2.52753552087981e-06
2.54531807453162e-06
 2.5626550331781e-06
2.57954759830259e-06
2.59599701202262e-06
 2.6120045641953e-06
2.62757159263938e-06
2.64269947536366e-06
2.65738963889373e-06
2.67164355061134e-06
2.68546272375048e-06
2.69884870951476e-06
 2.7118031089568e-06
2.72432755676899e-06
2.73642373493921e-06
2.74809336253679e-06
2.75933820048646e-06
2.77016004801567e-06
2.78056074376476e-06
2.79054216656416e-06
2.80010623110449e-06
2.80925488871375e-06
2.81799013157613e-06
2.82631398396127e-06
2.83422850844151e-06
  2.841735801562e-06
2.84883799595015e-06
2.85553725754006e-06
 2.8618357849064e-06
2.86773581348321e-06
  2.873239605794e-06
2.87834946199883e-06
2.88306770823699e-06
2.88739670784022e-06
2.89133884801007e-06
2.89489655158626e-06
2.89807226716565e-06
2.90086847276605e-06
2.90328767615922e-06
2.90533241142921e-06
2.90700524019361e-06
2.90830875171455e-06
 2.9092455602342e-06
2.90981830519677e-06
 2.9100296515816e-06
2.90988229123545e-06
2.90937893621113e-06
2.90852232442962e-06
2.90731521623844e-06
2.90576039407853e-06
 2.9038606631504e-06
2.90161884841655e-06
2.89903779848721e-06
2.89612037807085e-06
2.89286947641187e-06
 2.8892879982978e-06
2.88537887049856e-06
2.88114503488313e-06
2.87658945274938e-06
2.87171510326978e-06
2.86652498082685e-06
2.86102209734462e-06
 2.8552094794021e-06
2.84909016889934e-06
2.84266722372362e-06
2.83594371419671e-06
2.82892272640556e-06
2.82160735676218e-06
2.81400071733273e-06
2.80610593128561e-06
2.79792613300245e-06
2.78946446907735e-06
2.78072409509722e-06
2.77170818085981e-06
2.76241990049275e-06
2.75286244144635e-06
2.74303900049677e-06
2.73295277875008e-06
2.72260698996885e-06
2.71200485235656e-06
2.70114959255441e-06
2.69004444308774e-06
2.67869264169995e-06
2.66709743468319e-06
2.65526207032796e-06
2.64318980347511e-06
2.63088389373944e-06
2.61834760206803e-06
 2.6055841967354e-06
2.59259694512792e-06
2.57938911907285e-06
 2.5659639937281e-06
2.55232484391854e-06
2.53847494724457e-06
2.52441757886412e-06
2.51015602137361e-06
2.49569355081913e-06
2.48103344491213e-06
2.46617898214119e-06
2.45113343833037e-06
2.43590008797145e-06
2.42048220544522e-06
2.40488305891517e-06
2.38910591843222e-06
2.37315404694183e-06
2.35703070816662e-06
2.34073915794664e-06
2.32428264934637e-06
2.30766443276575e-06
2.29088775260955e-06
2.27395584595502e-06
2.25687194621571e-06
2.23963928092097e-06
2.22226107149393e-06
2.20474053180819e-06
2.18708086763275e-06
2.16928528151694e-06
2.15135696324253e-06
2.13329910003779e-06
 2.1151148633658e-06
2.09680742579987e-06
 2.0783799408175e-06
2.05983556123002e-06
2.04117742441667e-06
2.02240866142844e-06
2.00353239043771e-06
1.98455172117917e-06
1.96546975228529e-06
1.94628956939891e-06
1.92701425083541e-06
1.90764685792377e-06
1.88819044544264e-06
1.86864805218345e-06
1.84902270694565e-06
1.82931742287451e-06
1.80953520290128e-06
1.78967903652349e-06
1.76975189780659e-06
1.74975674804845e-06
1.72969653566835e-06
1.70957419287632e-06
1.68939263989198e-06
1.66915477872731e-06
1.64886349951487e-06
1.62852167584493e-06
1.60813216654176e-06
1.58769781177792e-06
1.56722144228905e-06
1.54670586627326e-06
1.52615387793986e-06
1.50556825684323e-06
 1.4849517625537e-06
  1.464307141541e-06
1.44363711795936e-06
1.42294440297341e-06
1.40223169020626e-06
1.38150165196471e-06
1.36075694689985e-06
1.34000021168035e-06
1.31923406865297e-06
1.29846111895926e-06
1.27768394497796e-06
1.25690511343368e-06
1.23612716806942e-06
1.21535263675199e-06
1.19458402636496e-06
1.17382382347486e-06
1.15307449954916e-06
1.13233850063121e-06
1.11161825588901e-06
1.09091617661594e-06
1.07023464757106e-06
1.04957604041278e-06
1.02894270226361e-06
1.00833695992897e-06
9.87761121118425e-07
9.67217471559145e-07
9.46708276439168e-07
9.26235781184559e-07
9.05802208128748e-07
8.85409758066835e-07
8.65060613697288e-07
8.44756932516511e-07
 8.2450085248098e-07
8.04294490674984e-07
7.84139940868123e-07
7.64039275513717e-07
7.43994543750404e-07
7.24007776398139e-07
7.04080980074018e-07
6.84216137303295e-07
6.64415211737435e-07
 6.4468014293606e-07
6.25012848365358e-07
6.05415224619321e-07
 5.8588914264579e-07
5.66436452187347e-07
5.47058983668691e-07
5.27758539869971e-07
 5.0853690358732e-07
4.89395834524231e-07
4.70337069957694e-07
4.51362322073656e-07
4.32473284517343e-07
4.13671623733514e-07
3.94958985183713e-07
3.76336992347071e-07
3.57807242723496e-07
3.39371314495018e-07
3.21030759864449e-07
3.02787109496272e-07
2.84641871184377e-07
2.66596527520591e-07
2.48652542333971e-07
2.30811350032667e-07
2.13074367705346e-07
1.95442988237815e-07
1.77918577204395e-07
1.60502482970948e-07
1.43196026924919e-07
1.26000509248492e-07
1.08917205698944e-07
9.83296231105157e-08
9.63602693193621e-08
9.43937499275904e-08
9.24302840932256e-08
9.04700854231777e-08
8.85133670802674e-08
  8.656034244936e-08
8.46112178098934e-08
8.26662032160641e-08
8.07255018386854e-08
 7.8789317958794e-08
 8.6896477791143e-08
1.02415290359481e-07
1.17806426280787e-07
1.33068951857496e-07
1.48201955707528e-07
1.63204549652463e-07
1.78075865941985e-07
1.92815060917617e-07
2.07421313680456e-07
2.21893824203789e-07
2.36231814443322e-07
2.50434529669441e-07
2.64501237245973e-07
2.78431224298714e-07
2.92223802933478e-07
3.05878304351914e-07
3.19394083070357e-07
3.32770515143466e-07
3.46006996720938e-07
3.59102948488399e-07
3.72057808561976e-07
3.84871039038615e-07
 3.9754212333154e-07
4.10070564726972e-07
4.22455887605366e-07
4.34697638218573e-07
4.46795382136322e-07
4.58748708243029e-07
4.70557224074852e-07
4.82220556929924e-07
4.93738356643902e-07
5.05110292925437e-07
5.16336053246746e-07
5.27415349838023e-07
5.38347910250536e-07
5.49133484795128e-07
5.59771840991097e-07
5.70262770227536e-07
 5.8060607976973e-07
5.90801597755153e-07
6.00849169085649e-07
6.10748663421035e-07
6.20499963521759e-07
6.30102973575575e-07
6.39557618531406e-07
6.48863838659253e-07
6.58021595434377e-07
6.67030864542895e-07
6.75891646984006e-07
6.84603955081187e-07
6.93167822585217e-07
7.01583300011244e-07
7.09850458191497e-07
 7.1796938028168e-07
 7.2594017264116e-07
7.33762955396067e-07
7.41437866103034e-07
7.48965062968843e-07
7.56344713526147e-07
7.63577011841932e-07
7.70662159754743e-07
7.77600381529631e-07
7.84391914865346e-07
7.91037014558071e-07
7.97535951058137e-07
8.03889011247172e-07
8.10096496328683e-07
8.16158725491789e-07
8.22076031248287e-07
8.27848762097183e-07
8.33477282080608e-07
8.38961969673591e-07
8.44303217228948e-07
8.49501435418176e-07
8.54557042684334e-07
8.59470480230051e-07
8.64242196363385e-07
8.68872656378805e-07
8.73362340558792e-07
8.77711740177034e-07
 8.8192136293852e-07
8.85991726984336e-07
 8.8992336599869e-07
8.93716824212909e-07
8.97372662733709e-07
9.00891451660613e-07
9.04273775303999e-07
9.07520229964653e-07
9.10631424044794e-07
 9.1360797949136e-07
9.16450529242496e-07
9.19159714563023e-07
9.21736195036438e-07
9.24180638017802e-07
9.26493718633736e-07
9.28676130662609e-07
 9.3072857376697e-07
9.32651757157288e-07
 9.3444640592022e-07
9.36113251248649e-07
9.37653035992803e-07
 9.3906651332798e-07
9.40354445866376e-07
9.41517606545261e-07
9.42556776517556e-07
9.43472747927387e-07
9.44266322688847e-07
9.44938308489185e-07
9.45489525561172e-07
9.45920802686295e-07
9.46232973531025e-07
9.46426885417573e-07
9.46503388665754e-07
9.46463347362148e-07
9.46307627369691e-07
9.46037106652753e-07
9.45652670947261e-07
9.45155209652881e-07
9.44545623715598e-07
9.43824818855354e-07
9.42993706787298e-07
9.42053209662674e-07
9.41004252963396e-07
9.39847768388624e-07
 9.3858469762953e-07
9.37215984597728e-07
9.35742581087418e-07
 9.3416544333369e-07
9.32485535787286e-07
9.30703825785528e-07
9.28821287327075e-07
9.26838899073523e-07
 9.2475764457145e-07
9.22578512363437e-07
9.20302496543179e-07
9.17930595867311e-07
9.15463810091666e-07
9.12903147187727e-07
9.10249618457648e-07
9.07504236868917e-07
9.04668022383426e-07
9.01741994852046e-07
8.98727180898007e-07
8.95624609364987e-07
8.92435310539952e-07
8.89160321593252e-07
8.85800677141724e-07
8.82357419906832e-07
8.78831592054929e-07
8.75224238749972e-07
8.71536406821249e-07
8.67769146761788e-07
8.63923509952791e-07
8.60000550884088e-07
 8.5600132271324e-07
8.51926883371767e-07
8.47778290680168e-07
8.43556602680984e-07
8.39262882634806e-07
8.34898188584177e-07
8.30463585010932e-07
8.25960133843395e-07
8.21388899896469e-07
8.16750945098477e-07
8.12047334819432e-07
 8.0727913343015e-07
8.02447405301443e-07
7.97553214026969e-07
7.92597624199587e-07
7.87581699190909e-07
7.82506503260727e-07
7.77373097449185e-07
7.72182544128697e-07
7.66935905116561e-07
7.61634239121456e-07
7.56278606406369e-07
 7.5087006345953e-07
7.45409664770769e-07
7.39898469603872e-07
7.34337526564488e-07
7.28727891030623e-07
7.23070609609522e-07
7.17366730684788e-07
7.11617300974687e-07
7.05823362867619e-07
6.99985956975624e-07
 6.9410612379972e-07
6.88184897179589e-07
6.82223312620245e-07
6.76222400408655e-07
6.70183187834184e-07
6.64106701075973e-07
6.57993960873071e-07
6.51845987964528e-07
6.45663796317031e-07
6.39448398453979e-07
6.33200803790146e-07
6.26922017854525e-07
6.20613039847839e-07
6.14274871746368e-07
6.07908503869048e-07
6.01514928311175e-07
5.95095130506706e-07
5.88650093336085e-07
5.82180792574327e-07
5.75688204773606e-07
5.69173294939773e-07
5.62637031409352e-07
5.56080372859924e-07
5.49504273750223e-07
5.42909686984672e-07
 5.3629755625284e-07
5.29668823801011e-07
5.23024426102303e-07
5.16365292635435e-07
5.09692351435831e-07
5.03006520546911e-07
4.96308718456184e-07
4.89599853326084e-07
4.82880829100196e-07
4.76152548056774e-07
4.69415900261616e-07
4.62671776890744e-07
4.55921058795106e-07
4.49164621940668e-07
4.42403337741482e-07
4.35638072615596e-07
4.28869683544164e-07
4.22099024066647e-07
4.15326941505256e-07
4.08554275521666e-07
4.01781862002792e-07
3.95010528730921e-07
3.88241097715181e-07
3.81474384858471e-07
3.74711200068489e-07
3.67952344149103e-07
3.61198615683733e-07
3.54450803929929e-07
3.47709690706743e-07
3.40976054835629e-07
3.34250663813762e-07
3.27534282584807e-07
3.20827667654733e-07
 3.1413156598159e-07
3.07446723413207e-07
3.00773872807802e-07
2.94113747023594e-07
2.87467062376479e-07
2.80834539179153e-07
2.74216880979949e-07
2.67614790439019e-07
2.61028960779619e-07
2.54460079562868e-07
2.47908823358678e-07
2.41375866516513e-07
2.34861873393832e-07
2.28367499799376e-07
2.21893398877349e-07
2.15440210338258e-07
2.09008571561142e-07
2.02599111598367e-07
 1.9621244895518e-07
1.89849197695935e-07
1.83509964335471e-07
1.77195348283199e-07
1.70905937624255e-07
1.64642318445374e-07
1.58405066730261e-07
1.52194749358792e-07
1.46011928436884e-07
1.39857156411516e-07
1.33730981177749e-07
1.27633939639438e-07
 1.2156656159501e-07
1.15529372735068e-07
1.09522885649582e-07
1.03547610819099e-07
9.76040480660245e-08
9.16926881089353e-08
8.58140191128953e-08
7.99685171415376e-08
7.41566510420455e-08
6.83788851096878e-08
6.26356728705701e-08
5.69274627437721e-08
 5.1254691602054e-08
4.56177936536406e-08
4.00171916714598e-08
3.44533038765249e-08
3.19339559240461e-08
3.12899623988727e-08
 3.0646920556876e-08
3.00049030066418e-08
2.93639799142653e-08
2.87242223340201e-08
2.80857006540458e-08
2.74484837081701e-08
2.68126401081759e-08
2.61782364674445e-08
2.55453420638929e-08
2.93084243541131e-08
3.43605751629283e-08
3.93709714829882e-08
4.43393138871429e-08
4.92653018380196e-08
5.41486504523903e-08
5.89890755131606e-08
6.37863034613773e-08
 6.8540068065559e-08
7.32501088673843e-08
7.79161732911149e-08
8.25380189750646e-08
8.71154044457256e-08
9.16481021073778e-08
9.61358869178142e-08
1.00578544048879e-07
1.04975862669221e-07
1.09327642605628e-07
1.13633687681691e-07
1.17893810602787e-07
1.22107830846652e-07
1.26275575662582e-07
1.30396874853389e-07
1.34471572321715e-07
1.38499512858381e-07
1.42480551024171e-07
1.46414547264051e-07
1.50301369683525e-07
 1.5414089127308e-07
1.57932994682142e-07
 1.6167756611285e-07
1.65374501870375e-07
1.69023700369308e-07
1.72625071570565e-07
1.76178528432658e-07
 1.7968399101953e-07
1.83141387721797e-07
1.86550651037898e-07
1.89911722792147e-07
1.93224545808057e-07
1.96489075787731e-07
1.99705270764738e-07
2.02873094545808e-07
2.05992520374565e-07
2.09063524936326e-07
2.12086090245478e-07
2.15060208863527e-07
2.17985873240956e-07
2.20863086930478e-07
2.23691857481612e-07
 2.2647219766192e-07
2.29204126234173e-07
2.31887669066566e-07
2.34522855691033e-07
2.37109724632312e-07
2.39648316191499e-07
2.42138678663295e-07
2.44580866559652e-07
2.46974935280697e-07
2.49320952550036e-07
2.51618986091273e-07
2.53869111177529e-07
2.56071409188152e-07
2.58225964389069e-07
2.60332868373681e-07
2.62392216621166e-07
2.64404110605909e-07
2.66368655688076e-07
2.68285964888371e-07
2.70156151671586e-07
2.71979338606343e-07
2.73755651813978e-07
2.75485221856719e-07
2.77168183182575e-07
2.78804677567024e-07
2.80394848450882e-07
2.81938845048124e-07
2.83436824677352e-07
 2.8488893988321e-07
2.86295358642441e-07
2.87656246711343e-07
2.88971774620173e-07
2.90242119449502e-07
2.91467461610573e-07
2.92647984512229e-07
2.93783876781362e-07
2.94875331485756e-07
2.95922545245908e-07
2.96925716458674e-07
2.97885053957003e-07
2.98800760467621e-07
2.99673053150151e-07
3.00502143835146e-07
3.01288254345167e-07
3.02031608057085e-07
3.02732429235952e-07
3.03390951472693e-07
3.04007404805517e-07
3.04582029264644e-07
3.05115064547223e-07
3.05606754014143e-07
3.06057344690025e-07
3.06467088706519e-07
 3.0683623608585e-07
3.07165045732027e-07
3.07453777215194e-07
3.07702692214917e-07
3.07912056962678e-07
3.08082138134047e-07
   3.08213209399e-07
3.08305541873999e-07
3.08359415335246e-07
3.08375106117253e-07
3.08352899103248e-07
3.08293075956811e-07
3.08195923337529e-07
  3.080617344553e-07
3.07890797524024e-07
3.07683407974046e-07
3.07439861457759e-07
3.07160458179467e-07
 3.0684549701121e-07
3.06495281598984e-07
3.06110117809233e-07
3.05690311841467e-07
3.05236172448708e-07
3.04748010826472e-07
3.04226139391517e-07
3.03670873891271e-07
3.03082528962939e-07
3.02461423129508e-07
3.01807876690319e-07
3.01122209833693e-07
3.00404746966798e-07
2.99655811164534e-07
2.98875728166337e-07
2.98064824932887e-07
2.97223430978377e-07
2.96351875817003e-07
2.95450489407045e-07
2.94519604926435e-07
2.93559554886968e-07
2.92570675575199e-07
2.91553300058034e-07
2.90507767064518e-07
2.89434412437117e-07
2.88333575348965e-07
2.87205594307061e-07
2.86050810371918e-07
 2.8486956360485e-07
2.83662195399437e-07
2.82429048592547e-07
2.81170464022651e-07
2.79886788190353e-07
2.78578361823101e-07
2.77245531310477e-07
2.75888640710598e-07
2.74508034969756e-07
2.73104059145268e-07
2.71677060403874e-07
2.70227383358801e-07
2.68755375176788e-07
2.67261381026174e-07
2.65745749072899e-07
2.64208824041212e-07
2.62650955207278e-07
 2.6107248563001e-07
 2.5947376547375e-07
2.57855137242302e-07
2.56216951100008e-07
2.54559551660094e-07
 2.5288328364681e-07
2.51188494115873e-07
2.49475528790732e-07
2.47744730286215e-07
2.45996446435193e-07
2.44231018853291e-07
2.42448792597827e-07
2.40650111060781e-07
2.38835315191643e-07
2.37004750047731e-07
 2.3515875535729e-07
2.33297670959587e-07
2.31421838914336e-07
 2.2953159828365e-07
2.27627287352483e-07
2.25709243739658e-07
2.23777805619108e-07
2.21833308167163e-07
2.19876087337312e-07
2.17906476085439e-07
2.15924811475254e-07
2.13931420467439e-07
2.11926639126503e-07
2.09910795967438e-07
2.07884219283194e-07
2.05847239032053e-07
2.03800180398339e-07
2.01743369565577e-07
1.99677132273202e-07
1.97601790818958e-07
1.95517665280143e-07
1.93425079397791e-07
1.91324350251598e-07
1.89215797363751e-07
1.87099735482477e-07
1.84976481576449e-07
1.82846346730159e-07
 1.8070964546979e-07
1.78566686437343e-07
1.76417780606286e-07
1.74263233732042e-07
1.72103352902298e-07
1.69938441318962e-07
1.67768801850876e-07
1.65594735701546e-07
1.63416541743011e-07
1.61234518736286e-07
1.59048960668429e-07
1.56860162192629e-07
1.54668415852655e-07
1.52474011416714e-07
1.50277238430974e-07
1.48078382777861e-07
1.45877730117761e-07
1.43675560781986e-07
1.41472159209677e-07
1.39267803622722e-07
1.37062769134388e-07
1.34857333078386e-07
1.32651768014469e-07
1.30446343393764e-07
1.28241331776024e-07
1.26036996839218e-07
1.23833604925849e-07
1.21631418825707e-07
1.19430699330181e-07
1.17231705010212e-07
1.15034693437543e-07
1.12839916743823e-07
 1.1064762894808e-07
1.08458079295382e-07
1.06271516475687e-07
1.04088184071927e-07
1.01908329219746e-07
9.97321887297176e-08
9.75600040753477e-08
9.53920114010742e-08
 9.3228445963156e-08
9.10695375777593e-08
8.89155188366075e-08
8.67666142267964e-08
8.46230516771129e-08
8.24850534542065e-08
8.03528370507678e-08
7.82266257326469e-08
7.61066317744863e-08
7.39930684501289e-08
7.18861488113731e-08
6.97860804699246e-08
6.76930704823775e-08
6.56073205762553e-08
6.35290346995276e-08
6.14584110270044e-08
5.93956461791834e-08
5.73409337789599e-08
 5.5294466894118e-08
5.32564338184827e-08
5.12270215136112e-08
4.92064158308381e-08
4.71947971814046e-08
4.51923455324632e-08
4.31992382976532e-08
4.12156505591454e-08
3.92417538463974e-08
3.72777175794425e-08
3.53237099570691e-08
3.33798956253517e-08
3.14464355666288e-08
2.95234908742614e-08
2.76112193109412e-08
2.57097751976687e-08
2.38193103019313e-08
2.19399751699711e-08
2.00719173504282e-08
1.82152815053627e-08
1.63702111866115e-08
1.45368436177407e-08
1.27153203521857e-08
1.09057737285312e-08
1.03624095970645e-08
1.01529569196401e-08
9.94381665897492e-09
9.73501235179697e-09
9.52656753483438e-09
9.31850441254767e-09
9.11084674370954e-09
8.90361406824525e-09
8.69683258741816e-09
 8.4905213970643e-09
8.28470336777798e-09
9.82874781563225e-09
1.14714162613438e-08
1.31004750381081e-08
1.47158237817635e-08
1.63173687894869e-08
1.79050152482318e-08
1.94786716756212e-08
2.10382499199468e-08
2.25836634948351e-08
2.41148278012915e-08
2.56316622371244e-08
2.71340869772985e-08
2.86220249723357e-08
3.00954012821819e-08
3.15541441864298e-08
 3.2998183852051e-08
3.44274523333965e-08
3.58418843493524e-08
3.72414173943625e-08
3.86259901841157e-08
3.99955442098587e-08
4.13500239604403e-08
4.26893742577761e-08
4.40135454748969e-08
4.53224873186997e-08
4.66161516055053e-08
4.78944944815041e-08
4.91574734251543e-08
5.04050463590033e-08
5.16371766456913e-08
5.28538279809254e-08
 5.4054965281658e-08
5.52405569065328e-08
5.64105739897514e-08
 5.7564988442671e-08
5.87037746191399e-08
5.98269096485637e-08
6.09343719926159e-08
6.20261418893264e-08
6.31022025743277e-08
6.41625397257428e-08
6.52071393547615e-08
6.62359903591536e-08
6.72490845232687e-08
6.82464146306572e-08
6.92279747971369e-08
7.01937624691951e-08
7.11437773137646e-08
7.20780184426673e-08
7.29964908519065e-08
7.38991970949954e-08
 7.4786144943495e-08
7.56573415028328e-08
7.65127988744396e-08
7.73525278274789e-08
 7.8176543905073e-08
7.89848605409205e-08
7.97774973859688e-08
 8.0554473091965e-08
8.13158096413247e-08
8.20615271290848e-08
8.27916549761554e-08
8.35062137216624e-08
8.42052372274082e-08
8.48887513615892e-08
8.55567896529408e-08
8.62093832987298e-08
8.68465701575616e-08
8.74683832030598e-08
 8.8074862958365e-08
8.86660480592383e-08
 8.9241979694954e-08
8.98026993878531e-08
9.03482546554812e-08
9.08786883524471e-08
9.13940497726529e-08
9.18943854344434e-08
9.23797486285238e-08
9.28501886487965e-08
9.33057597851672e-08
9.37465172157204e-08
9.41725154524065e-08
9.45838133370458e-08
9.49804689343026e-08
9.53625426403093e-08
9.57300961834662e-08
9.60831917362626e-08
  9.642189446879e-08
9.67462689960286e-08
9.70563818203374e-08
9.73523023306555e-08
9.76340980285428e-08
9.79018389690722e-08
9.81555992041194e-08
9.83954495659134e-08
 9.8621463773263e-08
9.88337185425792e-08
9.90322890359607e-08
9.92172527469748e-08
9.93886870581662e-08
 9.9546673126838e-08
9.96912901118918e-08
  9.982262105801e-08
9.99407478996517e-08
1.00045752682298e-07
1.00137722891525e-07
1.00216741572012e-07
1.00282897430581e-07
 1.0033627573236e-07
1.00376966183369e-07
1.00405058045538e-07
1.00420640802845e-07
1.00423805604599e-07
  1.004146440442e-07
1.00393250490605e-07
1.00359716537213e-07
1.00314137663204e-07
1.00256606905269e-07
  1.001872232953e-07
1.00106079758966e-07
1.00013277548605e-07
9.99089108111306e-08
9.97930809099046e-08
9.96658856555754e-08
9.95274259674161e-08
 9.9377801432432e-08
 9.9217115190342e-08
9.90454668281515e-08
9.88629607068248e-08
9.86696983007462e-08
9.84657843039471e-08
9.82513219671688e-08
9.80264170946654e-08
9.77911730482006e-08
9.75456969642963e-08
9.72900946472066e-08
9.70244719011859e-08
 9.6748935862756e-08
9.64635950007064e-08
9.61685562295145e-08
9.58639280179696e-08
9.55498180577052e-08
9.52263360387562e-08
 9.4893591540135e-08
9.45516932526758e-08
9.42007520876587e-08
9.38408767359178e-08
9.34721795520232e-08
9.30947692268091e-08
9.27087585589348e-08
9.23142567943458e-08
9.19113780639691e-08
9.15002308365942e-08
9.10809291321257e-08
9.06535833067323e-08
9.02183070472518e-08
8.97752120421202e-08
8.93244095356849e-08
8.88660138809172e-08
 8.8400136211142e-08
  8.792688988013e-08
 8.7446387131429e-08
8.69587412077877e-08
8.64640641307091e-08
8.59624694760086e-08
8.54540711525686e-08
8.49389792945132e-08
8.44173089209477e-08
8.38891712762191e-08
8.33546811573882e-08
8.28139491426683e-08
8.22670885858301e-08
8.17142127296222e-08
8.11554333735032e-08
 8.0590862094887e-08
8.00206128026559e-08
7.94447961860456e-08
7.88635242665592e-08
7.82769096208114e-08
7.76850627159931e-08
7.70880963507636e-08
7.64861197710687e-08
 7.5879245220456e-08
7.52675832771388e-08
7.46512446303527e-08
7.40303397472886e-08
7.34049778738921e-08
7.27752692553096e-08
7.21413220272638e-08
7.15032477671684e-08
7.08611528343894e-08
7.02151481402069e-08
6.95653397109197e-08
6.89118369034958e-08
6.82547470765016e-08
6.75941764782806e-08
6.69302321343324e-08
 6.6263021625268e-08
6.55926489789849e-08
6.49192226642725e-08
6.42428447106269e-08
6.35636223655922e-08
6.28816572145752e-08
6.21970579484099e-08
6.15099222667226e-08
6.08203570839905e-08
6.01284640966426e-08
5.94343448900858e-08
5.87381013827937e-08
5.80398340499499e-08
 5.7339644699006e-08
5.66376316957218e-08
5.59338966255041e-08
5.52285364108229e-08
5.45216525260628e-08
5.38133390071138e-08
5.31036959960929e-08
5.23928198603585e-08
5.16808058570462e-08
5.09677507976036e-08
5.02537492730326e-08
 4.9538896318424e-08
4.88232851925119e-08
4.81070091540303e-08
4.73901619058026e-08
4.66728340420275e-08
4.59551179332607e-08
4.52371050618794e-08
4.45188831355026e-08
4.38005451908197e-08
4.30821768260259e-08
4.23638690794093e-08
4.16457083263211e-08
4.09277794988228e-08
4.02101726360016e-08
3.94929696723167e-08
3.87762587594764e-08
3.80601210547837e-08
3.73446418233669e-08
3.66299041099083e-08
3.59159879614879e-08
3.52029763117656e-08
3.44909513172453e-08
3.37799893612711e-08
3.30701724893245e-08
3.23615770847496e-08
 3.1654282639515e-08
3.09483652038978e-08
3.02439010502198e-08
2.95409658956913e-08
2.88396346803665e-08
2.81399819002104e-08
2.74420792756302e-08
2.67460000813458e-08
2.60518167038981e-08
2.53595994204048e-08
2.46694186190055e-08
2.39813433555724e-08
2.32954430190446e-08
2.26117848889373e-08
2.19304372439666e-08
2.12514640329786e-08
2.05749330906002e-08
1.99009068113654e-08
1.92294533629678e-08
1.85606309210939e-08
1.78945046558354e-08
1.72311367396816e-08
1.65705847932074e-08
1.59129125432145e-08
1.52581770551663e-08
1.46064373929278e-08
1.39577500668508e-08
 1.3312173252622e-08
1.26697629054817e-08
1.20305732043136e-08
1.13946587720903e-08
1.07620744538295e-08
1.01328715418347e-08
9.50710166147672e-09
8.88481810346065e-09
8.26606882942116e-09
 7.6509049096174e-09
7.03937508284014e-09
6.43152631152333e-09
5.82740566912321e-09
5.22706145034135e-09
4.63053684285342e-09
 4.0378770327365e-09
 3.4491265399339e-09
3.36334071704414e-09
3.29511107288738e-09
3.22698556765033e-09
3.15897019653733e-09
3.09107384133256e-09
3.02330316337418e-09
2.95566571217876e-09
2.88816859317365e-09
 2.8208189117862e-09
2.75362466162221e-09
2.75737777055696e-09
3.29608818017135e-09
3.83039067131108e-09
4.36025504590987e-09
4.88564666500935e-09
 5.4065375509893e-09
5.92289328693596e-09
6.43468767158595e-09
6.94189161709602e-09
7.44447448131069e-09
7.94241261647954e-09
8.43567593555861e-09
8.92424212306508e-09
9.40808353444567e-09
9.88717774319525e-09
1.03614999913404e-08
1.08310290736213e-08
1.12957416753545e-08
1.17556181455925e-08
1.22106358357854e-08
1.26607776484988e-08
1.31060228225621e-08
1.35463540384961e-08
1.39817544209109e-08
1.44122053180595e-08
 1.4837692741132e-08
1.52582014800728e-08
1.56737148815367e-08
1.60842210661372e-08
1.64897054899527e-08
1.68901588271098e-08
1.72855650903969e-08
1.76759170633645e-08
1.80612019784476e-08
1.84414117310183e-08
1.88165371062254e-08
1.91865695553517e-08
1.95515017509251e-08
 1.9911326809563e-08
2.02660390691278e-08
2.06156329785046e-08
2.09601033196449e-08
2.12994457626792e-08
2.16336570879605e-08
2.19627357411767e-08
2.22866776145025e-08
 2.2605481597715e-08
2.29191479128588e-08
2.32276760048222e-08
2.35310647633824e-08
2.38293174081861e-08
 2.4122433495144e-08
2.44104166879922e-08
2.46932697622881e-08
 2.4970994938478e-08
 2.5243598211766e-08
2.55110824687321e-08
2.57734548148036e-08
 2.6030718691672e-08
2.62828828700989e-08
2.65299524571105e-08
2.67719372226694e-08
2.70088427178905e-08
2.72406798229596e-08
2.74674563094379e-08
2.76891833905779e-08
2.79058699481638e-08
2.81175281946489e-08
2.83241683440849e-08
2.85258039411929e-08
2.87224456441137e-08
2.89141077747246e-08
2.91008032116125e-08
2.92825470538105e-08
2.94593518468389e-08
2.96312343550653e-08
2.97982094554783e-08
2.99602934683563e-08
3.01175023809108e-08
3.02698536236434e-08
3.04173639609218e-08
3.05600527106265e-08
3.06979363040583e-08
3.08310351693208e-08
3.09593674030495e-08
3.10829537664148e-08
3.12018136883196e-08
3.13159675968677e-08
3.14254368083411e-08
3.15302431941333e-08
3.16304074043927e-08
 3.1725952864825e-08
3.18169007806901e-08
3.19032761320059e-08
3.19851002350546e-08
3.20623982918988e-08
3.21351937282444e-08
3.22035121902431e-08
3.22673769925785e-08
3.23268143365141e-08
 3.2381849646157e-08
3.24325093448152e-08
3.24788189676184e-08
3.25208056040083e-08
3.25584960103598e-08
3.25919181642931e-08
3.26210981560493e-08
3.26460659616501e-08
3.26668480044034e-08
3.26834747044202e-08
3.26959728180753e-08
3.27043729875243e-08
3.27087036344764e-08
3.27089960672211e-08
3.27052781523562e-08
3.26975816422603e-08
3.26859361798881e-08
3.26703737396628e-08
3.26509237424943e-08
3.26276188289398e-08
3.26004890860432e-08
3.25695683756067e-08
3.25348860075181e-08
3.24964762876689e-08
3.24543707463931e-08
3.24086026903814e-08
3.23592032058784e-08
3.23062075979763e-08
3.22496469529199e-08
3.21895566868236e-08
3.21259691071774e-08
3.20589181868058e-08
3.19884377875113e-08
3.19145631033635e-08
3.18373265528749e-08
3.17567642182937e-08
3.16729092952883e-08
 3.1585798532241e-08
3.14954643476639e-08
3.14019436009616e-08
3.13052703759809e-08
3.12054808659923e-08
3.11026091548428e-08
3.09966919909144e-08
3.08877642352101e-08
3.07758626361121e-08
3.06610211664449e-08
3.05432773517467e-08
3.04226664971097e-08
3.02992251288714e-08
 3.0172988552124e-08
3.00439940703612e-08
 2.9912276988675e-08
2.97778748326039e-08
2.96408223521283e-08
2.95011577389204e-08
2.93589164090946e-08
2.92141357771669e-08
2.90668510372072e-08
2.89171008249767e-08
 2.8764919890456e-08
2.86103468694066e-08
2.84534162897643e-08
2.82941665652459e-08
2.81326334450327e-08
2.79688547877299e-08
2.78028664535412e-08
2.76347053018711e-08
2.74644079700792e-08
2.72920119837039e-08
2.71175529809042e-08
2.69410685982407e-08
2.67625944738725e-08
2.65821687994716e-08
 2.6399826436041e-08
2.62156049091189e-08
2.60295407450428e-08
2.58416705811726e-08
2.56520301666896e-08
2.54606565830429e-08
2.52675854683915e-08
2.50728541262291e-08
2.48764973065363e-08
2.46785524238291e-08
2.44790547831997e-08
2.42780413550747e-08
2.40755463343234e-08
2.38716070244394e-08
2.36662582864255e-08
2.34595366466195e-08
2.32514765219349e-08
2.30421143276871e-08
2.28314842587451e-08
2.26196230634912e-08
2.24065643816829e-08
2.21923444065908e-08
2.19769967779726e-08
2.17605575780766e-08
2.15430604466604e-08
2.13245401337048e-08
2.11050309451011e-08
2.08845681859415e-08
2.06631839416715e-08
2.04409138504502e-08
2.02177906638568e-08
1.99938495759611e-08
1.97691218950524e-08
1.95436428152007e-08
1.93174445328737e-08
1.90905612429404e-08
1.88630239206233e-08
1.86348673159031e-08
1.84061222929799e-08
1.81768229357004e-08
1.79470001082649e-08
1.77166863402078e-08
1.74859132728855e-08
1.72547133248102e-08
1.70231168050705e-08
1.67911561321787e-08
1.65588617262458e-08
1.63262652286278e-08
1.60933962822796e-08
 1.5860286417535e-08
1.56269652773489e-08
 1.5393464392055e-08
1.51598111841622e-08
1.49260385162719e-08
1.46921729227145e-08
1.44582462668907e-08
1.42242856382424e-08
1.39903213458581e-08
1.37563812563357e-08
  1.352249501263e-08
1.32886887049821e-08
1.30549926424806e-08
1.28214330263887e-08
1.25880390555722e-08
1.23548363761827e-08
 1.2121853076863e-08
1.18891158029655e-08
1.16566520880212e-08
1.14244866900037e-08
1.11926472534662e-08
1.09611589804715e-08
1.07300487384165e-08
1.04993402860742e-08
1.02690601577748e-08
1.00392328894472e-08
9.80988412724315e-09
9.58103707482394e-09
9.35271660118531e-09
9.12494702021149e-09
8.89775242374213e-09
8.67115523828232e-09
  8.445179666694e-09
8.21984880161608e-09
7.99518540262056e-09
7.77121111905643e-09
7.54794993174102e-09
7.32542193571106e-09
 7.1036510007616e-09
6.88265699988477e-09
6.66246224856337e-09
6.44308673081184e-09
6.22455298415758e-09
6.00687954932511e-09
5.79008818668569e-09
5.57419788105307e-09
5.35922950462009e-09
5.14520115402206e-09
4.93213314634033e-09
4.72004357821021e-09
4.50895265569073e-09
4.29887692110498e-09
4.08983602540047e-09
3.88184673294489e-09
3.67492802855196e-09
3.46909623250014e-09
 3.2643686642686e-09
3.06076253231424e-09
2.85829460100473e-09
2.65698041346241e-09
2.45683706712185e-09
 2.2578793279493e-09
2.06012384929011e-09
 1.8635849530213e-09
1.66827829328753e-09
 1.4742179699212e-09
1.28142008115617e-09
1.11375397793267e-09
1.09150954941128e-09
1.06929598508998e-09
1.04711728177165e-09
 1.0249738835455e-09
1.00287067539284e-09
9.80807879358281e-10
 9.5879015837852e-10
9.36816846319743e-10
9.14893494297075e-10
8.93019880265911e-10
9.28855437010156e-10
1.10405595776797e-09
1.27781862868659e-09
1.45013423491491e-09
1.62099078604427e-09
 1.7903805105135e-09
1.95829152893623e-09
2.12471551463977e-09
2.28964203152771e-09
2.45306297497194e-09
2.61496890807678e-09
2.77535194825873e-09
 2.9342025475998e-09
3.09151426680643e-09
3.24727755796062e-09
3.40148620381342e-09
3.55413176666985e-09
3.70520836234789e-09
3.85470810826405e-09
4.00262534228091e-09
4.14895218181499e-09
 4.2936841859742e-09
4.43681469342039e-09
4.57833826406073e-09
 4.7182489026909e-09
 4.8565420573965e-09
4.99321339830772e-09
5.12825704124253e-09
5.26166832326425e-09
 5.3934449129045e-09
5.52358081495896e-09
5.65207369795928e-09
5.77891856590185e-09
5.90411386447443e-09
6.02765526380722e-09
6.14954054345418e-09
6.26976603967933e-09
6.38833064225963e-09
6.50523190870445e-09
6.62046739652311e-09
6.73403521833649e-09
6.84593493005536e-09
6.95616408918909e-09
7.06472214062615e-09
7.17160786312121e-09
7.27682103462968e-09
7.38036076697313e-09
7.48222783730768e-09
7.58241991416497e-09
7.68093999514718e-09
7.77778641491977e-09
7.87296061677267e-09
7.96646282275049e-09
8.05829436512084e-09
8.14845668717368e-09
8.23695101015431e-09
8.32377777815196e-09
  8.408940432858e-09
8.49244008449546e-09
8.57427917555498e-09
8.65445848319268e-09
8.73298333647909e-09
8.80985406848112e-09
8.88507467600164e-09
8.95864760153131e-09
9.03057628676152e-09
9.10086461747284e-09
9.16951559126744e-09
9.23653276085901e-09
9.30192101122884e-09
9.36568333997911e-09
9.42782529822495e-09
9.48834921743469e-09
  9.547262314058e-09
9.60456736365245e-09
9.66027036142236e-09
9.71437563723754e-09
 9.7668888532354e-09
9.81781589359798e-09
9.86716131023968e-09
9.91493109836483e-09
9.96113158624468e-09
1.00057684360166e-08
 1.0048847975952e-08
1.00903756461435e-08
1.01303592181523e-08
1.01688049092274e-08
1.02057188255955e-08
1.02411078506393e-08
1.02749797559198e-08
1.03073412027754e-08
 1.0338199518678e-08
1.03675613649656e-08
1.03954357344449e-08
1.04218290664093e-08
1.04467496875316e-08
1.04702050363059e-08
1.04922036614497e-08
1.05127536675909e-08
1.05318628262907e-08
1.05495393531996e-08
1.05657930182801e-08
1.05806304828704e-08
1.05940628492007e-08
1.06060960014531e-08
1.06167415969693e-08
1.06260067411768e-08
1.06339018701718e-08
1.06404348665379e-08
1.06456162773938e-08
1.06494548735014e-08
1.06519607578903e-08
1.06531420351885e-08
1.06530101406932e-08
1.06515741782331e-08
1.06488440287933e-08
1.06448287962024e-08
1.06395404708692e-08
1.06329872684441e-08
1.06251806242241e-08
1.06161294199936e-08
1.06058456461611e-08
1.05943387396223e-08
1.05816199136299e-08
1.05676982720126e-08
1.05525863602907e-08
1.05362933933151e-08
1.05188312504723e-08
1.05002092576356e-08
1.04804401823699e-08
1.04595334615709e-08
1.04375016407587e-08
1.04143532686507e-08
1.03901024450792e-08
1.03647583848954e-08
1.03383328564632e-08
1.03108367399685e-08
1.02822829139981e-08
 1.0252680482381e-08
1.02220426567712e-08
1.01903796512204e-08
1.01577037892042e-08
1.01240260619306e-08
1.00893586818529e-08
1.00537123071121e-08
1.00170997052729e-08
 9.9795316454987e-09
9.94102056228741e-09
9.90157678071313e-09
9.86121395651907e-09
9.81994274784626e-09
9.77777514510336e-09
9.73472258358754e-09
9.69079794188588e-09
9.64601198916171e-09
9.60037760400212e-09
9.55390555557045e-09
9.50660883347609e-09
9.45849853994929e-09
9.40958744255482e-09
9.35988631045603e-09
9.30940857735152e-09
9.25816479036001e-09
9.20616805011321e-09
9.15342901475213e-09
9.09996156206461e-09
9.04577557303554e-09
8.99088503647505e-09
8.93529972234575e-09
8.87903361945774e-09
8.82209727492977e-09
8.76450367837123e-09
8.70626370996774e-09
8.64739058137332e-09
8.58789495072898e-09
8.52778980764413e-09
8.46708581025979e-09
8.40579617022996e-09
8.34393187876259e-09
8.28150537035555e-09
8.21852741417217e-09
8.15501155493337e-09
8.09096778464635e-09
8.02640931496512e-09
 7.9613462489192e-09
7.89579213122948e-09
7.82975728697011e-09
7.76325448370585e-09
7.69629415753315e-09
7.62888874294987e-09
7.56104945320857e-09
7.49278827871791e-09
7.42411554455202e-09
 7.3550445733872e-09
7.28558502416377e-09
7.21574955342419e-09
 7.1455481531757e-09
7.07499392404998e-09
7.00409674703195e-09
6.93286827946338e-09
 6.8613194015299e-09
6.78946232568478e-09
6.71730682189065e-09
6.64486476953385e-09
6.57214660471084e-09
6.49916420680796e-09
6.42592701272093e-09
6.35244790103684e-09
6.27873519842836e-09
 6.2048022275718e-09
6.13065731513984e-09
6.05631345074187e-09
5.98177885002826e-09
5.90706605851921e-09
 5.8321844020881e-09
 5.7571447609206e-09
 5.6819570160016e-09
5.60663249160598e-09
5.53118040258482e-09
5.45561162912378e-09
5.37993494198474e-09
5.30416288668789e-09
5.22830301274979e-09
 5.1523670885345e-09
5.07636310764781e-09
5.00030283845376e-09
4.92419505171426e-09
4.84804962841423e-09
4.77187500624865e-09
4.69568295358158e-09
 4.6194812419742e-09
4.54328030752293e-09
4.46708781076666e-09
4.39091563109173e-09
 4.3147702077917e-09
4.23866330923062e-09
4.16260115265743e-09
 4.0865955064362e-09
4.01065314292737e-09
3.93478416516047e-09
3.85899623367436e-09
3.78329922945397e-09
3.70770114610508e-09
3.63221064336727e-09
3.55683549280172e-09
3.48158524232645e-09
 3.4064672194134e-09
3.33149052789139e-09
3.25666216216547e-09
3.18199111504214e-09
3.10748515808257e-09
3.03315228489254e-09
2.95899915681019e-09
2.88503598788736e-09
2.81126777412766e-09
2.73770373038218e-09
2.66435085105599e-09
2.59121657464334e-09
2.51830833963851e-09
2.44563347351345e-09
2.37319819351711e-09
2.30101127041138e-09
2.22907858837829e-09
2.15740736386749e-09
2.08600381412793e-09
   2.01487615481e-09
1.94402927089499e-09
1.87347126701098e-09
1.80320758325081e-09
1.73324565810873e-09
1.66359070963296e-09
1.59424984325085e-09
1.52522827701063e-09
1.45653356042885e-09
1.38817013439763e-09
1.32014510434431e-09
 1.2524632442279e-09
1.18513143743115e-09
1.11815434689078e-09
1.05153830087801e-09
9.85287740284946e-10
9.19409437472041e-10
8.53907500264484e-10
7.88788367955817e-10
7.24055149170511e-10
6.59715615469736e-10
5.95772653433357e-10
5.32232147243406e-10
4.69097760635862e-10
4.06375932904268e-10
3.61477514587705e-10
 3.5423397548584e-10
3.47000650435803e-10
3.39778871705221e-10
  3.325688613387e-10
3.25371729559265e-10
 3.1818814250073e-10
3.11019210386121e-10
3.03865155260041e-10
2.96727087345516e-10
2.89605672776361e-10
3.12584180761633e-10
3.69565489322099e-10
4.26077284565451e-10
 4.8211823422406e-10
  5.376826761605e-10
5.92768611973327e-10
6.47372488948861e-10
7.01491864596449e-10
7.55122742113201e-10
8.08262679008465e-10
8.60908788702375e-10
9.13058406659673e-10
9.64708313233587e-10
1.01585662104497e-09
1.06649999942476e-09
1.11663700508302e-09
1.16626419632837e-09
1.21538024089318e-09
1.26398180810838e-09
1.31206823184016e-09
1.35963540426332e-09
1.40668365844476e-09
1.45320944167082e-09
1.49921175474077e-09
1.54468859925316e-09
1.58963808782886e-09
1.63405877717793e-09
1.67794966809964e-09
1.72130831810335e-09
1.76413406105524e-09
1.80642567570999e-09
1.84818216286686e-09
1.88940096901291e-09
1.93008276028195e-09
1.97022520520562e-09
2.00982896991775e-09
2.04889127886076e-09
2.08741290919079e-09
2.12539197352868e-09
2.16282969311976e-09
2.19972284831726e-09
2.23607310445573e-09
2.27187912926752e-09
2.30714125581954e-09
2.34185781877727e-09
2.37603037245293e-09
2.40965725151199e-09
2.44273989924437e-09
2.47527642827094e-09
2.50726883699315e-09
2.53871579314335e-09
2.56961851796689e-09
2.59997645635224e-09
2.62979082954473e-09
2.65906052732134e-09
2.68778821421733e-09
2.71597211387586e-09
2.74361455776528e-09
2.77071476872948e-09
 2.7972751892591e-09
2.82329437606421e-09
2.84877554879159e-09
2.87371715312901e-09
2.89812274179013e-09
2.92199087148504e-09
2.94532420674898e-09
2.96812274758196e-09
2.99038926954154e-09
 3.0121231064939e-09
3.03332681195201e-09
3.05400116307197e-09
3.07414815825524e-09
3.09376824159102e-09
3.11286396659227e-09
3.13143622143741e-09
3.14948722657249e-09
3.16701775915362e-09
3.18403026167147e-09
3.20052617741595e-09
3.21650783785543e-09
3.23197624219063e-09
3.24693394393449e-09
3.26138227535466e-09
3.27532478916481e-09
3.28876159638725e-09
3.30169591666873e-09
3.31412908227691e-09
3.32606497899235e-09
3.33750360681506e-09
3.34844929561484e-09
 3.3589026005032e-09
3.36886762930533e-09
3.37834493713274e-09
3.38733874283292e-09
3.39585004560661e-09
3.40388284225668e-09
3.41143813198386e-09
3.41852002261334e-09
3.42513006845735e-09
3.43127182222958e-09
3.43694728233146e-09
3.44215922432056e-09
3.44691097886596e-09
3.45120565459212e-09
3.45504491683357e-09
3.45843265137091e-09
 3.4613715227394e-09
 3.4638646395635e-09
3.46591477740077e-09
3.46752504487569e-09
3.46869821754581e-09
3.46943862528093e-09
3.46974748932638e-09
3.46962947261886e-09
3.46908712867133e-09
3.46812412121977e-09
3.46674300377714e-09
3.46494766212402e-09
3.46274087181797e-09
3.46012696272879e-09
3.45710782223563e-09
3.45368800225287e-09
3.44986994527119e-09
3.44565886933879e-09
3.44105544058948e-09
3.43606576524991e-09
 3.4306913976323e-09
3.42493755578488e-09
3.41880601606448e-09
3.41230210754162e-09
3.40542716248393e-09
3.39818773120726e-09
3.39058436882311e-09
3.38262307053583e-09
3.37430583474685e-09
3.36563787950439e-09
3.35662098116529e-09
3.34726046880007e-09
 3.3375593400109e-09
3.32752170262296e-09
3.31715044321612e-09
3.30645033574939e-09
3.29542382271342e-09
3.28407712135714e-09
3.27241089781438e-09
3.26043114728947e-09
3.24814075636226e-09
3.23554427694717e-09
3.22264392949023e-09
3.20944570919579e-09
3.19595161446529e-09
3.18216686334694e-09
 3.1680944534429e-09
3.15373827053378e-09
3.13910253346705e-09
3.12419123904562e-09
3.10900760691624e-09
3.09355607797102e-09
3.07784020492363e-09
3.06186442866618e-09
3.04563207986774e-09
 3.0291469332866e-09
3.01241342981484e-09
2.99543556625537e-09
2.97821611816573e-09
2.96076052563876e-09
 2.9430708980982e-09
2.92515367483759e-09
2.90700963301305e-09
2.88864565600733e-09
2.87006307608806e-09
2.85126788845957e-09
2.83226242459023e-09
2.81305145843902e-09
2.79363843169733e-09
2.77402800730187e-09
2.75422251672097e-09
2.73422762209208e-09
2.71404543283893e-09
2.69368172212126e-09
 2.6731384883405e-09
2.65242094954488e-09
2.63153199231425e-09
2.61047639060763e-09
2.58925703100488e-09
2.56787802133118e-09
2.54634358043404e-09
2.52465726102713e-09
2.50282250480183e-09
2.48084353060563e-09
 2.4587237801299e-09
2.43646769426675e-09
2.41407771550683e-09
2.39155861780915e-09
2.36891417593199e-09
2.34614772054442e-09
2.32326247129322e-09
2.30026342418199e-09
2.27715268863449e-09
2.25393570474353e-09
2.23061380477674e-09
2.20719298393846e-09
2.18367512960782e-09
2.16006534881075e-09
2.13636508483717e-09
2.11258055493602e-09
2.08871253626342e-09
2.06476757913521e-09
 2.0407462386629e-09
2.01665428800624e-09
1.99249350352204e-09
1.96826888121393e-09
1.94398264152795e-09
  1.919638781267e-09
1.89524063110014e-09
1.87079196578566e-09
1.84629511679191e-09
1.82175463603329e-09
1.79717274395585e-09
1.77255421451861e-09
1.74790071305608e-09
1.72321679148268e-09
1.69850422615525e-09
 1.6737685681889e-09
1.64901059473976e-09
1.62423507976683e-09
1.59944413269386e-09
1.57464230543525e-09
1.54983093025862e-09
1.52501489214529e-09
1.50019541234059e-09
1.47537781991502e-09
1.45056278100242e-09
1.42575506956177e-09
1.40095657297223e-09
1.37617151008129e-09
1.35140088008967e-09
1.32664934593407e-09
1.30191912806055e-09
1.27721344611587e-09
1.25253463156838e-09
1.22788579304256e-09
1.20326903996215e-09
1.17868892424156e-09
1.15414633405919e-09
1.12964504417334e-09
1.10518694196315e-09
1.08077602423151e-09
1.05641284608993e-09
1.03210218149741e-09
1.00784536272158e-09
 9.8364594247613e-10
9.59504919961773e-10
9.35426180959098e-10
9.11411279780339e-10
8.87464324250686e-10
8.63585425392444e-10
8.39778802053104e-10
8.16045342411087e-10
7.92389709403096e-10
 7.6881134791762e-10
7.45314809869058e-10
7.21901094458133e-10
6.98573421331616e-10
6.75332900712533e-10
6.52182974292259e-10
6.29124530249214e-10
 6.0616123231938e-10
5.83292969480453e-10
5.60524404669138e-10
5.37855537885434e-10
5.15289810820718e-10
4.92828111653409e-10
4.70473326963372e-10
4.48226566973631e-10
4.26090940308654e-10
 4.0406678003535e-10
 3.8215730580049e-10
3.60363294760191e-10
3.38687855538922e-10
3.17131432225892e-10
2.95696245267152e-10
2.74384293064145e-10
2.53197351973711e-10
2.32136088129664e-10
2.11203499134172e-10
1.90400251121048e-10
1.69728786580947e-10
1.49189549603079e-10
1.28784649611191e-10
1.17317933145955e-10
1.14959819441651e-10
1.12603926183397e-10
1.10252695861845e-10
1.07905018253973e-10
1.05562003582804e-10
1.03222985714524e-10
1.00889074872157e-10
9.85598269664933e-11