 0.00460462258850253
  0.0048459961892714
 0.00530834551292186
 0.00582050087656893
 0.00630760574550321
 0.00677235957043543
 0.00718891828880242
 0.00753368614391103
 0.00781219460230659
 0.00802774671861217
 0.00819899721982165
 0.00833852262456425
 0.00845600877578329
  0.0085558476696253
  0.0086520285570989
 0.00874686691667104
 0.00884051167786237
 0.00893118267713489
 0.00901388018483773
 0.00908908615129739
 0.00915468304737377
 0.00920838049812311
 0.00924893209012773
 0.00927581035719166
 0.00928881062909431
 0.00928785918993441
 0.00927329686732714
 0.00924577833188767
 0.00920612827130135
 0.00915531074911952
 0.00909475997912718
 0.00902566242188108
 0.00894940415228507
 0.00886741746350639
 0.00877991199548345
 0.00868599928838276
 0.00860321450982754
  0.0085608592739565
 0.00851656476766088
 0.00846916577224582
 0.00841817348423096
 0.00836370323229807
 0.00830508629709226
 0.00824113374935487
 0.00817010421051617
 0.00808996602276557
 0.00799858323328329
 0.00789395099449541
 0.00777462538307688
 0.00763933244410642
 0.00748696311686453
 0.00731621405944549
 0.00712575403969651
  0.0071178878665033
 0.00712992659268452
 0.00710370059232318
 0.00703578373737163
 0.00692521142284058
 0.00677346998797601
 0.00658410735046122
 0.00653188960184148
  0.0065640201374435
 0.00653952469376406
 0.00646180844329897
 0.00633549424695601
 0.00616541770920126
 0.00619631388803976
 0.00621749850861009
 0.00617132221088584
 0.00605861387899065
 0.00588031173516829
 0.00585571704925253
 0.00582516013775969
 0.00570375427271752
 0.00549295766140495
 0.00525576474756817
 0.00518886555281362
 0.00505363792553598
 0.00488033711777319
 0.00469852063598195
 0.00463973901686271
 0.00470221233911655
 0.00473432905136878
 0.00471286907330501
 0.00471648923182638
 0.00485477323093036
 0.00490126856189169
 0.00486156263049214
 0.00496364788606474
 0.00506375802246056
 0.00511100056687608
 0.00521012146544705
 0.00568153488753759
  0.0063386310711443
 0.00653763596202322
 0.00622686767141623
 0.00550614558550527
 0.00456670920963259
   0.003597817083627
 0.00272529082715245
 0.00229395312951158
  0.0022778843075239
 0.00226090790018135
 0.00224310184370174
 0.00222453674295536
  0.0022053112672189
 0.00218460768244139
 0.00216407627357895
 0.00214467955716202
 0.00212563527372323
 0.00210583991374369
 0.00208587887498735
 0.00206634059529759
 0.00204790361208246
 0.00203348788161833
 0.00202502194355308
 0.00203009868927512
 0.00204075115160823
 0.00203972474665498
 0.00202553854036108
 0.00199868652063734
 0.00198079771507481
 0.00195287573073322
 0.00191336115655266
 0.00187325742697253
 0.00186191593767798
 0.00184543120462582
 0.00182597802656398
 0.00180848851567172
 0.00188590111859799
 0.00200568823867447
 0.00211745260270357
 0.00221941786736934
 0.00230999124070758
 0.00238778338314471
 0.00245162030992829
 0.00250054855385876
 0.00253383820690178
 0.00255098477806692
 0.00255171068700674
 0.00253636972640797
  0.0025169480405752
  0.0024822891227092
 0.00243247491812559
   0.002367812085043
 0.00228885456285374
 0.00219723318001994
 0.00211152310977072
 0.00201424520346108
 0.00190648476115007
 0.00179774487381815
 0.00170064025407493
  0.0015972377075385
 0.00151651744409612
 0.00144013792260181
  0.0013817451668284
 0.00133743498931596
 0.00129392579593768
 0.00133094324199762
 0.00136784716715854
 0.00139704336981494
 0.00141864877437234
  0.0014328506253066
 0.00143989257086735
 0.00144006220238402
 0.00143665763456366
 0.00142912223041258
 0.00141605836595879
 0.00146253601226981
  0.0015415350086016
 0.00161638741710893
 0.00168646534239719
 0.00175122454369261
 0.00181020426611778
 0.00186302485068818
   0.001909383708562
  0.0019490507641281
 0.00198186260199412
 0.00200771677093001
 0.00202656626821371
 0.00203841421536902
  0.0020433088988519
 0.00204133929127986
  0.0020326311177182
 0.00201734345733279
 0.00199566607435994
 0.00196781754392816
 0.00193404347220646
 0.00189461572564892
 0.00184983222290233
 0.00180001710798461
 0.00174552119940824
 0.00168672253597127
 0.00162402678329415
 0.00155786722109891
 0.00148961344535245
 0.00142318218021559
 0.00135579168609856
  0.0012877438406963
 0.00122236239379866
 0.00120320334344087
 0.00126481200462963
 0.00128551000405797
 0.00126500304321348
 0.00120477364453225
 0.00110659625561232
0.000971880317580276
0.000939371903977471
0.000926381496858864
0.000909246670314889
 0.00089823222165597
0.000886730443046574
0.000870591607884968
0.000880147535981923
0.000938648244071361
0.000980486111273549
 0.00100960402629907
 0.00102918998784507
 0.00103455752366133
 0.00103399268497384
 0.00103044605461516
 0.00102453480895698
 0.00101626289407264
 0.00100573255679098
0.000993282780208216
 0.00097940518282863
0.000964632213030781
0.000949446953075583
0.000934234907514653
0.000919271834863622
0.000904732746334014
0.000890709644903953
0.000877136082339081
0.000856949108506366
0.000869537257225494
0.000894762458936271
 0.00089962783129538
 0.00089113488868614
0.000875480677896445
0.000856548238181265
 0.00083566164739296
0.000815046571557509
0.000795110743588623
0.000775895712290142
0.000757282957235927
0.000739108771498909
0.000721214656857039
0.000703467726425877
 0.00068576648401264
 0.00066804031831269
0.000684837989198078
0.000707195261943211
0.000735820302052881
0.000757423624653031
0.000771703046061945
0.000793932335147129
0.000813954445957221
0.000827041484540575
0.000838356124897077
0.000856804373270098
  0.0008682598973552
0.000872679531836257
0.000885858947131585
0.000899195559423221
0.000905914944562075
0.000909946150539021
0.000923749732481743
0.000930034913012939
0.000928528182727595
0.000927641773355442
0.000932419747988245
0.000929953898616803
0.000920224785174395
0.000924066677919749
0.000924483181883151
0.000917580061792184
0.000917523435497364
0.000921696221616808
0.000918357824890442
 0.00091756815358765
0.000925956605535794
0.000926614796505437
0.000925165538110867
0.000937652438986081
0.000942020726064557
0.000937824344240223
0.000950940639899089
0.000959749630554702
0.000961140765362689
0.000976087451716651
0.000994690773457013
 0.00100601184513965
  0.0010221184467798
 0.00105024461343867
 0.00107006110087737
 0.00108058773323785
 0.00110187967869191
 0.00112251676399433
 0.00113335448497465
 0.00113404488342972
 0.00114845300805566
  0.0011643088293577
 0.00116923957199305
 0.00116342557113969
 0.00118709577712195
 0.00120794476225305
 0.00122107514947872
 0.00123237847261759
 0.00127279763053084
 0.00130647772613418
 0.00133163783605322
 0.00135851500833373
 0.00140939574109711
 0.00144882774651406
 0.00147561583102679
 0.00150547739998602
 0.00155293470197543
 0.00158881601345767
 0.00161235726333747
  0.0016488286360829
 0.00170598786255938
 0.00175180245004153
  0.0017838633224217
 0.00180002393053647
 0.00179860328017611
 0.00177854982711328
 0.00183744612275538
 0.00195665100051823
 0.00207152578997699
 0.00217788838624833
 0.00227062148275942
 0.00234368562043935
 0.00239013263470111
 0.00240208700673189
 0.00237066421920817
 0.00228579929265482
 0.00213596352282502
 0.00190775296597612
 0.00161983904487489
  0.0015462856561182
 0.00162537249960903
 0.00181010096375112
 0.00202990972040384
 0.00222163723245922
 0.00235587011473015
 0.00242096659205759
 0.00241570962184645
 0.00234130580763614
 0.00219756430472118
 0.00198136357309719
 0.00168619125020314
 0.00141181778115607
 0.00159965970758003
 0.00149684054770455
 0.00156404088838258
 0.00174659785489983
 0.00193531760653598
 0.00206683183881468
 0.00211774245069357
 0.00208870034298475
 0.00198792562748279
 0.00182276521702451
 0.00159669879314833
 0.00130892506129415
  0.0011169131490219
 0.00131972041029244
 0.00120653466835291
 0.00120026418954289
 0.00131932016766256
 0.00147243387306639
 0.00158923159535662
  0.0016437719122035
 0.00163339848879857
 0.00156599881717473
 0.00145054416877338
 0.00129352334496408
 0.00109819652643878
0.000864957718581694
0.000722952104153352
0.000891989718245223
 0.00083037389507773
 0.00077499607780801
0.000827775806304332
0.000930328193671615
 0.00102585461663024
  0.0010852702664943
 0.00110154282411784
 0.00107818453003983
 0.00102225802414319
0.000940412015375147
0.000837576015585428
0.000716867025074286
0.000619830727558779
0.000604168945098404
0.000589520383930675
 0.00057659023195139
0.000566201618003248
0.000553151950822783
0.000529264164491505
0.000553509970248722
0.000626590617274492
0.000656579473849062
0.000656025515778647
0.000642283916735875
0.000624878746954827
0.000608183308442534
0.000593484814539358
0.000580737265891473
 0.00056948866089862
 0.00055929077901995
0.000549821668793027
0.000540887067408125
 0.00053238598600519
 0.00052427622707496
0.000516549986345372
0.000509219404517369
0.000502309092970388
0.000495852766983662
0.000489892009809811
0.000484476038064618
0.000478580341483958
0.000466006488346216
0.000469201212080383
0.000493967633250936
0.000503638531517581
0.000503284884455391
0.000497366905838847
0.000488979328503891
0.000479192229591363
0.000469564720205762
0.000460660662927825
0.000452560539285884
 0.00044516663684363
 0.00043831664165811
0.000431841375304554
0.000425591576976692
0.000419448044783111
0.000413323027021573
 0.00040715734250385
0.000400915732447493
0.000394581801407223
0.000388153243263134
 0.00038163767111915
0.000375049159249796
0.000368405491710078
0.000361726055031042
0.000355030287685243
 0.00034833659241984
0.000341661623641576
 0.00033501986577622
0.000328423435078995
0.000321882047436828
0.000315403104860557
0.000308991863585018
0.000302651655499919
0.000296384141869666
 0.00029018958411825
 0.00028406712103124
0.000278015045084568
0.000276622362431644
0.000277812803380073
0.000278667541143085
0.000279180361568876
0.000279341483142292
0.000279137476735192
0.000278551197310239
0.000277561716746533
0.000276144244990562
0.000274270024845535
0.000271906183944126
0.000269015525533378
0.000265556237529496
0.000261481496494853
0.000256738939286349
0.000251269969607726
0.000245008858670681
0.000237881587700717
0.000229804363572894
0.000220681715464077
0.000210404047031876
0.000198844470846782
0.000185854682765108
0.000171259532893209
0.000154849799700707
0.000155779132630929
0.000157517751145642
0.000158578173301394
0.000159096913264434
0.000150398430880549
0.000163147167236533
0.000170343130398043
0.000215154389875571
0.000286055352397729
  0.0003519773859329
0.000411161199145693
0.000461972605167615
0.000503155106117259
0.000533991996213401
0.000554369355294348
0.000564751446589296
0.000566088887099081
0.000559684306422614
0.000547040797346354
0.000529715603575343
0.000509195970665344
0.000486807203456452
0.000463656161810266
0.000440607853023356
0.000418289096478397
0.000397111549435392
0.000377306388512522
0.000358964131561612
0.000342074943439019
0.000326566913770976
 0.00031228919957127
0.000278662094636839
0.000227460127596724
0.000325240536145743
 0.00043297356191635
0.000532126020791668
0.000619127795795205
0.000690578113827112
0.000743881859522288
0.000777713481838471
0.000792205717022543
0.000788868000236254
0.000770296165735873
0.000739762502276697
0.000700779530284357
0.000656715331210644
0.000610510098060346
0.000564512164336506
0.000520425355394483
0.000479342791386395
0.000441835934427426
 0.00040806950133393
0.000377919471217514
0.000351079673996446
0.000327150236686724
0.000288341806686021
0.000263648956767226
0.000367006724663277
0.000463628365811708
0.000550551018083045
0.000624750184751721
  0.0006834117896653
0.000724543000065414
0.000747370298371686
0.000752455144273412
0.000741559333682584
0.000717336700126303
0.000682941763266054
0.000641639635413693
0.000596480421406642
 0.00055007312338784
 0.00050446665447168
 0.00046112485437716
0.000420970879265681
0.000384473380546091
 0.00035174999814469
0.000322669907399986
0.000296944016729639
0.000274197365295603
0.000254022637036166
0.000236016430685604
0.000219801282172472
0.000205036819775017
0.000191423219043085
 0.00017861625536314
0.000166364662525009
0.000154643090622852
  0.0001384443615286
0.000180017006068234
0.000227959430159574
0.000270527247918262
0.000307611358510929
0.000338996980244977
0.000364310005321555
0.000383239870044572
 0.00039569376168519
0.000401858638919284
0.000402193380854898
0.000397378046936736
0.000388242255227322
0.000375689023023928
 0.00036062519412039
0.000343905050705196
0.000326289990021988
0.000308424329153678
0.000290825404935857
0.000273885085799119
0.000257879456703025
0.000242983585030776
0.000229288730128174
0.000216819955282166
0.000205552713707091
0.000195427529950609
0.000186362344454238
0.000178262420419073
0.000171027935921664
0.000164559517742635
0.000158762037323068
0.000153547003841015
0.000148833871870091
0.000144550545195299
0.000140633314019256
0.000137026417029507
0.000133681376640327
0.000130556217799949
0.000127614648801677
0.000124825256859529
0.000122160751246048
  0.0001195972718675
0.000117113770438271
0.000114691464024652
0.000112313355982163
0.000109963816394831
0.000107628212645261
0.000105292580073191
0.000102943322609961
0.000100566933404933
9.81497257157571e-05
9.56775643896068e-05
9.31355881976237e-05
9.05079128215025e-05
8.77206709568035e-05
8.48002713321194e-05
8.17498682481044e-05
7.85473165113015e-05
7.51660875387139e-05
7.15754842514627e-05
6.68324041533941e-05
7.56321834309293e-05
0.000105494698407982
0.000132646271295389
0.000157318992873079
0.000179640655485591
0.000199519012448968
0.000216757220300234
0.000231167828440904
0.000242637546360336
0.000251153758682288
0.000256806618030847
0.000259776950046087
0.000260316825494988
0.000258727355086863
0.000255336719678478
0.000250480362261218
0.000244484462974148
0.000237653207235067
0.000230259899073382
0.000222541645771124
0.000214697130156538
0.000206886876499723
0.000199235385916985
0.000191834546798941
0.000184747795117568
0.000178014590533071
0.000171654872598848
0.000165673256364018
0.000160062811336847
0.000154808338368284
0.000149889114361312
0.000145281115235762
0.000140958755019016
 0.00013689619538787
0.000133068287864746
0.000129451212332266
0.000126022872630305
0.000122763104305645
0.000119653742414072
0.000116678589580754
0.000113823316977901
 0.00011107532388438
0.000108423575364891
0.000105858432324635
0.000103371483961667
0.000100955389171653
9.86037308512988e-05
9.63108851061989e-05
9.40719059357442e-05
9.18824250671357e-05
8.97385659583971e-05
8.76368706902442e-05
8.68923732945948e-05
8.70138128024889e-05
8.69770661371949e-05
 8.7020484964534e-05
8.68786807858013e-05
8.65670587127665e-05
8.61028280244314e-05
8.55040085070147e-05
8.47886090599992e-05
8.39739982889665e-05
 8.3076464474946e-05
8.21109462932068e-05
8.10909059350551e-05
8.00283120555578e-05
7.89337000109969e-05
 7.7816279868359e-05
7.67020831420329e-05
7.55936690517711e-05
7.44931551311112e-05
 7.3406861450187e-05
7.23396046952429e-05
7.12948343140896e-05
7.02747670181525e-05
6.93773003068721e-05
6.85356532585946e-05
 6.7716407678331e-05
6.69363195459072e-05
6.62153837597823e-05
6.54958207204348e-05
6.47730657218626e-05
6.40428532043269e-05
6.33013450359599e-05
6.25452249067293e-05
6.17717616246127e-05
6.11440404991725e-05
6.17983835521363e-05
6.24545324937054e-05
 6.3111145830852e-05
6.37667925385554e-05
6.44199512744303e-05
6.50690097246942e-05
6.57122641408159e-05
6.63479190898264e-05
6.69740874628122e-05
6.75887907567452e-05
6.81899596918778e-05
6.87754351936243e-05
6.92835383482859e-05
6.93503608907853e-05
6.97025283769026e-05
6.99921745047072e-05
7.01007401532894e-05
7.00799215037629e-05
6.99854090348562e-05
6.98515678004274e-05
6.96954315335674e-05
6.95244165854203e-05
6.93414709416751e-05
6.91477836156085e-05
6.89440448640721e-05
6.87309698784166e-05
6.85094653627427e-05
6.82806224207022e-05
6.80456254122386e-05
 6.7805624611228e-05
6.75616007293489e-05
6.73142383376679e-05
6.70638179538496e-05
 6.6810131441053e-05
6.65524217836055e-05
6.62893459824065e-05
6.60189584296145e-05
6.57387114849639e-05
6.54454697825435e-05
6.51355349536309e-05
6.48046777626532e-05
6.44481750650128e-05
 6.4060849421621e-05
6.36371096296995e-05
 6.3170990793171e-05
6.26561929030767e-05
6.20861171480303e-05
6.14538994224145e-05
6.07524406467941e-05
5.99744336716723e-05
5.91123866006682e-05
5.81586424618363e-05
5.71053951742284e-05
 5.5944701792765e-05
5.46684910195938e-05
5.32685679656142e-05
5.17366151547849e-05
 5.0207745555142e-05
4.95606106651891e-05
  4.889789175061e-05
4.82475091924672e-05
4.77222412188505e-05
4.69198909311408e-05
4.60140959030464e-05
4.51357852175871e-05
4.43004524203205e-05
4.34835445038417e-05
4.26602797035103e-05
4.18163035068586e-05
4.09462239258085e-05
4.00498404919958e-05
3.91293000708282e-05
3.81875434540269e-05
3.72276188105314e-05
3.62524354815541e-05
3.52646984952965e-05
3.42669009512075e-05
3.32613281294192e-05
3.26906791073833e-05
3.43826700088257e-05
3.61237759197719e-05
3.79070856399433e-05
3.97259555641183e-05
4.15740165817802e-05
4.34451749333209e-05
4.53336088052647e-05
4.72334558970222e-05
4.91157404854947e-05
 5.0995479353888e-05
5.28672223453763e-05
5.47264569940031e-05
5.65688219322236e-05
5.83901587724589e-05
6.01865167531579e-05
6.19541610943908e-05
6.36895753482469e-05
6.53894611164496e-05
6.70507365657658e-05
6.86705346091832e-05
7.02462011201166e-05
7.17752933027116e-05
7.32555782321787e-05
7.46850315063718e-05
 7.6061835922403e-05
7.73843800780383e-05
7.86512567885755e-05
7.98612611996874e-05
8.10133885046915e-05
8.21068311443462e-05
8.31409754154522e-05
8.41153973943909e-05
8.50298581071551e-05
8.58842978929686e-05
8.66788299144772e-05
8.74137327904201e-05
8.80894423351264e-05
8.87065424119982e-05
8.92657549186882e-05
8.97679289416642e-05
9.02140291256792e-05
 9.0605123336529e-05
9.09423696823231e-05
9.12270029999052e-05
9.14603209023479e-05
9.16436695120315e-05
  9.177842899738e-05
9.18659990501447e-05
9.19077844364069e-05
9.19051807648508e-05
9.18595606173023e-05
9.17722601651016e-05
9.16445664365662e-05
9.14777053350191e-05
9.12728305560995e-05
9.10310135052717e-05
9.07532343238371e-05
 9.0440374104217e-05
9.00932083872097e-05
8.97124019777484e-05
8.92985051422768e-05
8.88519511962893e-05
8.83730555049644e-05
8.78620158703547e-05
8.73189142890363e-05
8.67437200339771e-05
8.61362939862387e-05
8.54963941612219e-05
8.48236823162152e-05
8.41177315547004e-05
8.33780347955781e-05
8.26040140019524e-05
  8.179503002681e-05
8.09503929409816e-05
8.00693727193158e-05
7.91512101229186e-05
7.81951276639381e-05
7.72003405030697e-05
7.61660671542708e-05
7.50915398800567e-05
7.39760146574731e-05
 7.2818780614603e-05
7.16191688456269e-05
  7.037656052028e-05
6.90903942275889e-05
6.77601724882737e-05
6.63854673998432e-05
6.49659253871282e-05
6.35012710375471e-05
6.19913100196601e-05
6.04359310952263e-05
5.88351072415283e-05
 5.7188895916549e-05
5.54974385056917e-05
5.37609589972843e-05
5.31352838893384e-05
5.27040444088245e-05
5.22525089426407e-05
5.17799980892519e-05
5.12858094359192e-05
5.07692193773557e-05
5.02294848033769e-05
4.96658446399456e-05
4.90775212252936e-05
4.84637214887007e-05
 4.7823637929767e-05
4.71564493728649e-05
4.64613214867793e-05
4.57374070582661e-05
 4.4983846008595e-05
4.41997651536852e-05
 4.3384277683467e-05
4.25364823799512e-05
 4.1655462546919e-05
4.07402846649418e-05
 3.9789996764239e-05
3.88036265052683e-05
3.77801789803733e-05
3.67186342187797e-05
 3.5617944402988e-05
3.44770307821873e-05
3.32947802900718e-05
3.20700418426356e-05
3.08016223261598e-05
 2.9488282247081e-05
2.81287310384126e-05
2.67216220062871e-05
2.52655468880869e-05
 2.6457527747159e-05
2.82872686119817e-05
3.05990297937431e-05
 3.2415567033317e-05
3.37292674868483e-05
3.46602509374572e-05
3.53229990504578e-05
3.57945715280805e-05
3.61233061371147e-05
 3.6339799400209e-05
3.64643300597711e-05
3.65110551250325e-05
3.64903408386907e-05
3.64101305667663e-05
 3.6276808699609e-05
3.60957701883158e-05
3.58717954520582e-05
3.56092873522451e-05
3.53124097352553e-05
3.49851579706795e-05
 3.4631385094408e-05
3.42548012657318e-05
 3.3858959215205e-05
 3.3447234267181e-05
3.30228044104208e-05
 3.2588633588071e-05
3.21474597896887e-05
 3.1701788454741e-05
3.12538910186566e-05
3.08058080549234e-05
3.03511016747637e-05
2.98984198421337e-05
2.94507079918183e-05
2.90092478411608e-05
2.85750675497742e-05
2.81490226660686e-05
  2.773182838961e-05
2.73240743650649e-05
2.69262367505463e-05
2.65386900137332e-05
2.61617185183805e-05
2.57955275085875e-05
2.54402532500753e-05
2.50959722086774e-05
2.47627092723746e-05
 2.4440445035856e-05
2.41291222246032e-05
2.38286513115638e-05
2.35389154060739e-05
2.32597744770913e-05
2.29910689930057e-05
2.27326230232139e-05
2.24842468818376e-05
2.22457393607711e-05
2.20168896027384e-05
2.17974786673181e-05
2.15872808268514e-05
2.13860646331998e-05
2.11935937882712e-05
2.10096278455141e-05
 2.0833922775354e-05
2.06662314057304e-05
2.05063037740927e-05
2.03538873923548e-05
2.02087274547846e-05
2.00705669908818e-05
1.99391469868915e-05
1.98142064755102e-05
1.96954826146567e-05
1.95827107540847e-05
1.94756245049943e-05
1.93739558138617e-05
1.92774350503688e-05
1.91857911136517e-05
1.90987515565344e-05
1.90160427395725e-05
1.89545444245764e-05
1.88885351090073e-05
1.88176925552952e-05
1.87421228941553e-05
 1.8661947043197e-05
1.85953131080496e-05
 1.8535203000436e-05
1.84772197400762e-05
1.84210908097393e-05
1.83665456917059e-05
1.83133163364491e-05
1.82611376495778e-05
1.82097479911048e-05
1.81588896842055e-05
1.81083095268653e-05
1.80577593082432e-05
1.80069963158225e-05
1.79557838388411e-05
1.79038916524599e-05
1.78510964932155e-05
1.77971825058298e-05
1.77419416698132e-05
1.76851741967021e-05
1.76266888944343e-05
1.75663035002493e-05
1.75038449760634e-05
1.74391497654303e-05
1.73720640118669e-05
1.73024437343794e-05
1.72301549652976e-05
1.71550738410908e-05
1.70770866584902e-05
 1.6996089884147e-05
1.69119901282655e-05
1.68247040768232e-05
1.67341583913738e-05
1.66402895696582e-05
1.65430437754632e-05
1.64423766373378e-05
1.63382530228851e-05
1.62306467803019e-05
1.61195404659864e-05
1.60049250461647e-05
1.58867995831424e-05
 1.5765170908566e-05
1.56400532835277e-05
1.55114680507329e-05
1.53794432792842e-05
1.52440134058573e-05
 1.5105218875433e-05
 1.4963105780863e-05
1.48177255051563e-05
 1.4669134371148e-05
1.45173932916687e-05
1.43625674325909e-05
1.42047258817612e-05
1.44166496233722e-05
1.47079616586998e-05
1.49924568223492e-05
1.52700415060325e-05
1.55406288313564e-05
1.58041384794583e-05
 1.6060496523862e-05
1.63096352633896e-05
1.65514930607347e-05
1.67860141792042e-05
1.70131486266212e-05
1.72328520032794e-05
1.74450853509533e-05
1.76498150094018e-05
1.78470124736485e-05
1.80366542609223e-05
1.82187217744878e-05
  1.839320117758e-05
1.85600832688371e-05
1.87193633585103e-05
1.88710411535564e-05
1.90151206423961e-05
1.91516099795064e-05
1.92805213784508e-05
1.94018710040766e-05
1.95156788627693e-05
1.96219687026988e-05
1.97207679082378e-05
1.98121073957114e-05
1.98960215176402e-05
1.99725479583801e-05
2.00417276369769e-05
2.01036046099112e-05
2.01582259736766e-05
2.02056417694663e-05
2.02459048889714e-05
2.02790709832312e-05
2.03051983710401e-05
2.03243479523496e-05
2.03365831212277e-05
2.03419696843676e-05
2.03405757789321e-05
2.03324717995557e-05
2.03177303212398e-05
2.02964260315186e-05
2.02686356619575e-05
2.02344379270358e-05
2.01939134616413e-05
2.01471447625612e-05
2.00942161340256e-05
2.00352136308646e-05
1.99702250057165e-05
 1.9899339651519e-05
1.98226485462749e-05
 1.9740244190547e-05
1.96522205454519e-05
1.95586729571651e-05
1.94596980812034e-05
1.93553937916091e-05
1.92458590813072e-05
1.91311939492511e-05
1.90114992719148e-05
1.88868766611283e-05
1.87574282995429e-05
1.86232567651046e-05
1.84844648293825e-05
1.83411552389656e-05
1.81934304768205e-05
1.80413925023326e-05
 1.7885142475027e-05
1.77247804544756e-05
1.75604050919875e-05
1.73921132967103e-05
1.72199998985656e-05
1.70441572973079e-05
1.68646751033119e-05
1.66816397819125e-05
1.64951342929154e-05
1.63052377360473e-05
1.61120250120605e-05
 1.5915566492497e-05
1.57159277109908e-05
1.55131690781629e-05
1.53073456279351e-05
1.50985067942644e-05
  1.488669622568e-05
1.46719516460614e-05
1.44543047529422e-05
1.42337811721016e-05
 1.4010400458675e-05
1.37841761530533e-05
1.35551158910174e-05
1.33232215698831e-05
1.30884895688799e-05
1.29420407476988e-05
1.28954277936466e-05
1.28461460761065e-05
1.27942404475334e-05
 1.2739753706803e-05
1.26827265009566e-05
1.26231972460977e-05
1.25612020639432e-05
1.24967747242577e-05
1.24299466157107e-05
1.23607467203968e-05
1.22892016181653e-05
1.22153354959464e-05
1.21391701848328e-05
1.20607252060978e-05
1.19800178396412e-05
1.18970632078108e-05
1.18118743736018e-05
1.17244624560087e-05
1.16348367575903e-05
1.15430049079657e-05
1.14489730155265e-05
1.13522938183785e-05
1.12520768227875e-05
1.11497312264563e-05
 1.1045274225685e-05
1.09387102885106e-05
1.08300411949536e-05
1.07192678641121e-05
1.06063911360921e-05
1.04914121147326e-05
1.03743323670025e-05
1.02551540793749e-05
1.01338802073747e-05
1.00105146124685e-05
9.88506220500618e-06
9.75752908327632e-06
9.62792265646328e-06
9.49625177587565e-06
9.36252684535788e-06
9.22675992670596e-06
9.08896483420296e-06
8.94915721566525e-06
8.80735462438498e-06
8.66357657569594e-06
8.51784459604543e-06
8.37018225624542e-06
8.34615520528548e-06
8.47767114381393e-06
8.60856627515894e-06
8.73875142143321e-06
8.86813913014706e-06
8.99664395087596e-06
9.12418268250725e-06
9.25067459495166e-06
9.37604162254413e-06
9.50020853257572e-06
9.62310306595882e-06
9.74465605613206e-06
9.86480151693447e-06
9.98347671660182e-06
1.01006222226752e-05
1.02161819268143e-05
1.03301030551228e-05
1.04423361522166e-05
1.05528350569095e-05
 1.0661556855085e-05
1.07684618235182e-05
 1.0873513360099e-05
1.09766778983444e-05
1.10779248193582e-05
1.11772263473031e-05
1.12745574439299e-05
1.13698956912822e-05
1.14632211729027e-05
1.15545163480446e-05
1.17282113482609e-05
1.20356490999618e-05
1.23392185879534e-05
1.26388174961356e-05
1.29343460805731e-05
1.32257070730168e-05
1.35128055874789e-05
1.37955490177588e-05
1.40738469319723e-05
1.44949476439948e-05
1.50333847663275e-05
1.54767293648606e-05
1.58440062225096e-05
1.61544196808916e-05
1.64206469518979e-05
1.66492720664047e-05
1.68435669824496e-05
1.70053103151213e-05
1.71357718413145e-05
1.72361727850401e-05
1.73078655983372e-05
 1.7352374362678e-05
1.73713720481028e-05
 1.7366633971394e-05
1.73399869642932e-05
1.72932632193645e-05
1.72282622886155e-05
1.71467219298727e-05
1.70502971550968e-05
1.69405463139594e-05
1.68189229072802e-05
1.66867718974784e-05
1.65453294196927e-05
1.63957250077229e-05
1.62389855832279e-05
1.60760406384686e-05
1.59077281668973e-05
1.57348009906522e-05
1.55579332369871e-05
1.53777267798971e-05
1.51947175072165e-05
1.50093813254815e-05
1.48221398475479e-05
1.46333657163877e-05
1.44433875581829e-05
  1.425249455278e-05
1.40609406306669e-05
1.38689483029641e-05
1.36767121480252e-05
 1.3484401965802e-05
1.32921656266216e-05
1.31001316346913e-05
1.29084114237066e-05
 1.2717101417592e-05
1.25262848614249e-05
1.23360334569611e-05
1.21464088129186e-05
1.19574637311159e-05
1.17692433447281e-05
1.15817861201517e-05
1.13951247450172e-05
1.12092869059555e-05
1.10242959702744e-05
1.08401715896433e-05
 1.0656930220343e-05
1.04745855861177e-05
1.02931490757463e-05
1.01126300934284e-05
9.93303636331877e-06
9.75437419220571e-06
9.57664869782882e-06
9.39986401277126e-06
9.22402344882833e-06
9.04912965316029e-06
8.87518473186022e-06
8.70219036419595e-06
8.53014789514717e-06
8.35905841983786e-06
8.18892285331385e-06
8.01974199104993e-06
7.85151655996463e-06
7.68424726388384e-06
7.51793482051122e-06
7.35257999290306e-06
7.18818361661322e-06
7.02474662445107e-06
6.86227005974871e-06
6.70075509945356e-06
  6.540203062122e-06
6.38061541941015e-06
6.22199380428956e-06
 6.0643400187077e-06
5.90765603708521e-06
5.75194400920243e-06
5.59720626502891e-06
5.44344531183683e-06
5.29066383764265e-06
5.13886470659974e-06
5.05899287922551e-06
5.01458030804924e-06
4.96996089346946e-06
4.92585075845264e-06
4.88131970510786e-06
4.83639832912774e-06
4.79111662424203e-06
4.74550388621098e-06
4.70007127162386e-06
4.65509724623114e-06
4.63285054014273e-06
 4.6318996324568e-06
4.63073419726401e-06
4.62931408728995e-06
4.62760040470522e-06
4.62555549346488e-06
4.62314292415389e-06
4.62032748776986e-06
4.61707518378818e-06
4.61335321061407e-06
4.60912995592366e-06
4.60437499016919e-06
4.59905905303426e-06
4.59315404843785e-06
4.58663303448681e-06
4.57947021526017e-06
4.57164093042861e-06
4.56312164925921e-06
4.55388996017936e-06
4.54392456267216e-06
 4.5332052567848e-06
4.52171293624515e-06
4.50942957819223e-06
 4.4963382312968e-06
4.48242300865598e-06
4.46766907563623e-06
4.45206263899323e-06
4.43559093626922e-06
4.41824222252585e-06
4.40000575885335e-06
4.38087179943647e-06
4.36083157695499e-06
 4.3398772892056e-06
4.31800208267052e-06
4.29520003913941e-06
4.27146615700202e-06
4.24679633481695e-06
4.22118735460275e-06
4.19463686135435e-06
4.16714334505741e-06
4.13870612031575e-06
4.10932530542363e-06
4.07900180005027e-06
4.04773726553342e-06
4.01553409901112e-06
3.98239541371526e-06
3.94832501016129e-06
3.91332735644179e-06
3.87740756085941e-06
3.84057134733551e-06
3.80282502848717e-06
3.76417548247909e-06
3.72463012293656e-06
3.68419687740706e-06
3.64288415782843e-06
3.60070083399444e-06
3.55765621068427e-06
3.51375999990688e-06
3.46902229486634e-06
3.42345354609197e-06
 3.3770645391229e-06
3.32986636708554e-06
3.28187040982142e-06
3.23308831512437e-06
3.18353197215071e-06
3.17138889588398e-06
3.23417534153769e-06
3.29572154150748e-06
 3.3560312605041e-06
 3.4151085588352e-06
3.47295778974077e-06
3.52958359611799e-06
 3.5849908989749e-06
3.63918489493242e-06
 3.6921710461213e-06
3.74395507063419e-06
3.79454293270021e-06
3.84394083147166e-06
3.89215519080999e-06
3.93919264424225e-06
3.98506002302623e-06
4.02976434271674e-06
4.07331278601264e-06
4.11571269104405e-06
4.15697153344219e-06
4.19709691257264e-06
4.23609653599222e-06
4.27397820329523e-06
4.31074979173607e-06
4.34641924312862e-06
4.38099455185581e-06
4.41448374749465e-06
4.44689489292882e-06
4.47823606564146e-06
4.50851536010211e-06
4.53774087383341e-06
4.56592071329531e-06
4.59306298650208e-06
4.61917580946158e-06
4.64426731133782e-06
4.66834563955798e-06
 4.6914189747449e-06
4.71349554181932e-06
4.73458362798551e-06
4.75469160238218e-06
 4.7738279370102e-06
4.79200123409962e-06
4.80922025042352e-06
4.82549392644138e-06
4.84083141838454e-06
4.85524212695543e-06
4.86873573052327e-06
4.88132221837523e-06
4.89301191947122e-06
4.90381553602814e-06
4.91374417077584e-06
4.92280935643352e-06
 4.9310230770816e-06
4.93839779375227e-06
4.94494645941757e-06
4.95068253347775e-06
 4.9556199906986e-06
4.95977332864994e-06
4.96315756115528e-06
4.96578821729265e-06
 4.9676813250743e-06
4.96885339767994e-06
4.96932140603423e-06
4.96910275177287e-06
 4.9682152301056e-06
4.96667699334541e-06
4.96450649933866e-06
4.96172246655657e-06
 4.9583438177514e-06
4.95438962033745e-06
4.94987902721622e-06
4.94483121082911e-06
4.93926529948618e-06
 4.9332003071445e-06
4.92665506951484e-06
4.91964817328494e-06
4.91219789167108e-06
4.90432211741609e-06
4.89603830433616e-06
4.88736340165108e-06
4.87831380230341e-06
4.86890528916817e-06
4.85915298836792e-06
4.84907132469736e-06
4.83867398770599e-06
4.82797389672607e-06
4.81698317916779e-06
4.80571314842582e-06
4.79417429272155e-06
4.78237626605482e-06
 4.7703278893696e-06
4.75803715610512e-06
4.74551124191036e-06
4.73275652279614e-06
4.71977859584083e-06
4.70658230938836e-06
4.69317179130346e-06
4.67955048644164e-06
4.66572119672826e-06
4.65168612301392e-06
4.63744691198142e-06
4.62300470271959e-06
4.60836017585065e-06
4.60369760346691e-06
4.63075607781693e-06
4.64741262795609e-06
4.65270710497956e-06
4.65005028615906e-06
4.64198375799141e-06
4.62994232930392e-06
4.61467121298798e-06
4.59656027251842e-06
 4.5758392411277e-06
4.55267735516296e-06
4.52722939175976e-06
4.49965391474683e-06
4.47011795923213e-06
4.43879563716276e-06
4.40586446565083e-06
 4.3715012998935e-06
4.33587871512264e-06
4.29916215066717e-06
4.26150787019575e-06
 4.2230616524308e-06
4.18395809803629e-06
4.14432041440094e-06
4.10426055724722e-06
4.06387962748056e-06
4.02326843745859e-06
 3.9893261607471e-06
3.98369073684179e-06
3.97723687250995e-06
3.97001666035957e-06
3.96207783265323e-06
3.95346399506558e-06
3.94421489141594e-06
3.93436668982838e-06
3.92395227311049e-06
 3.9130015270783e-06
3.90154162155376e-06
3.88959727842808e-06
3.87719101879735e-06
3.86434339905151e-06
3.85107322292688e-06
3.83739773646141e-06
3.82333280551928e-06
3.80889307077803e-06
3.79409209277926e-06
 3.7789424776058e-06
3.76345598562811e-06
 3.7476436328121e-06
3.73151577592878e-06
 3.7150821881049e-06
3.69835212538083e-06
3.68133438322094e-06
3.66403734886056e-06
 3.6464690408855e-06
3.62863714936656e-06
3.61054906689029e-06
3.59221191553738e-06
3.57363257313947e-06
3.55481768971044e-06
3.53577370915126e-06
3.51650688062977e-06
3.49702327345769e-06
3.47732878736018e-06
3.45742916135761e-06
3.43732998375756e-06
3.41703669620719e-06
3.39655460179777e-06
3.37588887083795e-06
  3.355044542519e-06
 3.3340265334636e-06
3.31283963594942e-06
3.29148852645789e-06
3.26997776545213e-06
3.24831180142926e-06
3.22649497269678e-06
3.20453151142486e-06
3.18242554353532e-06
3.16018109430827e-06
3.13780208754944e-06
3.11529234958696e-06
3.09265561199146e-06
3.06989551096537e-06
3.04701559339371e-06
3.02401931634444e-06
3.00091004989955e-06
2.97769108070778e-06
 2.9543656120401e-06
2.93093676823064e-06
2.90740759500974e-06
2.88378106449994e-06
 2.8600600747164e-06
2.83624745345268e-06
2.81234596050117e-06
2.78835829026214e-06
2.76428707340903e-06
2.74013488027469e-06
2.71590422129542e-06
2.69159755372783e-06
2.66721727870678e-06
2.64276574735156e-06
2.61824526165411e-06
2.59365807714351e-06
2.56900640682733e-06
2.54429242002585e-06
2.51951824847829e-06
2.49468598645386e-06
2.46979769347178e-06
 2.4448553983536e-06
2.41986109750236e-06
2.39481676167497e-06
2.36972433492744e-06
2.34458573933338e-06
2.31940287409582e-06
2.29417762043216e-06
2.26891184190725e-06
2.24360738781959e-06
2.21826609292375e-06
 2.1928897820378e-06
2.16748026987679e-06
2.14203936305113e-06
2.11656886373035e-06
2.09107056819979e-06
2.06554627057987e-06
2.03999776421382e-06
2.01442684188979e-06
1.98883529917149e-06
1.96322493289935e-06
1.93759754585354e-06
1.91195494608776e-06
1.88629894604109e-06
1.86063136864423e-06
1.83495404337819e-06
1.80926880966048e-06
1.78357751723368e-06
1.75788202733118e-06
1.73218421173349e-06
1.70648595598788e-06
1.68078915724346e-06
1.65509572702671e-06
1.62940759079744e-06
1.60372668717157e-06
1.57805497119634e-06
1.55239441168575e-06
1.52674699227529e-06
1.50111471386438e-06
1.47549959061966e-06
1.44990365413822e-06
1.42432895167133e-06
1.39877754556927e-06
1.37325151455814e-06
1.34775295368428e-06
1.32228397292655e-06
1.29684669947228e-06
1.27144327627393e-06
1.24607586082792e-06
1.22074662745053e-06
1.19617981614306e-06
 1.1826295241435e-06
1.16991505366704e-06
1.15725162314062e-06
1.14454139460429e-06
1.13178665428482e-06
1.11898969973323e-06
 1.1061528401024e-06
1.09327839770135e-06
1.08036870705153e-06
1.06742611560851e-06
1.05445298520523e-06
 1.0414516917745e-06
1.02870899393315e-06
1.01679584693648e-06
1.00479358725036e-06
9.92705575575403e-07
9.80535332650856e-07
9.68286508890026e-07
9.55962856874493e-07
  9.435682041814e-07
9.31216825095227e-07
9.18931114424204e-07
9.06589243232503e-07
8.94194744444077e-07
8.81751105352713e-07
8.69261760683138e-07
8.56730086734592e-07
8.44159397439537e-07
8.31589163613478e-07
8.19247685718283e-07
8.06877031966913e-07
7.94479795535041e-07
7.82058528409069e-07
7.69615741191831e-07
7.57153907099406e-07
7.44713341105374e-07
7.32549378018588e-07
7.20371934409547e-07
7.08183031578047e-07
6.95984682191897e-07
6.83778890869791e-07
6.71567653875993e-07
 6.5951785413465e-07
6.47648437601678e-07
6.35777030966178e-07
6.23905354102394e-07
6.12035130825861e-07
6.00168087339092e-07
5.88305951065848e-07
5.76810765678948e-07
5.65323536622087e-07
5.53843479245142e-07
5.42372099815447e-07
 5.3091091090085e-07
5.19461429870915e-07
 5.0827430106426e-07
4.97226285672836e-07
4.86191513132672e-07
4.75171298169874e-07
4.64166964225798e-07
4.53179841874984e-07
4.42418127993838e-07
4.31854369292717e-07
4.21308732623249e-07
4.10782363624573e-07
 4.0027641884377e-07
3.99153475216796e-07
 4.0016804003784e-07
4.01078834033619e-07
4.01887096546094e-07
4.02594082071772e-07
4.03201061205394e-07
4.03709314922285e-07
4.04120137575958e-07
 4.1568572001216e-07
4.30384042182652e-07
 4.4499360563055e-07
4.59514418960083e-07
4.73946552947968e-07
4.88290129718738e-07
  5.025453120866e-07
5.16712290343779e-07
5.30791267938646e-07
5.44782454425796e-07
5.58686043705681e-07
5.72502212026205e-07
5.86231097554624e-07
5.99872791773315e-07
 6.1342732804448e-07
6.26894669841782e-07
6.40274700536292e-07
6.53567213848572e-07
6.66771904800356e-07
6.79888363053216e-07
6.92916063860238e-07
7.05854364124736e-07
7.18702494739709e-07
7.31459560088243e-07
7.44124531493195e-07
 7.5669624854946e-07
7.69173414738589e-07
7.81554601314571e-07
  7.938382451389e-07
8.06022652233285e-07
 8.1810600116583e-07
8.30086344605352e-07
8.41961617092934e-07
8.53729636651757e-07
8.65388113613363e-07
8.76934655780204e-07
8.88366774975946e-07
 8.9968189631584e-07
  9.108773625921e-07
9.21950447152486e-07
9.32898357286494e-07
9.43718245660641e-07
9.54407219144748e-07
9.64962344807141e-07
9.75380661738523e-07
9.85659185881449e-07
 9.9579492240931e-07
1.00578487077785e-06
 1.0156260338845e-06
1.02531542522932e-06
1.03485007735271e-06
1.04422704821916e-06
1.05344342737901e-06
 1.0624963432404e-06
1.07138296889797e-06
1.08010052846108e-06
1.08864629871919e-06
1.09701762052161e-06
1.10521189689017e-06
1.11322659940294e-06
1.12105927457806e-06
1.12870754281902e-06
 1.1361691037437e-06
1.14344173807179e-06
1.15052331212118e-06
1.15741177453277e-06
1.16410516526333e-06
1.17060160953475e-06
1.17689932466192e-06
 1.1829966174437e-06
1.18889188727156e-06
1.19458362413116e-06
1.20007041026771e-06
1.20535092051899e-06
1.21042392170478e-06
1.21528827012884e-06
1.21994291701899e-06
1.22438690086657e-06
1.22861935192287e-06
1.23263948914598e-06
1.23644662008981e-06
 1.2400401400714e-06
1.24341952967288e-06
1.24658435729508e-06
1.24953427321772e-06
1.25226901270814e-06
1.25478839285709e-06
1.25709231096893e-06
1.25918074567188e-06
1.26105375281016e-06
 1.2627114654995e-06
1.26415409396063e-06
1.26538192279924e-06
 1.2663953103953e-06
1.26719468573899e-06
1.26778055214993e-06
1.26815347978315e-06
1.26831410895978e-06
1.26826314678086e-06
1.26800136585059e-06
1.26752960538656e-06
1.26684876516903e-06
1.26595981059241e-06
1.26486376589297e-06
1.26356171553654e-06
1.26205480355246e-06
1.26034423042487e-06
1.25843125253766e-06
1.25631718256303e-06
1.25400338607529e-06
1.25149128077373e-06
1.24878233598302e-06
1.24587807204257e-06
1.24278005725342e-06
1.23948990815581e-06
1.23600928664258e-06
 1.2323399020131e-06
1.22848350636584e-06
1.22547808006912e-06
1.22253200396383e-06
1.21943602121588e-06
1.21619167076092e-06
1.21280050902062e-06
1.20926410906996e-06
1.20558405752869e-06
1.20176195933519e-06
1.19779942964193e-06
1.19369809964409e-06
1.18945961119499e-06
1.18508561947062e-06
1.18057778880631e-06
1.17593779702663e-06
1.17116732806233e-06
1.16626807816766e-06
1.16124174981413e-06
 1.1560900547436e-06
1.15081471135925e-06
1.14541744489216e-06
1.13989998651309e-06
1.13426407338801e-06
1.12851144695725e-06
1.12264385382366e-06
1.11666304397628e-06
1.11057077145649e-06
1.10436879274811e-06
1.09805886749914e-06
1.09164275680085e-06
1.08512222346535e-06
1.07849903180357e-06
1.07177494679256e-06
1.06495173368693e-06
1.05803115796332e-06
1.05101498493188e-06
1.04390497879248e-06
1.03670290302338e-06
1.02941051921546e-06
1.02202958873754e-06
1.01456186996085e-06
1.00700911886964e-06
 9.9937308939424e-07
9.91655533300051e-07
9.83858198189136e-07
9.75982829776179e-07
 9.6803116883537e-07
9.60004954364546e-07
9.51905920920648e-07
9.43735797842571e-07
9.35496312082229e-07
   9.27189185429e-07
9.18816135786482e-07
9.10378876228801e-07
9.01879114389992e-07
 8.9331855462893e-07
8.84698895364799e-07
8.76021830242824e-07
8.67289047967734e-07
8.58502232137237e-07
  8.496630606869e-07
8.40773207000378e-07
8.31834338799187e-07
8.22848118253727e-07
8.13816202260842e-07
8.04740242887902e-07
7.95621885485431e-07
7.86462771462659e-07
7.77264535567479e-07
 7.6802880710769e-07
7.58757210894689e-07
7.49451366244269e-07
7.40112885089239e-07
7.30743376697873e-07
7.21344442566885e-07
7.11917680140672e-07
7.02464680535364e-07
 6.9298703064824e-07
6.83486310826265e-07
6.73964096864488e-07
6.64421958451733e-07
6.54861460225309e-07
6.45284161715498e-07
6.35691616734935e-07
6.26085373933716e-07
6.16466975800201e-07
6.06837959993278e-07
  5.971998585097e-07
 5.8755419762857e-07
5.77902498133387e-07
5.68246274312845e-07
5.58587035293101e-07
5.48926283872042e-07
5.39265516907861e-07
5.29606224153323e-07
5.19949889754567e-07
5.10297990363728e-07
5.00651996193646e-07
4.91013369463555e-07
4.81383565398286e-07
4.71764031784172e-07
4.62156207525766e-07
4.52561523145434e-07
 4.4298140078336e-07
4.33417253309365e-07
4.23870483046151e-07
4.14342483268104e-07
4.04834636535956e-07
3.97983828059889e-07
3.93643650620223e-07
3.89287241608915e-07
3.84915450624135e-07
3.80529124377471e-07
3.76361321052787e-07
3.72301445672463e-07
3.68226253433246e-07
3.64136552688521e-07
3.60033147683847e-07
3.55916838890025e-07
 3.5178842172634e-07
3.47648687115676e-07
3.43498419819177e-07
3.39338398824829e-07
3.35169395682122e-07
3.30992175223699e-07
3.26807494788195e-07
3.22616102554907e-07
 3.1841873943117e-07
3.14216135666179e-07
3.10009013460011e-07
3.05798083688469e-07
3.01584047845971e-07
 2.9736759660226e-07
2.93149409358318e-07
2.88930153968803e-07
2.84710487130635e-07
2.80491053772369e-07
2.76272485832951e-07
2.72055404038074e-07
2.67840416123821e-07
2.63628117114223e-07
2.59419089154722e-07
2.55213902677909e-07
2.51013113627963e-07
2.46817266347232e-07
2.42626891522324e-07
2.38442507904946e-07
2.34264620535551e-07
2.30093721909075e-07
2.25930292363508e-07
2.21803271360788e-07
2.17984566147633e-07
2.14243214641252e-07
2.10512793086259e-07
2.06783003581235e-07
2.03054299763306e-07
1.99327133382221e-07
1.98229180903287e-07
2.04459511987665e-07
2.10598835204134e-07
2.16647254636104e-07
2.22604896182865e-07
2.28471908114702e-07
2.34248459574093e-07
2.39934741075309e-07
2.45530962617035e-07
2.51037354348504e-07
2.56454163738429e-07
2.61781657628912e-07
2.67020120070516e-07
2.72169851045501e-07
2.77231166467828e-07
2.82204398072139e-07
2.87089892969661e-07
 2.9188801020652e-07
2.96599124482988e-07
3.01223621546054e-07
3.05761900520896e-07
3.10214371690432e-07
 3.1458145594021e-07
3.18863585146989e-07
3.23061200735442e-07
3.27174754399806e-07
3.31204703885035e-07
3.35151519481602e-07
3.39015675088206e-07
3.42797655317195e-07
3.46497949721414e-07
 3.5011705490362e-07
3.53655473628312e-07
3.57113713822521e-07
 3.6049228951951e-07
 3.6379171824974e-07
3.67012524038479e-07
3.70155233686553e-07
3.73220377547501e-07
3.76208490859842e-07
3.79120111804188e-07
3.81955780448529e-07
3.84716039913968e-07
 3.8740143815108e-07
3.90012521833683e-07
3.92549841743417e-07
3.95013949938683e-07
3.97405400254236e-07
3.99724748412211e-07
4.01972549690655e-07
4.04149362753792e-07
4.06255745155626e-07
4.08292256781628e-07
4.10259457184203e-07
4.12157906415356e-07
4.13988165748336e-07
4.15750796123326e-07
   4.17446358425e-07
 4.1907541409314e-07
 4.2063852462304e-07
4.22136250177729e-07
4.23569153140679e-07
4.24937792509184e-07
4.26242729667514e-07
4.27484523835009e-07
 4.2866373445305e-07
4.29780920185863e-07
4.30836639475629e-07
4.31831449487774e-07
4.32765906555055e-07
4.33640567731874e-07
4.34455986297877e-07
4.35212718030709e-07
4.35911315821436e-07
4.36552330951301e-07
4.37136315978304e-07
4.37663820296308e-07
4.38135393077133e-07
 4.3855158265993e-07
4.38912935107894e-07
4.39219996484219e-07
4.39473310964722e-07
4.39673421004372e-07
4.39820869779783e-07
4.39916195249523e-07
4.39959938647316e-07
4.39952635211682e-07
4.39894822790166e-07
4.39787034733907e-07
4.39629804338537e-07
4.39423662623728e-07
4.39169140276086e-07
4.38866764262968e-07
4.38517061329691e-07
4.38120556778276e-07
4.37677772802125e-07
4.37189230706458e-07
4.36655450630763e-07
4.36076949383857e-07
4.35454242719846e-07
4.34787844505458e-07
4.34078266720039e-07
4.33326019178004e-07
 4.3253160952883e-07
4.31695543534616e-07
4.30818325625193e-07
4.29900456788701e-07
4.28942436847546e-07
4.27944762737553e-07
4.26907930506371e-07
4.25832432648932e-07
4.24718759606257e-07
4.23567400376079e-07
4.22378840903015e-07
4.21153564911236e-07
4.19892054348558e-07
4.18594787221505e-07
4.17262242091709e-07
4.15894891248048e-07
4.14493208200639e-07
4.13057660686444e-07
4.11588716664468e-07
4.10086840318957e-07
4.08552492947578e-07
4.06986134071641e-07
4.05388220658942e-07
4.04000637554969e-07
4.03508186308521e-07
4.02972603841256e-07
 4.0239427184785e-07
4.01773574576492e-07
 4.0111089627537e-07
4.00406624079253e-07
3.99661145122909e-07
 3.9887484853951e-07
3.98048123684269e-07
3.97181361577736e-07
3.96274954406195e-07
3.95329294800018e-07
3.94344776055711e-07
3.93321793135115e-07
3.92260741000072e-07
3.91162015500601e-07
3.90026012764277e-07
3.88853130195432e-07
3.87643764865331e-07
3.86398315455061e-07
3.85117179979577e-07
3.83800756953434e-07
3.82449445779365e-07
3.81063645527036e-07
3.79643755821224e-07
 3.7819017589813e-07
3.76703306270709e-07
 3.7518354606414e-07
3.73631295846888e-07
 3.7204695563231e-07
3.70430924101495e-07
3.68783602711087e-07
3.67105390142175e-07
3.65396686408115e-07
3.63657891022662e-07
3.61889403333038e-07
 3.6009162196482e-07
3.58264946209719e-07
3.56409774582289e-07
3.54526505264019e-07
3.52615536824974e-07
3.50677266502952e-07
3.48712091979841e-07
3.46720410548951e-07
3.44702618670922e-07
3.42659113083954e-07
3.40590289693576e-07
3.38496544238787e-07
3.36378272403071e-07
3.34235868759691e-07
3.32069727881912e-07
3.29880244676062e-07
3.27667811939047e-07
3.25432824188621e-07
3.23175674055154e-07
3.20896753780442e-07
3.18596457049569e-07
 3.1627517466104e-07
3.13933298468072e-07
3.11571219935303e-07
3.09189329972259e-07
3.06788019266424e-07
3.04367677395057e-07
3.01928694712572e-07
2.99471460463163e-07
2.96996364168578e-07
2.94503794351364e-07
 2.9199413958958e-07
2.89467788072706e-07
2.86925127213067e-07
2.84366545422188e-07
2.81792429057681e-07
2.79203165365338e-07
2.76599140980327e-07
2.73980741649638e-07
2.71348353508838e-07
2.68702362249407e-07
2.66043152896689e-07
 2.6337111003194e-07
2.60686618180905e-07
2.57990061480751e-07
 2.5528182395762e-07
2.52562288416414e-07
2.49831838050607e-07
2.47090854388343e-07
 2.4433972067861e-07
 2.4157881745035e-07
2.38808525676593e-07
2.36029226163836e-07
2.33241298774889e-07
2.30445121984779e-07
2.27641075489782e-07
2.24829536377147e-07
2.22010882677814e-07
2.19185490091256e-07
2.16353734927566e-07
2.13515991998037e-07
2.10672635447828e-07
 2.0782403797881e-07
 2.0497057273694e-07
2.02112609926086e-07
 1.9925052091585e-07
1.96384673745165e-07
 1.9351543728563e-07
1.90643177411243e-07
1.87768259940491e-07
1.84891049470615e-07
1.82011908433921e-07
 1.7913119848556e-07
1.76249279060237e-07
1.73366509148565e-07
 1.7048324485458e-07
1.67599841949251e-07
 1.6471665353901e-07
   1.61834031287e-07
1.58952324524897e-07
1.56071881807218e-07
1.53193048690881e-07
1.50316168900932e-07
1.47441584663621e-07
1.44569634819014e-07
1.41700657707577e-07
1.38834987783998e-07
1.35972958448249e-07
1.33114899603104e-07
1.30261139652532e-07
1.28539278998474e-07
1.27183084008831e-07
1.25821008445381e-07
1.24453276850733e-07
1.23080112379714e-07
1.21781292217182e-07
1.20508296785893e-07
1.19229654871322e-07
 1.1794557958078e-07
1.16656283799532e-07
 1.1536197785933e-07
1.14062872702547e-07
1.12759177273158e-07
1.11451099960025e-07
1.10138847653207e-07
1.08822626299077e-07
1.07502640178669e-07
1.06179093239955e-07
1.04852187265969e-07
1.03522123484634e-07
1.02189101180983e-07
1.00853318474314e-07
9.95149725402378e-08
9.81742585004497e-08
 9.6831370866024e-08
 9.5486501705544e-08
9.41398424769702e-08
9.27915828619064e-08
9.14419105435549e-08
9.00910127610288e-08
8.87390744219729e-08
8.73862790462532e-08
8.60328084328899e-08
8.46788433261914e-08
8.33245625275758e-08
8.19701432286379e-08
8.06157611776825e-08
7.92615900691018e-08
7.79078027091096e-08
7.65545694614289e-08
7.52020596905822e-08
7.38504410957574e-08
7.24998788781406e-08
7.11505379613619e-08
6.98025802714497e-08
6.84561669017647e-08
6.71114569472664e-08
6.57686080041131e-08
6.44277758365952e-08
6.30891146546908e-08
6.17527770030435e-08
6.04189137054512e-08
5.90876737538437e-08
5.77592050854392e-08
5.64336527508758e-08
5.51111614122135e-08
5.44476857489151e-08
5.62801446002403e-08
5.80933136040684e-08
5.98870998902434e-08
6.16614180271036e-08
6.34161799184518e-08
 6.5151304740052e-08
6.68667111125565e-08
 6.8562322985688e-08
7.02380640871247e-08
7.18938632515709e-08
7.35296507570204e-08
 7.5145359268447e-08
7.67409256141605e-08
7.83162873441157e-08
7.98713858385369e-08
8.14061650311615e-08
8.29205705210612e-08
8.44145522371775e-08
8.58880606080525e-08
8.73410512247652e-08
8.87734796228834e-08
9.01853055568225e-08
9.15764910014438e-08
9.29470003185884e-08
 9.4296801533833e-08
9.56258629503104e-08
9.69341578671568e-08
9.82216611378206e-08
9.94883493921073e-08
1.00734203256625e-07
 1.0195920469025e-07
1.03163340092749e-07
 1.0434659530878e-07
1.05508961623091e-07
1.06650430931055e-07
1.07770999069334e-07
1.08870663262373e-07
1.09949423454658e-07
1.11007282865838e-07
1.12044246436405e-07
1.13060321438319e-07
1.14055518196654e-07
 1.1502984920142e-07
1.15983330106761e-07
1.16915976566823e-07
1.17827810175442e-07
  1.187188522489e-07
1.19589128211306e-07
1.20438663930855e-07
 1.2126749038277e-07
1.22075638098185e-07
 1.2286314188259e-07
1.23630037707212e-07
1.24376365984169e-07
1.25102166126378e-07
1.25807482764806e-07
1.26492361196551e-07
1.27156850049381e-07
1.27800999338845e-07
 1.2842486202258e-07
1.29028492779071e-07
1.29611949006847e-07
1.30175289547729e-07
1.30718577073807e-07
1.31241874312682e-07
1.31745247211601e-07
1.32228765103992e-07
1.32692497101239e-07
1.33136515700905e-07
1.33560895454465e-07
1.33965713133843e-07
1.34351046787717e-07
1.34716978295035e-07
1.35063588757589e-07
1.35390963995619e-07
1.35699190273453e-07
1.35988356075867e-07
1.36258552607682e-07
1.36509872183943e-07
1.36742408562984e-07
1.36956258667276e-07
1.37151520918088e-07
1.37328295068961e-07
1.37486682538768e-07
 1.3762678757745e-07
1.37748715378638e-07
1.37852572634767e-07
1.37938468869336e-07
 1.3800651466056e-07
1.38056821530341e-07
 1.3808950377614e-07
1.38104677749329e-07
1.38102458413503e-07
1.38082966949504e-07
1.38046321485064e-07
1.37992644921869e-07
1.37922060938767e-07
1.37834692492955e-07
1.37730667482128e-07
 1.3761011202762e-07
1.37473156580636e-07
1.37319929927049e-07
1.37150564571975e-07
1.36965193409111e-07
1.36763950497887e-07
1.36546971007956e-07
1.36314392273906e-07
1.36066351408282e-07
1.35802988077138e-07
1.35524442002044e-07
1.35230854680923e-07
1.34922368333346e-07
1.34599126400126e-07
1.34261273265768e-07
1.33908954647044e-07
1.33542316482771e-07
1.33161506210566e-07
1.32766672544804e-07
1.32357963478213e-07
1.32186239787391e-07
1.32023535881487e-07
1.31845793394092e-07
1.31653145774013e-07
1.31445727857837e-07
1.31223675758907e-07
 1.3098712536852e-07
1.30736214298821e-07
1.30471079606842e-07
1.30191860625573e-07
1.29898695855335e-07
1.29591725961387e-07
1.29271090554273e-07
1.28936930965384e-07
1.28589389192246e-07
1.28228606954828e-07
1.27854727693943e-07
1.27467894073252e-07
1.27068250033169e-07
1.26655939403086e-07
1.26231107289154e-07
1.25793899297122e-07
1.25344460033538e-07
1.24882935381709e-07
1.24409472057607e-07
1.23924216444138e-07
1.23427315479319e-07
  1.229189162677e-07
 1.2239916669099e-07
1.21868213853737e-07
1.21326206414807e-07
1.20773292089371e-07
1.20209619480782e-07
1.19635337469948e-07
1.19050594160619e-07
1.18455539432905e-07
1.17850321945667e-07
1.17235090246748e-07
1.16609994660344e-07
1.15975184067363e-07
1.15330808236891e-07
1.14677015883302e-07
1.14013957164261e-07
1.13341781682319e-07
1.12660638540429e-07
  1.119706776187e-07
1.11272047964572e-07
1.10564900068777e-07
1.09849381813021e-07
1.09125643577013e-07
1.08393833853082e-07
1.07654102354804e-07
1.06906597518996e-07
1.06151468615145e-07
1.05388863969047e-07
1.04618931962008e-07
1.03841821363915e-07
1.03057679667895e-07
1.02266655699346e-07
 1.0146889573015e-07
1.00664548419171e-07
9.98537603158489e-08
9.90366782471774e-08
9.82134490401521e-08
 9.7384218855634e-08
9.65491336879509e-08
9.57083391428526e-08
9.48619807705775e-08
9.40102033997192e-08
9.31531510817152e-08
9.22909688672036e-08
9.14237999749545e-08
9.05517878457829e-08
8.96750755319253e-08
8.87938055305071e-08
8.79081198945642e-08
 8.7018160122021e-08
8.61240679328468e-08
8.52259830486091e-08
8.43240463010986e-08
8.34183968567714e-08
8.25091737710615e-08
8.15965160438914e-08
8.06805612318939e-08
7.97614471692576e-08
7.88393100803475e-08
7.79142863560622e-08
7.69865119432112e-08
7.60561219559364e-08
  7.512325006509e-08
7.41880307186804e-08
7.32505961997809e-08
7.23110797906656e-08
7.13696121645846e-08
   7.04263255491e-08
6.94813492296831e-08
6.85348133799835e-08
 6.7586846785872e-08
6.66375775115746e-08
6.56871325666053e-08
6.47356389049669e-08
6.37832223149282e-08
6.28300079741351e-08
 6.1876119727966e-08
6.09216815328217e-08
5.99668155132349e-08
5.90116437382271e-08
 5.8056287222108e-08
5.71008657579419e-08
5.61454986947041e-08
5.51903043266577e-08
5.42354003929546e-08
5.32809031894566e-08
5.23269289010031e-08
5.13735915474989e-08
5.04210054264043e-08
 4.9469283502912e-08
4.85185379095476e-08
4.75688792800355e-08
4.66204178040108e-08
 4.5673263004975e-08
4.47275225745614e-08
4.37833041488922e-08
4.28407138097775e-08
4.20305752424355e-08
4.15927381980374e-08
4.11530376998037e-08
4.07115425260507e-08
4.02683196232267e-08
 3.9823436936981e-08
3.94009720405819e-08
3.89892126362312e-08
3.85757170651146e-08
3.81605493315895e-08
3.77437733845021e-08
 3.7325452229009e-08
3.69056489812891e-08
3.64844263689434e-08
3.60618468420171e-08
3.56379732391332e-08
3.52128665115359e-08
3.47865888317145e-08
3.43592015394911e-08
3.39307652530429e-08
3.35013411456586e-08
3.30709890583591e-08
3.26397694427882e-08
3.22077418624112e-08
3.17749653810928e-08
3.13414992847427e-08
 3.0907401971092e-08
3.04727322264498e-08
3.00375473938352e-08
2.96019053713792e-08
2.91658632245451e-08
2.87294774081737e-08
2.82928053763065e-08
2.78559020849833e-08
2.74188235449557e-08
2.69816252673749e-08
2.65443620417471e-08
2.61070879359337e-08
2.56698574063741e-08
2.52327242988848e-08
2.47957411825261e-08
2.43589616810702e-08
2.39224375309099e-08
 2.3486221079061e-08
2.30503637288493e-08
2.26149163840006e-08
2.21799303368186e-08
2.17454552697838e-08
2.13115411984433e-08
2.08782378052774e-08
2.04455936625436e-08
2.00136571204546e-08
1.95824764737118e-08
1.91520994619054e-08
1.87225728254248e-08
1.90864723470519e-08
1.96941324914768e-08
2.02947008087762e-08
2.08881609231604e-08
2.14744915183473e-08
2.20536762740586e-08
2.26256967050809e-08
2.31905386005593e-08
2.37481863063493e-08
2.42986260001743e-08
 2.4841846246737e-08
2.53778342229616e-08
2.59065803254188e-08
2.64280747841461e-08
2.69423096055377e-08
2.74492757412759e-08
2.79489689725132e-08
2.84413821383112e-08
2.89265118524895e-08
2.94043538406896e-08
2.98749062155323e-08
3.03381670896385e-08
3.07941356303409e-08
3.12428128923514e-08
3.16841996528261e-08
3.21182977991441e-08
3.25451114391306e-08
3.29646437924325e-08
3.33768998550532e-08
3.37818855111749e-08
3.41796077552026e-08
3.45700739701194e-08
3.49532920940199e-08
3.53292725630006e-08
3.56980241478233e-08
3.60595591164525e-08
3.64138877384512e-08
3.67610243912075e-08
3.71009808430856e-08
3.74337724706741e-08
3.77594138178949e-08
3.80779204278703e-08
3.83893095090571e-08
3.86935978258229e-08
3.89908035303144e-08
3.92809458293897e-08
3.95640441519518e-08
3.98401183154817e-08
4.01091893587058e-08
4.03712798746625e-08
4.06264112351451e-08
4.08746069768817e-08
4.11158909696674e-08
4.13502873608529e-08
4.15778216300566e-08
4.17985190348524e-08
4.20124066646821e-08
4.22195104987644e-08
4.24198592918756e-08
4.26134805220357e-08
 4.2800403665666e-08
4.29806577550984e-08
4.31542728773771e-08
4.33212799522131e-08
4.34817098438067e-08
4.36355947486256e-08
4.37829664745593e-08
 4.3923858106254e-08
4.40583031724451e-08
4.41863353128902e-08
4.43079894996146e-08
4.44232997609539e-08
4.45323022346678e-08
4.46350327809597e-08
4.47315275375892e-08
4.48218236415165e-08
4.49059578966349e-08
4.49839692162612e-08
4.50558943487778e-08
 4.5121772762613e-08
4.51816439261954e-08
4.52355461977305e-08
 4.5283520544448e-08
4.53256068788654e-08
4.53618460016791e-08
4.53922790466521e-08
4.54169469255028e-08
4.54358922707954e-08
4.54491566048709e-08
4.54567827268271e-08
4.54588138243395e-08
4.54552923079277e-08
4.54462626420238e-08
4.54317679587923e-08
4.54118523895986e-08
4.53865609539861e-08
4.53559380053647e-08
4.53200290073674e-08
4.52788777027813e-08
4.52325318867075e-08
4.51810361346006e-08
4.51244364652048e-08
4.50627796189096e-08
4.49961117254816e-08
4.49244797473547e-08
4.48479312575856e-08
4.47665122749186e-08
4.46802712050776e-08
4.45892548994742e-08
4.44935122079215e-08
4.43930900373424e-08
4.42880367379495e-08
4.41784011040447e-08
4.40642316523743e-08
4.39455766221286e-08
4.38224847520985e-08
4.36950050586304e-08
4.35631868911379e-08
4.34270793214786e-08
4.32867308108875e-08
4.31421922630904e-08
4.30819090402323e-08
4.30294297415479e-08
4.29720911632181e-08
4.29099352161622e-08
4.28430076415687e-08
4.27713506279126e-08
4.26950096943379e-08
4.26140287501653e-08
4.25284529814718e-08
4.24383266861561e-08
4.23436952168288e-08
4.22446044257008e-08
 4.2141098721693e-08
4.20332251227507e-08
4.19210282043281e-08
 4.1804555206415e-08
 4.1683851481622e-08
4.15589641589165e-08
4.14299389239758e-08
4.12968227392341e-08
4.11596628446809e-08
4.10185057031498e-08
4.08733984991194e-08
 4.0724388306046e-08
4.05715223639191e-08
4.04148486343736e-08
4.02544140243322e-08
4.00902662178737e-08
3.99224527880548e-08
3.97510221961106e-08
3.95760207383411e-08
3.93974979306932e-08
3.92155009576456e-08
3.90300774477659e-08
3.88412763063783e-08
 3.8649144884495e-08
3.84537322539735e-08
 3.8255085432759e-08
3.80532529375976e-08
3.78482836738137e-08
3.76402248258856e-08
3.74291255766934e-08
3.72150333327603e-08
3.69979969438994e-08
3.67780642052118e-08
3.65552834669103e-08
3.63297031347187e-08
3.61013708372049e-08
3.58703353686707e-08
 3.5636644413195e-08
3.54003455438345e-08
3.51614880544915e-08
3.49201186300441e-08
3.46762855096827e-08
 3.4430037376687e-08
3.41814207494018e-08
3.39304840335508e-08
 3.3677274913213e-08
3.34218404063336e-08
3.31642283635247e-08
3.29044859692651e-08
3.26426604635444e-08
 3.2378799363908e-08
3.21129495772787e-08
3.18451575664902e-08
3.15754708490878e-08
3.13039358323941e-08
3.10305987016868e-08
3.07555066969556e-08
 3.0478705892456e-08
3.02002423069325e-08
2.99201616815736e-08
2.96385105902353e-08
2.93553346630837e-08
2.90706791972184e-08
2.87845898228056e-08
2.84971115593891e-08
2.82082898150904e-08
2.79181699425202e-08
 2.7626795850999e-08
2.73342122825149e-08
2.70404642566113e-08
2.67455956270979e-08
2.64496504143175e-08
2.61526723610572e-08
2.58547054876601e-08
2.55557926487349e-08
2.52559778091133e-08
2.49553034903371e-08
2.46538125470153e-08
2.43515478337564e-08
2.40485515390354e-08
2.37448659068384e-08
2.34405327925735e-08
2.31355938851152e-08
2.28300910398715e-08
2.25240648354941e-08
2.22175573494354e-08
 2.1910607994613e-08
2.16032580713232e-08
2.12955481582178e-08
2.09875174461693e-08
2.06792061252514e-08
2.03706539414483e-08
2.00618999746105e-08
1.97529830825438e-08
1.94439417344761e-08
1.91348152878135e-08
1.88256411015608e-08
1.85164574784125e-08
1.82073023324847e-08
1.78982119125592e-08
1.75892247433751e-08
1.72803765741136e-08
1.69717044862239e-08
 1.6663244506443e-08
1.63550328280415e-08
 1.6047104478556e-08
1.57394955957457e-08
1.54322409295915e-08
1.51253750080294e-08
1.48189328030846e-08
 1.4512947676959e-08
 1.4207454268611e-08
1.39024860512649e-08
1.36598146682765e-08
1.35172917303805e-08
1.33741692165401e-08
1.32304691646823e-08
1.30862135017118e-08
1.29414240990222e-08
1.28060034243482e-08
1.26719326143387e-08
1.25373031956144e-08
1.24021353187231e-08
1.22664498003466e-08
1.21302670685886e-08
1.19936071629745e-08
 1.1856490844675e-08
1.17189378201488e-08
1.15809684064772e-08
1.14426025321634e-08
1.13038598481552e-08
1.11647605605114e-08
1.10253239871128e-08
1.08855700564625e-08
1.07455176978632e-08
1.06051867843071e-08
1.04645961340744e-08
1.03237652870902e-08
1.01827133391907e-08
1.00414585535447e-08
9.90002041456606e-09
  9.758417296446e-09
9.61666801746475e-09
9.47479084079106e-09
9.33280402959369e-09
9.19072568050794e-09
9.04857450079177e-09
8.90636780992438e-09
 8.7641237600522e-09
8.62186022576594e-09
8.47959458205594e-09
8.33734431493482e-09
8.19512635530373e-09
8.05295891082025e-09
 7.9108581352294e-09
7.76884118147692e-09
7.62692514699737e-09
7.48512657411382e-09
7.34346167208244e-09
 7.2019474273155e-09
7.06059938293535e-09
6.91943424779851e-09
6.77846789809422e-09
6.63771554387793e-09
6.49719394951731e-09
6.35691771444513e-09
 6.2169028813841e-09
6.07716421630045e-09
5.97991151041199e-09
6.17717282880292e-09
 6.3722295218227e-09
6.56507442853282e-09
6.75569988839442e-09
6.94409907353588e-09
7.13026515608561e-09
7.31419180777237e-09
7.49587225623571e-09
7.67530206058353e-09
7.85247394885502e-09
 8.0273845903811e-09
8.20002787893515e-09
 8.3703993181139e-09
8.53849541071483e-09
8.70431149380124e-09
8.86784473630442e-09
9.02909091937687e-09
9.18804760052794e-09
 9.3447113935774e-09
9.49908063319072e-09
9.65115276585493e-09
9.80092601521321e-09
9.94839882695331e-09
1.00935697022742e-08
1.02364381415754e-08
1.03770037007678e-08
1.05152643259387e-08
 1.0651221737934e-08
1.07848759367535e-08
1.09162256456408e-08
1.10452734736199e-08
1.11720199758025e-08
1.12964652076997e-08
1.14186122779358e-08
1.15384620746894e-08
  1.165601698494e-08
1.17712793401559e-08
1.18842517493611e-08
1.19949371546468e-08
1.21033382760594e-08
1.22094586108012e-08
1.23133025997646e-08
1.24148726854401e-08
1.25141736972978e-08
1.26112109644083e-08
1.27059872623292e-08
1.27985092523986e-08
1.28887805428413e-08
1.29768079615289e-08
1.30625956717978e-08
1.31461501129415e-08
1.32274777797647e-08
 1.3306584001338e-08
1.33834763271778e-08
1.34581608635109e-08
1.35306444382088e-08
1.36009348228328e-08
1.36690390672989e-08
1.37349643880569e-08
1.37987196113798e-08
1.38603120092284e-08
1.39197501303201e-08
1.39770418017271e-08
1.40321967379009e-08
1.40852230989807e-08
  1.413613021084e-08
1.41849271217964e-08
1.42316233242568e-08
1.42762282551168e-08
1.43187522394506e-08
1.43592054357988e-08
1.43975970035015e-08
   1.44339381003e-08
1.44682393843354e-08
1.45005109586371e-08
1.45307648136139e-08
1.45590106082061e-08
1.45852604993557e-08
1.46095258113377e-08
1.46318175353599e-08
1.46521486610318e-08
1.46705294024052e-08
1.46869730821564e-08
1.47014915796717e-08
1.47140971074045e-08
 1.4724801933319e-08
1.47336189360026e-08
1.47405608830198e-08
1.47456413746028e-08
1.47488720125821e-08
1.47502672298572e-08
1.47498398495038e-08
1.47476028611315e-08
1.47435711972399e-08
1.47377567927265e-08
1.47301748576467e-08
1.47208385481434e-08
1.47097627967163e-08
1.46969607595082e-08
1.46824471469742e-08
 1.4666236558547e-08
1.46483434271261e-08
1.46287816860102e-08
1.46075668783219e-08
1.45847132149157e-08
 1.4560236183403e-08
1.45341501611718e-08
1.45064703582776e-08
 1.4477212428865e-08
1.44463909168557e-08
1.44140219759947e-08
1.43801203167371e-08
1.43447007605602e-08
1.43077809044989e-08
1.42693742932742e-08
1.42294983018765e-08
1.41881675297384e-08
1.41453980195827e-08
1.41012063137325e-08
1.40556077887766e-08
1.40347370392035e-08
1.40179068908175e-08
1.39994821846123e-08
1.39794764653089e-08
 1.3957904276829e-08
1.39347799965606e-08
1.39101178353584e-08
1.38839321706108e-08
1.38562375462392e-08
 1.3827049116788e-08
1.37963810931119e-08
1.37642482411771e-08
1.37306655489944e-08
1.36956481711081e-08
1.36592100408173e-08
1.36213678669783e-08
1.35821352498233e-08
1.35415282875861e-08
1.34995615241884e-08
1.34562511133751e-08
 1.3411611266001e-08
1.33656586354114e-08
1.33184072104164e-08
 1.3269873477828e-08
1.32200729252574e-08
1.31690203186707e-08
1.31167322003911e-08
1.30632235029182e-08
 1.3008509991419e-08
1.29526078751496e-08
1.28955321976321e-08
1.28372992791448e-08
1.27779242187209e-08
1.27174236141947e-08
1.26558127866438e-08
1.25931071681684e-08
1.25293236896695e-08
1.24644770616023e-08
1.23985840483343e-08
1.23316603595214e-08
1.22637212607302e-08
1.21947830722391e-08
1.21248620588155e-08
1.20539738190928e-08
1.19821342292603e-08
 1.1909359054485e-08
1.18356642819784e-08
1.17610659544631e-08
1.16855799481286e-08
1.16092219726305e-08
1.15320079041581e-08
 1.1453954118501e-08
 1.1375075548159e-08
1.12953886244327e-08
1.12149092790226e-08
1.11336526664729e-08
1.10516351625733e-08
1.09688719773793e-08
1.08853793201469e-08
 1.0801172900532e-08
1.07162676510342e-08
1.06306797253986e-08
1.05444245557251e-08
1.04575184622924e-08
1.03699753783992e-08
1.02818125680137e-08
1.01930439644349e-08
1.01036857214076e-08
1.00137530489874e-08
9.92326171234126e-09
9.83222608885725e-09
9.74066211023583e-09
9.64858487551012e-09
 9.5560088730906e-09
9.46295025672228e-09
9.36942307072641e-09
9.27544241413614e-09
 9.1810240521184e-09
9.08618186246102e-09
8.99093083317482e-09
8.89528600778178e-09
8.79926209673698e-09
8.70287303333939e-09
8.60613402764443e-09
8.50905945704028e-09
8.41166353238165e-09
8.31396079759017e-09
8.21596501943134e-09
8.11769118591599e-09
8.01915306380963e-09
7.92036441987776e-09
  7.821339798042e-09
7.72209240995636e-09
7.62263657749784e-09
7.52298634498771e-09
7.42315436896845e-09
7.32315519336169e-09
7.22300219635486e-09
7.12270809000159e-09
7.02228708515662e-09
6.92175183836241e-09
6.82111639394023e-09
6.72039263127644e-09
6.61959453918115e-09
6.51873427459648e-09
6.41782560428794e-09
6.31688018559728e-09
6.21591145222311e-09
6.11493156110754e-09
 6.0139532243042e-09
5.91298870977752e-09
5.81205022998077e-09
5.71114988634491e-09
5.61030005785668e-09
5.50951284594703e-09
5.40879957489082e-09
5.30817240163017e-09
5.20764320555145e-09
5.10722264479568e-09
5.00692376448342e-09
4.90675633457727e-09
4.80673323366432e-09
4.70686417619604e-09
4.60716115258109e-09
4.50763504300511e-09
4.43957748341717e-09
4.39308045496745e-09
4.34639091384525e-09
4.29951607650025e-09
4.25246321489325e-09
4.20534729261846e-09
4.16180390150345e-09
4.11807443700951e-09
4.07416550496364e-09
4.03008393323745e-09
3.98583649419137e-09
3.94142968263012e-09
3.89687004886952e-09
3.85216453180348e-09
3.80731890459174e-09
3.76234071675086e-09
3.71723563041826e-09
3.67201058448785e-09
3.62667179620857e-09
3.58122564936281e-09
3.53567852773295e-09
3.49003692612371e-09
3.44430700627285e-09
3.39849504094047e-09
3.35260696981976e-09
3.30664945424886e-09
3.26062815636519e-09
3.21454951546229e-09
3.16841952674451e-09
3.12224424092733e-09
3.07602959770392e-09
3.02978109267826e-09
2.98350566474426e-09
2.93720853195012e-09
2.89089518989982e-09
2.84457224442036e-09
2.79824469151535e-09
2.75191858190027e-09
  2.705599744246e-09
2.65929339660076e-09
2.61300542314657e-09
2.56674131948742e-09
2.52050635918266e-09
2.47430620436973e-09
2.42814585105222e-09
2.38203134994563e-09
2.33596764154242e-09
 2.2899598328685e-09
2.24401325299439e-09
2.19813317547946e-09
 2.1523243742827e-09
2.10659251154155e-09
2.06094213917041e-09
2.01537847521749e-09
1.96990646017525e-09
1.98831734410376e-09
2.05242123296756e-09
2.11579564979303e-09
2.17843815208951e-09
2.24034740758938e-09
2.30152003011241e-09
2.36195463187983e-09
2.42164949204593e-09
2.48060272323158e-09
2.53881221601304e-09
2.59627702670073e-09
2.65299515689321e-09
2.70896488574479e-09
2.76418682387813e-09
2.81865686346805e-09
2.87237628127102e-09
2.92534335644135e-09
2.97755670120026e-09
3.02901609350315e-09
 3.0797210892608e-09
 3.1296705782502e-09
3.17886411638213e-09
3.22730153712314e-09
3.27498267393977e-09
3.32190647212016e-09
3.36807476353229e-09
3.41348460608515e-09
3.45813927493666e-09
3.50203638310731e-09
3.54517748490935e-09
3.58756319096543e-09
3.62919255758598e-09
3.67006797175051e-09
3.71018810119139e-09
3.74955516635467e-09
 3.7881695558184e-09
3.82603176918295e-09
3.86314308320479e-09
3.89950521872962e-09
3.93511762064591e-09
3.96998295348894e-09
4.00410227197057e-09
4.03747657529152e-09
4.07010797287555e-09
4.10199690881186e-09
4.13314632519146e-09
4.16355672161473e-09
4.19323104017266e-09
4.22217016904369e-09
4.25037716134113e-09
 4.2778527942211e-09
4.30459906608505e-09
4.33061997373585e-09
4.35591601677388e-09
4.38049008177899e-09
4.40434422266378e-09
4.42748171458618e-09
4.44990411185842e-09
4.47161430106036e-09
4.49261550183877e-09
4.51290987912856e-09
4.53250031950958e-09
 4.5513895985394e-09
4.56958060279788e-09
4.58707699602101e-09
4.60388088763253e-09
4.61999560830151e-09
4.63542471074163e-09
4.65017097051046e-09
4.66423827338858e-09
4.67762961697815e-09
4.69034810990365e-09
4.70239752692336e-09
4.71378142075096e-09
4.72450362165588e-09
4.73456701621799e-09
4.74397582328479e-09
4.75273337352533e-09
4.76084444089864e-09
4.76831135687306e-09
4.77513928398565e-09
 4.7813315529055e-09
4.78689227145779e-09
 4.7918252144008e-09
 4.7961352112047e-09
4.79982559253855e-09
4.80290079929446e-09
4.80536532787568e-09
4.80722250895127e-09
4.80847817119212e-09
4.80913503464464e-09
 4.8091987059351e-09
4.80867295982179e-09
4.80756240373026e-09
4.80587142304145e-09
4.80360512478128e-09
4.80076722819689e-09
4.79736289582533e-09
4.79339640202525e-09
4.78887296484487e-09
4.78379647006477e-09
4.77817296840044e-09
4.77200545745404e-09
4.76530070958603e-09
4.75806127830936e-09
4.75029421354023e-09
4.74200356759269e-09
4.73319367033653e-09
4.72387018390918e-09
4.71403815982541e-09
4.70370153937694e-09
4.69286692839077e-09
4.68153793509174e-09
4.66972049917302e-09
4.65741956112709e-09
4.64463950633487e-09
4.63138688511222e-09
4.61766574977318e-09
4.60348109632136e-09
4.58883891996109e-09
4.57438886769523e-09
4.56930304704173e-09
4.56369519952204e-09
4.55757004358404e-09
4.55093229767556e-09
4.54378645819986e-09
 4.5361372436048e-09
4.52798892824902e-09
4.51934739631454e-09
4.51021564540355e-09
4.50059967072036e-09
4.49050419071284e-09
4.47993336871733e-09
4.46889275584894e-09
4.45738651544403e-09
4.44541992106195e-09
4.43299791319518e-09
4.42012548784732e-09
  4.406806919377e-09
4.39304775889937e-09
4.37885261383997e-09
4.36422703531392e-09
4.34917529767986e-09
4.33370317409754e-09
4.31781460585867e-09
4.30151581021221e-09
4.28481083947219e-09
4.26770574435409e-09
4.25020479921656e-09
4.23231355517473e-09
4.21403678618759e-09
4.19537954376992e-09
4.17634721250337e-09
4.15694473288042e-09
4.13717760050503e-09
 4.1170505893362e-09
 4.0965686398664e-09
4.07573746974421e-09
4.05456157537287e-09
4.03304684093442e-09
4.01119781834325e-09
3.98902022524794e-09
3.96651822498484e-09
3.94369803480288e-09
3.92056459519452e-09
3.89712262460762e-09
3.87337772966845e-09
3.84933485086947e-09
3.82499887319199e-09
3.80037590286264e-09
3.77547010321777e-09
 3.7502870253725e-09
3.72483160981929e-09
3.69910924113981e-09
3.67312491533767e-09
3.64688429455029e-09
3.62039137558057e-09
3.59365232016629e-09
3.56667156919954e-09
3.53945467379546e-09
3.51200618586844e-09
3.48433221164512e-09
3.45643663690609e-09
3.42832495725531e-09
3.40000233522986e-09
3.37147415541139e-09
3.34274458113626e-09
3.31381949658649e-09
3.28470306509843e-09
3.25540089329834e-09
3.22591808821215e-09
3.19625842459814e-09
 3.1664285082833e-09
3.13643228055938e-09
3.10627440436306e-09
3.07596043080949e-09
 3.0454949673242e-09
3.01488312093312e-09
2.98412905497258e-09
2.95323809851311e-09
2.92221524755831e-09
2.89106499851144e-09
2.85979184777574e-09
2.82840112442173e-09
2.79689693627461e-09
2.76528439036028e-09
2.73356814961545e-09
2.70175282146567e-09
2.66984273578075e-09
2.63784272203083e-09
2.60575772070837e-09
2.57359189514972e-09
2.54134968624697e-09
2.50903592347029e-09
2.47665504771177e-09
2.44421122230776e-09
2.41170899917265e-09
2.37915309675429e-09
2.34654790043365e-09
2.31389735150245e-09
2.28120583534164e-09
2.24847795937677e-09
2.21571783143304e-09
2.18292989240254e-09
2.15011758397665e-09
2.11728634624819e-09
2.08443973193084e-09
2.05158157129404e-09
2.01871636074102e-09
1.98584815258585e-09
1.95298088812024e-09
1.92011850863594e-09
1.88726489991353e-09
1.85442505795663e-09
1.82160114770014e-09
1.78879849821456e-09
1.75602010710207e-09
1.72327063729938e-09
1.69055291987519e-09
1.65787156225505e-09
1.62522961755229e-09
1.59263169319246e-09
1.56008034268851e-09
1.52757984039908e-09
1.49513379454902e-09
1.46274564682969e-09
1.44344936003904e-09
1.42829320592952e-09
1.41307471279717e-09
1.39779632313264e-09
1.38245997982622e-09
1.36733013800239e-09
1.35313560356565e-09
1.33888061748522e-09
1.32456762225175e-09
1.31019867177784e-09
1.29577609753184e-09
 1.2813018979152e-09
1.26677812684051e-09
1.25220728230957e-09
1.23759114067923e-09
1.22293242199589e-09
1.20823240301604e-09
1.19349347071918e-09
1.17871806759595e-09
1.16390808102551e-09
1.14906539838699e-09
1.13419240665991e-09
1.11929099322339e-09
1.10436287892313e-09
1.08941067278323e-09
1.07443604013824e-09
1.05944114592305e-09
1.04442776649449e-09
1.02939801127633e-09
1.01435376764769e-09
9.99296867476573e-10
9.84229753253629e-10
9.69153923779942e-10
9.54071432968107e-10
9.38983890641509e-10
9.23893739290804e-10
9.08802366694772e-10
8.93711715743706e-10
 8.7862378483905e-10
8.63540350337644e-10
8.48463133085176e-10
8.33394075971938e-10
8.18334677799015e-10
8.03287047990153e-10
7.88252629835284e-10
 7.7323375480276e-10
7.58231533115605e-10
7.43248018686415e-10
7.28284488271669e-10
7.13343106806263e-10
6.98425373091283e-10
6.83532952461263e-10
6.68666899628079e-10
6.53830267705047e-10
6.39022834647562e-10
 6.4828903356684e-10
6.69126420937971e-10
6.89726442626437e-10
7.10090153344112e-10
7.30214833044585e-10
7.50101203372822e-10
7.69748154105798e-10
7.89154908087397e-10
8.08320355094594e-10
8.27245438816959e-10
8.45928271875351e-10
8.64369187336678e-10
8.82566741911006e-10
9.00521768265605e-10
9.18232934132845e-10
9.35700128490424e-10
9.52923517871795e-10
9.69901825520481e-10
9.86635606547992e-10
1.00312419482051e-09
 1.0193675348269e-09
1.03536562656714e-09
1.05111791492973e-09
1.06662478849273e-09
1.08188591418923e-09
1.09690095895232e-09
1.11167064442697e-09
1.12619435999051e-09
1.14047188359834e-09
1.15450432547348e-09
1.16829107499328e-09
1.18183191011312e-09
1.19512805207833e-09
1.20817911231086e-09
1.22098525734415e-09
1.23354637615591e-09
1.24586357896916e-09
1.25793636618354e-09
1.26976590353323e-09
1.28135202448476e-09
1.29269450699354e-09
1.30379529394986e-09
1.31465344166415e-09
1.32527039342634e-09
1.33564581616952e-09
1.34578070909441e-09
1.35567562731254e-09
1.36533095940194e-09
1.37474726047415e-09
1.38392503012952e-09
1.39286560063567e-09
1.40156897199262e-09
1.41003619891222e-09
1.41826728139449e-09
1.42626427335202e-09
1.43402639762868e-09
  1.441556041204e-09
1.44885248243298e-09
1.45591766420594e-09
1.46275175305632e-09
1.46935608125176e-09
1.47573109288146e-09
1.48187850879111e-09
1.48779821795841e-09
1.49349210776251e-09
1.49896034473684e-09
1.50420464972711e-09
1.50922546682253e-09
1.51402446135762e-09
1.51860179986585e-09
 1.5229595362598e-09
 1.5270983366733e-09
1.53101897826247e-09
1.53472284880607e-09
 1.5382115581275e-09
1.54148577236057e-09
1.54454699030637e-09
1.54739582258756e-09
1.55003404556098e-09
1.55246288047195e-09
 1.5546833265212e-09
1.55669704904327e-09
1.55850454763851e-09
1.56010832030873e-09
1.56150847807623e-09
1.56270718587592e-09
1.56370510984161e-09
1.56450480348624e-09
1.56510621129868e-09
1.56551160923613e-09
1.56572182996584e-09
1.56573892740042e-09
1.56556423380749e-09
1.56519847083203e-09
1.56464408096468e-09
1.56390178585042e-09
1.56297363940183e-09
1.56186064081965e-09
1.56056462197185e-09
1.55908674859262e-09
 1.5574287970388e-09
1.55559282122297e-09
1.55357943176782e-09
1.55139079360822e-09
1.54902785043376e-09
1.54649310024624e-09
1.54378748673523e-09
1.54091267523526e-09
1.53787066414779e-09
1.53466267471813e-09
1.53129020574738e-09
1.52775542217043e-09
 1.5240595452326e-09
1.52020424026844e-09
1.51619145016824e-09
1.51202256271077e-09
1.50769957629748e-09
 1.5032233791068e-09
1.49859646914052e-09
1.49382017866628e-09
 1.4896168187839e-09
 1.4879352749908e-09
1.48608420014185e-09
1.48406459343775e-09
1.48187834225766e-09
1.47952627926884e-09
1.47701084696195e-09
 1.4743328224931e-09
1.47149431528604e-09
1.46849638005264e-09
 1.4653409596832e-09
1.46202949746765e-09
1.45856338118477e-09
 1.4549441651468e-09
1.45117390326632e-09
1.44725326167716e-09
1.44318518247033e-09
1.43896999871274e-09
1.43461020840618e-09
1.43010625563988e-09
1.42546163761637e-09
1.42067579922411e-09
 1.4157520711322e-09
1.41069145254136e-09
1.40549538674151e-09
 1.4001658721341e-09
 1.3947041854756e-09
1.38911249170093e-09
1.38339167898849e-09
1.37754430085124e-09
1.37157107893415e-09
1.36547506635054e-09
1.35925626310041e-09
1.35291738923016e-09
1.34645994354088e-09
1.33988520278905e-09
1.33319538742072e-09
1.32639171868121e-09
1.31947619497197e-09
1.31245053713869e-09
1.30531596642669e-09
1.29807492532663e-09
1.29072819099463e-09
1.28327803938788e-09
1.27572619135208e-09
1.26807364608794e-09
1.26032301261958e-09
1.25247523463656e-09
1.24453275462955e-09
 1.2364967383327e-09
1.22836846250252e-09
1.22015064718539e-09
1.21184368095939e-09
1.20345083898243e-09
1.19497223227683e-09
1.18641035884437e-09
1.17776705055306e-09
1.16904308455901e-09
1.16024079233057e-09
1.15136244982494e-09
1.14240839010904e-09
1.13338122220696e-09
1.12428188980829e-09
1.11511272438136e-09
1.10587483614921e-09
1.09657022351328e-09
1.08720027425235e-09
1.07776687574557e-09
1.06827163781631e-09
1.05871578170991e-09
1.04910136133896e-09
1.03942981999339e-09
1.02970276749659e-09
1.01992186918309e-09
1.01008851283169e-09
1.00020464133266e-09
9.90271531442488e-10
9.80291348096074e-10
9.70264646404928e-10
9.60193979882007e-10
9.50079848127672e-10
9.39925359766391e-10
9.29730625820469e-10
 9.1949775571365e-10
9.09228636825077e-10
8.98923768755111e-10
8.88585816039011e-10
  8.782157778775e-10
8.67815264093963e-10
8.57385329400273e-10
8.46928083220178e-10
8.36444913332457e-10
8.25936985471287e-10
8.15405909460054e-10
8.04853295122143e-10
7.94280530236335e-10
7.83688836047958e-10
7.73079933402698e-10
7.62455099057036e-10
7.51815831812053e-10
7.41163574957682e-10
7.30499660761552e-10
7.19825199446689e-10
7.09142355947989e-10
6.98451740888117e-10
6.87754908579308e-10
6.77053246800341e-10
6.66348587419208e-10
 6.5564148554742e-10
6.44933884075272e-10
6.34226504647728e-10
6.23521123621629e-10
6.12818795708847e-10
6.02121075221618e-10
5.91429238916419e-10
5.80744063949368e-10
5.70067382188455e-10
5.59400026300949e-10
 5.4874332855448e-10
5.38098954283583e-10
5.27467236555168e-10
5.16850562348736e-10
5.06248598597381e-10
4.95664231880966e-10
4.85097517710642e-10
4.74549566309435e-10
4.69262850799623e-10
4.64322580384646e-10
4.59362159421772e-10
4.54382309555967e-10
4.49383918965651e-10
4.44524583809169e-10
4.39897673842893e-10
4.35251390484837e-10
 4.3058617782421e-10
4.25902924039434e-10
4.21202128730869e-10
 4.1648495763269e-10
4.11751632789503e-10
4.07003264424333e-10
4.02240130092935e-10
3.97462951440275e-10
 3.9267289420053e-10
3.87870235929455e-10
3.83055642760866e-10
3.78229780828576e-10
 3.7339370484446e-10
3.68547914408879e-10
3.63692576055286e-10
3.58829188584764e-10
3.53957696486162e-10
3.49079043449052e-10
3.44194173163004e-10
3.39303030116866e-10
3.34406835555967e-10
3.29506144591818e-10
3.24601401313629e-10
3.19693549410971e-10
3.14782644394995e-10
3.09869740977575e-10
3.04955616314828e-10
3.00040492451359e-10
2.95125146543285e-10
2.90210078190967e-10
2.85296231083976e-10
2.80383882778068e-10
2.75473477362453e-10
2.70566014037854e-10
2.65661714848875e-10
2.60761467973936e-10
2.55865606479944e-10
2.50974740989562e-10
2.46089537636607e-10
2.41210440510287e-10
2.36338226766719e-10
2.31472896405904e-10
2.26615670673169e-10
2.21766660590816e-10
2.16926643314963e-10
 2.1209567435676e-10
2.07275030472687e-10
2.12668938015526e-10
2.19442020110705e-10
2.26137997216824e-10
2.32756369733522e-10
2.39297359705404e-10
2.45760023442898e-10
2.52144749524064e-10
2.58450927326237e-10
 2.6467911196093e-10
2.70827915649363e-10
2.76898115547652e-10
2.82889156544286e-10
2.88801371706171e-10
2.94633872854888e-10
3.00387104079647e-10
3.06060510268935e-10
3.11654757556568e-10
3.17168680208368e-10
3.22603110891606e-10
3.27957494494768e-10
3.33231997551309e-10
3.38426453527774e-10
3.43540640379558e-10
 3.4857489117357e-10
3.53529150398657e-10
3.58403029476762e-10
3.63196972497093e-10
 3.6791047985929e-10
3.72544384230622e-10
3.77097686410366e-10
3.81571219065791e-10
3.85964538107686e-10
3.90278420692169e-10
3.94511867618519e-10
3.98665711554003e-10
4.02739841476318e-10
4.06734479430071e-10
4.10649403370655e-10
4.14485057387282e-10
4.18241274946496e-10
4.21918666670962e-10
4.25516510915713e-10
4.29035917903775e-10
4.32476277012483e-10
4.35838587442561e-10
4.39122016526738e-10
4.42327396932285e-10
4.45454673148049e-10
4.48504566818997e-10
4.51476300789011e-10
4.54370874258814e-10
4.57188176206103e-10
4.59928872764692e-10
 4.6259240882307e-10
4.65179783581959e-10
4.67690663974452e-10
4.70126104712421e-10
4.72485051083993e-10
4.74769168423705e-10
4.76977901620046e-10
4.79112305384888e-10
4.81171380517509e-10
4.83156792352446e-10
4.85067763733582e-10
4.86905626928547e-10
4.88669882336978e-10
 4.9036108507039e-10
4.91979734729142e-10
4.93526386424747e-10
4.95000596067996e-10
4.96403584904215e-10
4.97734908844194e-10
4.98996122200168e-10
 5.0018600372681e-10
5.01306218758657e-10
5.02356545251104e-10
5.03337760360267e-10
5.04249697552694e-10
5.05093300517956e-10
5.05868569256052e-10
5.06576502967704e-10
5.07216602052551e-10
5.07790087755922e-10
5.08297071100117e-10
  5.087381627078e-10
5.09113362578972e-10
5.09423725425506e-10
5.09669029202797e-10
5.09850550667323e-10
5.09967734707573e-10
5.10021858080023e-10
 5.1001314282928e-10
5.09942033044553e-10
5.09808639748144e-10
5.09614239696532e-10
5.09358388800507e-10
5.09042752394606e-10
5.08666497811561e-10
5.08230846296698e-10
5.07736075405774e-10
5.07183128828359e-10
5.06572006564454e-10
5.05903263725571e-10
5.05177510934374e-10
 5.0439558085813e-10
5.03557306963387e-10
5.02663799473169e-10
5.01715113898626e-10
5.00712415973936e-10
4.99655539165644e-10
4.98545260629868e-10
4.97382302011573e-10
4.96167162911121e-10
4.94900065373116e-10
4.93581842064827e-10
4.92212881564313e-10
4.90794183072296e-10
4.89325358010717e-10
4.87807794158357e-10
4.86241602537518e-10
4.85065487776382e-10
 4.8450771172881e-10
4.83894424530007e-10
4.83226569869544e-10
4.82504425303176e-10
4.81728601453568e-10
4.80899375876476e-10
4.80017636750318e-10
4.79083273052794e-10
4.78097728073834e-10
4.77060391190776e-10
4.75972594671248e-10
4.74834449537553e-10
4.73646788456961e-10
4.72409722451772e-10
4.71124084189256e-10
4.69790095714018e-10
4.68408922760233e-10
4.66980287772145e-10
4.65504967905872e-10
4.63983684806379e-10
4.62417104607482e-10
4.60805171798029e-10
4.59148885578742e-10
 4.5744863452768e-10
4.55705251312111e-10
4.53918569398581e-10
4.52089921054721e-10
4.50219139747077e-10
4.48307446720975e-10
4.46354786465264e-10
4.44362047158364e-10
4.42329561867183e-10
4.40258274281291e-10
4.38148128889537e-10
4.36000124892644e-10
 4.3381470637982e-10
4.31592483973731e-10
4.29333568696677e-10
4.27039181793987e-10
4.24709267754508e-10
4.22344992312418e-10
4.19945966889657e-10
4.17513912331913e-10
4.15048329038825e-10
4.12550604789175e-10
4.10020628560659e-10
4.07459344042849e-10
4.04866973280349e-10
4.02244737518487e-10
3.99592248179204e-10
3.96910726507826e-10
3.94200283526658e-10
3.91461973947571e-10
3.88695908792869e-10
3.85902865218668e-10
3.83083120780725e-10
3.80237674679762e-10
3.77366526915779e-10
3.74470565667195e-10
3.71550124000919e-10
3.68606367651125e-10
3.65638797017453e-10
3.62648633345231e-10
3.59636320723666e-10
3.56602358753122e-10
3.53547191522807e-10
3.50471318633083e-10
3.47375350706614e-10
3.44260175921818e-10
3.41125683256394e-10
3.37972649866458e-10
3.34801741885826e-10
3.31613569937161e-10
 3.2840796748701e-10
3.25186544358758e-10
 3.2194863441859e-10
3.18695958512194e-10
3.15427850505756e-10
3.12145753689208e-10
3.08849501529096e-10
3.05540315270747e-10
3.02217806336103e-10
2.98883306992792e-10
2.95536817240816e-10
2.92179114236291e-10
2.88810475534973e-10
2.85431511759526e-10
2.82042500465707e-10
2.78644440854237e-10
2.75237277413964e-10
2.71821842812159e-10
2.68398359093425e-10
2.64967381369274e-10
2.61529742306976e-10
2.58085275373077e-10
2.54634868745995e-10
2.51179133048396e-10
2.47717957257976e-10
 2.4425245159776e-10
2.40782505045445e-10
2.37309061290603e-10
2.33832286866686e-10
2.30352625862906e-10
2.26870522368472e-10
2.23386920072954e-10
2.19901430398295e-10
2.16414997034065e-10
2.12927786513717e-10
2.09440964571428e-10
2.05953698539929e-10
2.02467598242606e-10
1.98982219590249e-10
1.95498783828185e-10
1.92016902378356e-10
1.88537685463785e-10
1.85060966551021e-10
1.81587689329632e-10
1.78117687266166e-10
 1.7465173751674e-10
1.71190006614808e-10
1.67733493761091e-10
1.64281588332926e-10
1.60835511575641e-10
1.57395152466933e-10
  1.541610727962e-10
1.52557633192885e-10
 1.5094742122912e-10
1.49330769971812e-10
1.47707845954415e-10
 1.4607870468808e-10
 1.4451834173812e-10
1.43010325803772e-10
1.41495981598183e-10
1.39975531165959e-10
1.38449141040553e-10
1.36917255311175e-10
1.35379929488977e-10
1.33837330107411e-10
1.32290012277991e-10
1.30737864978414e-10
1.29181110253285e-10
1.27620303214115e-10
1.26055499372058e-10
1.24486587704808e-10
1.22914289857334e-10
1.21338661340786e-10
1.19759813177467e-10
 1.1817791190083e-10
1.16593401600085e-10
1.15006448808685e-10
1.13417053526632e-10
1.11825604331983e-10
1.10232267758192e-10
 1.0863748789447e-10
1.07040987185059e-10
1.05443265230321e-10
1.03844599586012e-10
1.02245045763283e-10
1.00644825806739e-10
9.90441617609861e-11
9.74432201594766e-11
9.58423895802696e-11
9.42415590010626e-11
9.26412835333679e-11
9.10411745991269e-11
8.94422313990617e-11
8.78440098439626e-11
8.62468430007368e-11
8.46510084251406e-11
8.30566171394764e-11
8.14641132329541e-11
7.98733301721199e-11
7.82843789792764e-11
7.66979812993895e-11
7.51138595767031e-11
7.35322358558221e-11
7.19532766702002e-11
 7.0377592642501e-11
6.88045731500608e-11
6.73935351969135e-11
6.96201429839505e-11
7.18219927975383e-11
7.39984185038622e-11
7.61494756140735e-11
7.82756082173819e-11
 8.0375983646519e-11
 8.2451379057602e-11
8.45005176941527e-11
8.65247318238005e-11
8.85230777569745e-11
 9.0495833049431e-11
  9.244255361196e-11
9.43637390449226e-11
9.62591673037139e-11
9.81285608325777e-11
9.99719196315141e-11
1.01789632278582e-10
 1.0358125468457e-10
1.05346953382934e-10
1.07086228773312e-10
1.08799858011821e-10
1.10487452520402e-10
1.12148845765603e-10
1.13783982236271e-10
1.15393306021616e-10
1.16976484054732e-10
1.18533571846768e-10
1.20064347353122e-10
1.21569365685303e-10
1.23048127242953e-10
1.24500854070675e-10
1.25927546168469e-10
1.27328203536337e-10
1.28702937196579e-10
1.30051636126893e-10
1.31374133793827e-10
1.32671151842345e-10
 1.3394185760518e-10
1.35187250283053e-10
1.36406108630638e-10
1.37599820426715e-10
1.38767553004016e-10
1.39909805962901e-10
1.41025913169557e-10
1.42116984847007e-10
1.43182299350286e-10
1.44222411790906e-10
1.45236656035053e-10
1.46225975772296e-10
1.47189926913427e-10
 1.4812873150305e-10
1.49042000963107e-10
1.49930845516622e-10
1.50794432496326e-10
1.51633261502582e-10
1.52446832935027e-10
1.53236145994384e-10
1.54000701080292e-10
1.54740775748508e-10
1.55456092443274e-10
1.56147483831859e-10
1.56814283780449e-10
1.57457158422858e-10
1.58075608158725e-10
 1.5867046565532e-10
1.59241231312279e-10
1.59788626774571e-10
 1.6031159733032e-10
1.60811863825217e-10
1.61288427058537e-10
1.61741620097189e-10
1.62171387430021e-10
1.62578728257756e-10
1.62962532357369e-10
1.63323965463036e-10
1.63662250418639e-10
1.63978275402599e-10
1.64271873881461e-10
1.64543101366377e-10
1.64792013368498e-10
1.65019109488185e-10
1.65224223191984e-10
1.65407743057955e-10
1.65569058463433e-10
1.65709446164897e-10
1.65828406561985e-10
1.65926050677001e-10
1.66002545043398e-10
1.66058444772688e-10
1.66093305775661e-10
1.66107794186132e-10
1.66101465914892e-10
1.66075153629208e-10
1.66028635284476e-10
1.65962243947604e-10
1.65875535529381e-10
1.65769731275134e-10
1.65643998517595e-10
1.65499114412881e-10
1.65334801405237e-10
1.65151836650779e-10
1.64949609526843e-10
1.64729119234153e-10
1.64489477594287e-10
1.64232016874877e-10
1.63956015430955e-10
1.63662250418639e-10
1.63350277748719e-10
1.63020874577313e-10
1.62673874370967e-10
1.62309610196587e-10
 1.6192786000957e-10
1.61529400966032e-10
1.61114066532519e-10
1.60682078753638e-10
1.60233382118236e-10
1.59768809293581e-10
1.59287805168162e-10
1.58791035875794e-10
1.58278223860719e-10
1.57955037938251e-10
1.57770296826953e-10
1.57567348058052e-10
1.57346913276513e-10
1.57108603904277e-10
1.56852975052857e-10
1.56579804677648e-10
1.56289703401313e-10
1.55982449179248e-10
1.55658541611814e-10
1.55317814165556e-10
1.54960766440837e-10
1.54587065370748e-10
1.54197488111407e-10
 1.5379186812936e-10
1.53370482980364e-10
1.52933166130964e-10
1.52480639226127e-10
1.52012680221247e-10
1.51529622183233e-10
1.51031465112084e-10
1.50518819630463e-10
1.49991075115707e-10
1.49449397301993e-10
1.48892842499748e-10
1.48322631954301e-10
1.47738377087592e-10
 1.4714046647768e-10
 1.4652867807996e-10
1.45903622517096e-10
1.45265521833693e-10
1.44614209496297e-10
1.43949852038361e-10
1.43273115593701e-10
 1.4258372260656e-10
1.41882117166148e-10
1.41167744160953e-10
1.40442157903209e-10
1.39704359192194e-10
1.38955125184026e-10
1.38194178322948e-10
 1.3742196269817e-10
1.36638922398902e-10
1.35844946402841e-10
1.35039868176534e-10
1.34224631409552e-10
1.33398736501533e-10
1.32562905097444e-10
1.31716582085772e-10
1.30860988711845e-10
 1.2999512577494e-10
1.29120381053838e-10
1.28235699836665e-10
1.27342358879901e-10
1.26439914094334e-10
1.25528809569175e-10
1.24608712237517e-10
1.23680454766628e-10
1.22743926134206e-10
1.21799348384855e-10
1.20846777029726e-10
1.19886489624577e-10
1.18918708214011e-10
1.17943599331483e-10
1.16961162976992e-10
1.15971676706295e-10
 1.1497552909745e-10
1.13972609128155e-10
1.12962861287258e-10
1.11947340286633e-10
1.10925324481315e-10
1.09897257960512e-10
1.08863473791132e-10
1.07824027484327e-10
1.06779141084701e-10
1.05728981125708e-10
1.04673381073894e-10
1.03613007063075e-10
1.02547859093249e-10
1.01478103697872e-10
 1.0040362985464e-10
9.93251036973675e-11
9.82423031814506e-11
9.71554503514938e-11
 9.6064767252102e-11
9.49705314390314e-11
9.38727984234333e-11
9.27716792276101e-11
9.16672848738642e-11
9.05599484291031e-11
8.94497254044779e-11
8.83370043780474e-11
8.72213412606015e-11
8.61035132082577e-11
8.49834091987134e-11
8.38613067877247e-11
8.27369839306868e-11
8.16111622725657e-11
8.04836197687564e-11
7.93547449973175e-11
7.82239828467368e-11
 7.7092721095795e-11
7.59601270772237e-11
7.48267559025351e-11
7.36923300159731e-11
7.25576265736549e-11
7.14223125086733e-11
7.02867763990866e-11
6.91509072225927e-11
6.80150935572499e-11
6.68794464253608e-11
6.57440768492279e-11
6.46089848288511e-11
6.34743924088355e-11
6.23405216337858e-11
6.12074835260046e-11
6.00751670631894e-11
5.89441828680037e-11
 5.7814142362389e-11
5.66856561690088e-11
5.55583357098044e-11
5.44326805851369e-11
5.33087463061577e-11
 5.2186865939774e-11
5.10665398856247e-11
5.01183539114436e-11
4.95957719337525e-11
4.90708029765585e-11
4.85439466402227e-11
  4.801498088014e-11
4.74842387632179e-11
4.69831951122046e-11
4.64916438680518e-11
4.59980387113035e-11
4.55025461754133e-11
  4.500511074923e-11
4.45057879439048e-11
 4.4004633270589e-11
4.35022018407949e-11
4.29977720095565e-11
4.24921209329909e-11
4.19848600330397e-11
4.14762113543077e-11
4.09662304079461e-11
4.04551392385599e-11
3.99427713126954e-11
3.94295152084112e-11
3.89150378587999e-11
3.83998388642226e-11
3.78833076020157e-11
3.73666098063552e-11
3.68486352542163e-11
3.63302721240188e-11
3.58111873488554e-11
3.52917139956332e-11
3.47716300197476e-11
3.42512684881058e-11
3.37304628672541e-11
3.32093796906463e-11
3.26882410028873e-11
3.21668802705233e-11
3.16454085158568e-11
3.11240477834929e-11
3.06027980734314e-11
3.00814928522186e-11
2.95604096756108e-11
2.90397150770616e-11
2.85191870119661e-11
2.79991030360804e-11
2.74793521271022e-11
2.69603783742411e-11
2.64415156436826e-11
2.59237631361486e-11
2.54062326732196e-11
 2.4889756922164e-11
2.43738362826207e-11
 2.3859025866102e-11
2.33447705610956e-11
2.28317920125676e-11
2.23197016424592e-11
2.20813922702234e-11
2.28053131934303e-11
2.35206853993475e-11
2.42285080886973e-11
  2.492744899385e-11
2.56184518043767e-11
2.63010724310675e-11
2.69756439408297e-11
2.76415557109999e-11
2.82993628530903e-11
2.89486767890423e-11
2.95898305857634e-11
3.02223246428923e-11
3.08465475384878e-11
3.14623327390962e-11
 3.2069846778171e-11
3.26687010776539e-11
3.32591731933007e-11
3.38409855693556e-11
3.44149153619355e-11
3.49797968368648e-11
3.55364071502606e-11
3.60843022129131e-11
3.66242036697884e-11
3.71550012978616e-11
3.76778053201576e-11
3.81917275582566e-11
3.86977117017295e-11
3.91945365052493e-11
3.96831456583868e-11
 4.0163261605386e-11
4.06351063908517e-11
4.10979583698179e-11
4.15528167430068e-11
4.19989043543012e-11
4.24368873375158e-11
4.28660440476847e-11
4.32868185740176e-11
4.36991554053634e-11
4.41034431197806e-11
4.44988490500009e-11
4.48860393298389e-11
4.52649029369923e-11
4.56354398714609e-11
4.59975391109424e-11
4.63513671888904e-11
4.66967020607001e-11
4.70341543490349e-11
4.73629468977776e-11
4.76836348184406e-11
4.79959960664189e-11
4.83004747309224e-11
4.85965157004387e-11
4.88844520418752e-11
 4.9164061710627e-11
4.94360663516602e-11
4.96995222754038e-11
4.99551511268237e-11
5.02025088167102e-11
5.04424835234829e-11
5.06737429795123e-11
 5.0897619452428e-11
 5.1113169252659e-11
5.13213915809274e-11
5.15212317253599e-11
5.17137443978299e-11
5.18979303976153e-11
5.20751775034967e-11
5.22439314032397e-11
5.24055243644739e-11
5.25592347422332e-11
5.27057286703325e-11
5.28442289926545e-11
 5.2975401843014e-11
5.30991917102597e-11
5.32155985943916e-11
5.33244004508049e-11
5.34259858575581e-11
5.35201327700463e-11
5.36074518109331e-11
5.36869992906475e-11
5.37597188987604e-11
5.38251665460621e-11
5.38838973440647e-11
5.39350231143487e-11
5.39795430576362e-11
5.40168465512636e-11
5.40475997290457e-11
5.40713029906215e-11
5.40880673582933e-11
5.40983369212711e-11
5.41019451461011e-11
5.40986699881785e-11
5.40887890032593e-11
5.40723577024949e-11
5.40497091527925e-11
5.40203992649424e-11
5.39845945723982e-11
5.39425726309162e-11
5.38943889516474e-11
 5.3839543934231e-11
5.37789812682377e-11
5.37117572640966e-11
5.36392041894374e-11
5.35598232431767e-11
5.34750577152465e-11
5.33839084049248e-11
5.32873190017824e-11
5.31846233720046e-11
5.30762656048012e-11
5.29621346778697e-11
5.28427857027225e-11
5.27172194786374e-11
 5.2586546228639e-11
5.24500998189126e-11
5.23087684278778e-11
5.21614973436613e-11
5.20091747446827e-11
5.18515230751859e-11
5.16889864243808e-11
5.15209541696038e-11
5.14355225078589e-11
5.13741826857483e-11
 5.1307125215061e-11
5.12343500957968e-11
5.11557463056533e-11
5.10713693557818e-11
5.09814968019384e-11
5.08860176218207e-11
 5.0785042837731e-11
5.06783504050645e-11
5.05666619687872e-11
5.04494224173868e-11
5.03266317508633e-11
5.01989005918801e-11
5.00657293400764e-11
4.99278396404179e-11
4.97843988256363e-11
4.96361285406977e-11
4.94827512298457e-11
4.93248220045928e-11
4.91613971753679e-11
4.89938090098008e-11
4.88208917737154e-11
4.86438112012877e-11
4.84616791140979e-11
4.82752171571121e-11
4.80840367522717e-11
4.78885819887864e-11
4.76885753109002e-11
4.74841832520667e-11
4.72755723457396e-11
4.70628536142215e-11
4.68456384794536e-11
4.66245375640995e-11
4.63991067789493e-11
4.61699567466667e-11
4.59367544003442e-11
4.56997217845867e-11
4.54585258324869e-11
4.52141657447669e-11
4.49654757872509e-11
4.47135106718122e-11
4.44576597757873e-11
4.41984782106886e-11
4.39356329096086e-11
4.36696234729084e-11
4.33998392779245e-11
4.31272240142277e-11
 4.2851000525701e-11
4.25717239238566e-11
4.22891166529382e-11
4.20038448467608e-11
4.17151868603582e-11
4.14235312717892e-11
4.11291556368099e-11
4.08318934219665e-11
4.05318001384103e-11
 4.0229042319595e-11
3.99234534320669e-11
3.96153665427335e-11
3.93046706292921e-11
3.89915322251966e-11
3.86758403081444e-11
 3.8357927945043e-11
3.80373510466825e-11
3.77148867691801e-11
3.73898689787211e-11
3.70630748314227e-11
3.67337826823189e-11
3.64026031540732e-11
3.60692031797782e-11
3.57343599155513e-11
3.53971851829726e-11
3.50584006270083e-11
3.47175621584483e-11
3.43755024445613e-11
3.40312777957763e-11
3.36857208793617e-11
 3.3338443117259e-11
3.29897775763754e-11
3.26395577232574e-11
3.22881166248123e-11
3.19350657029815e-11
 3.1581126602731e-11
3.12254666567924e-11
3.08689740435852e-11
3.05111491627486e-11
3.01524916146434e-11
2.97925017989087e-11
2.94317348270567e-11
2.90699686544826e-11
2.87074253257913e-11
2.83438272852266e-11
2.79797296443007e-11
 2.7614688313804e-11
2.72492028940974e-11
2.68829403182735e-11
2.65161781420886e-11
2.61486388097865e-11
2.57812104997868e-11
2.54127274779137e-11
2.50441889448894e-11
2.46750953003527e-11
2.43061681892698e-11
2.39366304555233e-11
2.35669816994744e-11
 2.3196999876518e-11
2.28274066316203e-11
2.24573692975127e-11
2.20875540080101e-11
2.17175166739025e-11
2.13478679178536e-11
2.09781081395022e-11
2.06086814280582e-11