 0.00804909481398397
  0.0080823408957964
   0.007831131644079
 0.00743967555691971
 0.00697891636599124
 0.00645981498185033
 0.00596127897277421
 0.00559060452360205
 0.00530015708357079
 0.00507205122013699
 0.00490117711327998
 0.00477666401407073
 0.00468383966175434
 0.00460619213221902
 0.00453737507595342
 0.00447145658732062
 0.00440534509621937
 0.00433556838946858
 0.00425949022271699
  0.0041786397372866
 0.00409361994380708
 0.00400507404037798
 0.00391374592077931
 0.00382111995625023
 0.00372852390414768
 0.00367727283930874
 0.00364689296439669
 0.00365610669705652
 0.00367847407397659
 0.00363496731111046
 0.00366713551118003
 0.00367607453050123
 0.00361800805000334
 0.00366635466719634
 0.00365723533295625
 0.00359043185137853
 0.00362668344652317
 0.00358916352185623
 0.00350839280754722
 0.00350456235533902
 0.00341895784168256
 0.00328332018013966
 0.00329001192563161
 0.00338693959942393
 0.00349068086166571
 0.00359673133085392
 0.00369928658760366
 0.00379167184702167
 0.00386706216089416
  0.0039187921863405
 0.00394172118352076
 0.00393297139533955
 0.00389229576248817
 0.00390735777665885
 0.00396055879577217
 0.00397980823507338
 0.00396682113884028
 0.00392362786018352
 0.00385226398464134
 0.00375458586666999
 0.00377326892455998
 0.00379332081140626
 0.00377327874423938
 0.00371436130045399
 0.00361995833092432
 0.00354171001548365
 0.00356531511571878
 0.00355164912412165
 0.00350934729220975
 0.00344992427834845
 0.00338715772601805
 0.00344858510751545
 0.00353114290873235
 0.00362758789377071
 0.00374641031130518
 0.00388341580760843
 0.00401347631476934
 0.00425253917326596
 0.00442466262174257
 0.00446948304781225
 0.00449905735198786
 0.00450738503858572
 0.00438228083727976
 0.00424431362621636
 0.00416677876328198
 0.00402094153988464
  0.0038185204093254
 0.00373988617945265
 0.00362976739122056
 0.00345439169421158
 0.00331056998348411
 0.00316397980987515
 0.00279558803153734
 0.00243481387157674
 0.00202281340075761
  0.0020050008492245
 0.00198571892461719
 0.00196475319563993
 0.00194499467095866
 0.00244786557614785
 0.00272120067579573
 0.00273932549412415
 0.00266456648322888
 0.00258380058365337
 0.00242601847300261
 0.00234009393319456
 0.00226748586499048
 0.00215449241364318
 0.00216706395675553
 0.00220458591632594
  0.0022358226040789
 0.00227413479043714
 0.00235046715701875
 0.00241761109446537
 0.00247401392134527
 0.00251985294037332
 0.00255473023071906
 0.00257842499901256
 0.00259088016672715
 0.00259218696859398
 0.00258256948862634
 0.00256237047003816
 0.00253203898520432
 0.00249212009717609
 0.00244324630154819
 0.00238601124860915
 0.00232101973560939
 0.00224950659333606
 0.00217237490794564
  0.0020905686212474
 0.00200505553153912
   0.001916804288981
 0.00182675487610867
 0.00173578310112554
 0.00167633671867656
 0.00167696021253333
 0.00168284310840955
 0.00169150274875068
 0.00170063486760158
 0.00170936312619774
 0.00171682130161438
 0.00172199533414624
 0.00172441686645386
 0.00172332331757852
 0.00171804520079682
 0.00170805802527074
 0.00171768137750206
 0.00175988783699277
  0.0017956267345326
 0.00182174587972916
 0.00183824086290374
 0.00184530008459494
 0.00184492535229774
 0.00184164268369458
  0.0018299264436531
 0.00181025402010826
 0.00178311510011631
 0.00174900489394203
 0.00170841966142432
 0.00166185600432611
 0.00163215958019819
 0.00166004913827072
 0.00167201618410912
 0.00169467181570016
 0.00173010768921561
 0.00174974944113604
  0.0017561722169494
 0.00180244441280675
 0.00183300882461318
 0.00184640182162199
 0.00187722253859152
 0.00192164649690241
 0.00194872686139552
 0.00195696221435526
  0.0020114624989131
 0.00205435616679961
 0.00207774229032293
 0.00208334685727896
 0.00214149254156809
  0.0021797782654579
 0.00221197402902901
 0.00239375039577772
 0.00269470713103959
 0.00299684782392523
 0.00329314421828802
 0.00357538820156422
 0.00383421610757506
 0.00405913877125214
 0.00423864776783733
 0.00436024250785505
 0.00441045861474021
 0.00437488125384139
 0.00457648805623267
 0.00526559063120724
 0.00602911153341468
 0.00675082132901689
 0.00729119473557316
 0.00763602245390516
 0.00782502748389363
 0.00787669625656667
  0.0078365414262298
 0.00772100097232187
 0.00753618707592041
 0.00728237974478058
 0.00695730184035376
 0.00655805967832856
 0.00608203601786095
 0.00552711419216811
 0.00574886940806046
 0.00634549822980213
 0.00697814686357118
 0.00754585372146171
 0.00787619155905162
 0.00793374970818944
 0.00779948187911744
 0.00753260108039949
 0.00718656589423977
 0.00680100131631856
 0.00639138977296566
 0.00596518946067037
  0.0055264573689604
 0.00507816295463737
  0.0046231228663286
 0.00416423442386693
 0.00370442745827043
 0.00365740329783121
 0.00378702143450066
 0.00390112550477889
 0.00400057584578817
 0.00408597195030669
 0.00415770037401753
 0.00421557197625499
 0.00422905864675438
 0.00415590928711823
 0.00399701477667197
 0.00377961724559517
  0.0035280431572316
 0.00325967687786305
 0.00298560504868228
  0.0027117793807151
 0.00243933118224959
  0.0021744933602344
 0.00191832590815122
 0.00167126508306592
  0.0014702054646254
  0.0014667477689706
 0.00145586572782042
 0.00143715099746178
  0.0014292980566234
 0.00141594372934817
 0.00139334309809402
 0.00136451447362018
  0.0013492901196368
 0.00132631311089249
 0.00129589091698923
 0.00128341468580362
 0.00126470192432537
  0.0012382060524917
 0.00122911605771758
 0.00129779480904357
 0.00144981368885677
 0.00160154259703915
 0.00175362449679328
 0.00190674739270541
 0.00206167185711836
 0.00221926781657894
 0.00238056377198309
 0.00254681333679668
 0.00271958674339262
  0.0029000081231545
 0.00308883686457784
 0.00329168534602919
 0.00349023293060324
 0.00364998597935406
 0.00375646431440219
 0.00381045038515138
 0.00381475109947499
 0.00377290159975374
 0.00368914934142728
 0.00356858928388637
 0.00341714266848653
 0.00324135095792122
 0.00304803166266959
 0.00284386584026225
 0.00266270140117936
 0.00288801052476323
 0.00309759318645997
  0.0032910529698475
 0.00346941495547287
 0.00363486730312734
 0.00379049672614001
 0.00394007271829033
 0.00408792512572492
 0.00423895205490604
 0.00439879677142258
  0.0045740414152412
 0.00473948538663993
 0.00483287882139971
 0.00483700388867642
 0.00475786092558161
 0.00460519611833088
 0.00439018152389598
 0.00412507636644033
 0.00382305033155189
 0.00349765581720696
 0.00316201534338595
 0.00282793614929136
  0.0025051657205874
 0.00220093538682933
 0.00193394540231895
 0.00194040660378147
 0.00192914698105628
 0.00194575519056239
 0.00196359452332917
  0.0019643747455258
 0.00194743281619469
 0.00191248934817645
 0.00193865622265121
 0.00198353603801699
 0.00209112261428468
 0.00218085224219083
 0.00224905757042843
 0.00229256643471376
 0.00231651338134847
 0.00281500470981844
 0.00330661117727876
 0.00378153903132983
 0.00422958698985348
 0.00464023058746332
 0.00500260761581395
 0.00530541217337044
 0.00553671626171748
 0.00568373771449959
 0.00573256379120329
 0.00566782572473534
 0.00547230571803992
 0.00608876124183227
 0.00704112196110823
 0.00808719726200618
 0.00900609829956822
 0.00960248383957701
 0.00991734711685466
  0.0100206713567916
  0.0099636451799614
 0.00980155527983317
 0.00954529328115744
 0.00919099197767542
 0.00872787451920237
 0.00814221059686232
 0.00741866659708634
  0.0076005962527681
 0.00869335376801317
 0.00980983827369047
  0.0106342081416047
  0.0109967137717695
  0.0110248346181229
  0.0107980094541175
  0.0104350591344671
 0.00998055174768581
 0.00944501525595143
 0.00882496942273003
 0.00811173803490273
 0.00729497732256079
 0.00736238657417898
 0.00831700398641488
 0.00931590110758024
  0.0100916079506753
   0.010434283719793
  0.0104303448267262
  0.0101930482302773
 0.00980361510502675
 0.00933760293076275
 0.00881593858015162
 0.00824279809224066
 0.00761559099638304
 0.00692957260846117
 0.00617936955211917
 0.00667648738344467
 0.00739681781045182
 0.00816122473061009
 0.00879789956538818
 0.00911064383559479
 0.00911770713083471
 0.00892685457817405
 0.00859646774100531
 0.00819184972796239
 0.00775106743516757
 0.00728559524083033
 0.00679853968721389
 0.00628969751119468
 0.00575786100678793
 0.00520161364725835
 0.00504667680206755
 0.00546023550114344
  0.0058878346084118
 0.00633493260733264
 0.00677999119382061
 0.00709466014675819
 0.00718496673793245
 0.00709290970696408
 0.00688429750216007
  0.0066093145581933
 0.00628051392171097
 0.00593664973622371
 0.00558760295215766
 0.00523767664552427
 0.00488855385094011
 0.00454084799086146
 0.00419483654118047
 0.00385074655968953
 0.00350882767297306
  0.0031930928889996
 0.00332565214360681
 0.00345164863396619
 0.00357240042314511
 0.00368900493931973
 0.00380237592202848
 0.00391327694913779
 0.00402235118203759
 0.00412577012481152
 0.00418404385914062
 0.00416049114335376
 0.00406382014326995
 0.00391608227483753
 0.00373697226932368
 0.00354107005415155
 0.00333813507674874
 0.00313424835563253
 0.00292815642655375
 0.00272629721763046
 0.00253082881211014
 0.00234229178757844
 0.00216089432535077
 0.00198667003777819
 0.00181956175020764
 0.00165946333087236
  0.0015062386841832
 0.00135972925730726
 0.00121975642309152
 0.00108612206301589
0.000958608915123005
0.000836981296867989
0.000720986336527674
0.000610355640350169
0.000550085549907098
0.000540075445641497
0.000531079925705114
0.000523044498918823
0.000515905213945067
0.000509593421798127
0.000504039274754842
0.000499174213718701
0.000494932658024805
 0.00049125307498421
0.000488078573200545
0.000485357134668518
0.000483041576020082
0.000544694002013513
0.000611311736066711
0.000677313474993224
0.000742932772202609
0.000808387809232702
0.000873880965990392
0.000939598722384749
 0.00100571193054255
 0.00107237649376002
 0.00113973448477739
 0.00120791573249523
 0.00127703990372408
 0.00134721910590757
 0.00141856103921129
 0.00149117273330351
 0.00156516491731096
  0.0016406570929744
 0.00171778341369416
 0.00179669951969341
 0.00187759054705011
 0.00196068062331983
 0.00204624429583911
 0.00213462052722158
 0.00222623016167178
 0.00232159815583721
 0.00242138244339951
 0.00252641216832594
 0.00263773935217765
 0.00275530478502722
 0.00288005322067192
 0.00301639974874401
 0.00315328091223188
 0.00326459051581962
 0.00333631332454609
 0.00336917514332247
 0.00336578701230772
 0.00332934827133535
 0.00326337182868314
 0.00317168138797036
 0.00305839303168809
 0.00292782554766247
 0.00278434917741499
 0.00263220187436836
 0.00247530434445853
 0.00231710009306568
 0.00226697095226958
 0.00242543601448858
 0.00257492799276382
 0.00271606993579993
 0.00285003840065801
 0.00297844237062383
 0.00310322393475732
 0.00322659383027657
 0.00335101173100949
 0.00347922002180312
  0.0036143418786031
 0.00376006130081974
  0.0039208557414942
 0.00407428230892737
 0.00418243639860588
 0.00422709888793116
 0.00421069050774986
 0.00413880695598606
 0.00401821421141152
 0.00385640387293207
 0.00366147416809348
   0.003441913280746
 0.00320623617199539
 0.00296253773731731
 0.00271805234738554
 0.00247879903058479
 0.00260827368129579
 0.00277962240619606
 0.00293281740966578
 0.00307015203425565
 0.00319470185623033
 0.00331000864051723
 0.00341985442122839
 0.00352814275769903
 0.00363889285499264
  0.0037563496715971
  0.0038852208126639
 0.00400744676282005
 0.00408666123450152
 0.00410423438920099
 0.00406369708615467
    0.00397169353019
 0.00383573000238746
 0.00366371379497005
 0.00346385293150331
 0.00324446780270565
 0.00301367462558888
 0.00277900687857369
 0.00254705886139939
 0.00232321876380032
 0.00211152872773457
 0.00203482300605573
 0.00213199765431005
 0.00221151168045158
 0.00227570394834814
  0.0023271451948812
   0.002368403271516
 0.00240188339910669
 0.00242973696803023
 0.00245382606456346
  0.0024757288573577
 0.00249677188467756
 0.00251807782861085
 0.00254062052816928
 0.00256528211670598
 0.00259290994644285
  0.0026231491593372
 0.00265618451346938
 0.00269545266688354
 0.00273681267578268
 0.00276225401091762
 0.00275828243757076
 0.00272697159288959
 0.00267248454522534
 0.00259895705569818
 0.00251020237654914
 0.00240975307494951
 0.00230090594386312
 0.00218672025541744
 0.00206998246040729
   0.001953159181659
 0.00183835568228963
  0.0017272901765043
  0.0016212882979168
 0.00152129749753827
 0.00142791819065952
 0.00134144693653571
 0.00126192652835905
 0.00118919826158509
 0.00112295251484007
 0.00109654767333034
 0.00112368030109633
 0.00114795426723985
 0.00116991796675814
 0.00119005275360945
 0.00120877164785638
 0.00122642208647089
 0.00124329129784301
 0.00125961315681089
 0.00127557565134206
 0.00129132834008033
 0.00130698938976692
 0.00132265194921333
 0.00133838974363676
 0.00135426186434368
 0.00137031679004335
 0.00138659571371513
 0.00140313526892855
 0.00141996975688735
 0.00143713297454312
 0.00145465973821851
 0.00147258718884224
 0.00149095595598708
 0.00150981124970923
 0.00152920394264944
 0.00154919170055628
 0.00156984021786905
 0.00159122461663574
 0.00161343107238832
 0.00163655874030294
 0.00166072207006723
 0.00168605361977142
 0.00171270751006725
 0.00173974052603498
 0.00176812723436859
 0.00179852259962665
 0.00183122698990207
 0.00186659944634832
 0.00190507139146212
 0.00194616162008432
 0.00198144692757041
 0.00200134995253631
 0.00200517150064256
   0.001994893022156
 0.00197255460339307
 0.00193996567874544
  0.0018987439760984
  0.0018503843769816
 0.00179629797942116
 0.00173782266930472
 0.00167621607551194
  0.0016126404831765
 0.00154814634738043
 0.00148365849633397
 0.00141996719452536
 0.00135772486946761
 0.00129744837506796
 0.00123952607505784
 0.00118422870557011
 0.00113172285354596
 0.00108208591205894
 0.00103532149644209
0.000991374485066088
0.000950145052182549
 0.00091150126219175
0.000875289977643967
0.000863028163120505
0.000876134949009455
0.000887774703828115
0.000898112285201424
0.000907293041527479
0.000915443726310583
0.000922673895515702
0.000929077580416326
0.000934735075534043
0.000939714723604046
0.000944074615738089
0.000947864154685785
0.000951125452485158
 0.00095389455139544
 0.00095620246960143
0.000958076081618464
 0.00095953884844735
0.000960611415135315
0.000961312094137745
0.000961657252374126
0.000961661618529341
0.000961338525368671
 0.00096070009986321
0.000959757411920503
0.000958520590651712
0.000956998915395746
0.000955200887254093
0.000953134285631929
   0.000950806213249
0.000948223132248627
0.000945390893375864
0.000942314759688923
0.000938999425872333
0.000935449033950042
0.000931667185971541
0.000927656954111677
0.000923420888511328
0.000918961023127551
 0.00091427887981077
0.000909375470801832
0.000904251299827408
0.000898906361956886
0.000893340142387122
0.000887551614306703
0.000881539235999873
0.000875300947339508
0.000868834165815624
0.000862135782251583
0.000855202156336443
0.000848029112127446
0.000840611933639268
0.000832945360672577
0.000824685715967111
0.000816157954548591
0.000807391669491397
0.000798379067363353
 0.00078911177403812
0.000779580801734236
0.000769776561897806
0.000759688881450504
0.000749307017149647
0.000738619668704699
0.000727614992109216
0.000716280614490195
0.000704603651572655
0.000692570728737518
0.000680168006598258
0.000667381212021312
0.000654195675557245
0.000640596376291436
0.000626567995200888
0.000612094978156119
  0.0005971616097869
0.000581675926216718
0.000564944250218746
0.000546302289771539
0.000525901742964074
0.000504096956714772
0.000481199633770191
0.000457459282424522
0.000433075330597055
0.000408210526637476
0.000383000308142367
0.000357558710548489
0.000331982057444502
0.000306351369671942
0.000280734074813493
0.000255185350423126
0.000229749281615843
0.000204459924384559
0.000179342315608066
0.000154413443463841
0.000129683178283768
0.000105155158032166
9.38171253767051e-05
9.36561312295248e-05
9.36622861248404e-05
9.38068020308602e-05
 9.4059299044047e-05
9.43882083408454e-05
9.47610974858515e-05
9.51449277754035e-05
0.000108016675684663
 0.00013117928313805
0.000154318275315757
0.000177457991667962
0.000200623004300904
0.000223838012714361
0.000247127769411826
0.000270517032766704
0.000294030543916302
0.000317693024804222
0.000341529194876289
0.000365563804261393
0.000389821681603286
0.000414327795001668
0.000439107324789134
 0.00046418574712237
 0.00048958892758505
0.000515343224202769
0.000541368448525981
0.000566858283967298
0.000590925574878332
 0.00061347665629119
0.000634640048383206
0.000654543222031401
0.000673285362030929
0.000690942120517068
0.000707573911304715
0.000723231954216697
0.000737961952016197
0.000751806158048152
 0.00076480447536581
0.000776995001524117
0.000788414266971849
0.000799097311924901
0.000809077685438919
0.000818387414240285
0.000827056967354634
 0.00083511522976476
0.000842589490811285
0.000849505448758336
0.000855887230652608
0.000861757425508036
0.000867137128457707
0.000872045993529746
0.000876502292922243
0.000880517272720149
 0.00088368141467593
 0.00088641516021426
0.000888733138997344
0.000890648618167567
0.000892173975528765
0.000893320774852657
0.000894099827165873
0.000894521247964741
 0.00089459451668028
  0.0008943285375137
0.000893731700561229
0.000892811942369898
  0.0008915768053252
0.000890033495432319
0.000888188938131362
0.000886049831840874
0.000883622698947206
0.000880913933973937
0.000877929848677794
0.000874676713834011
0.000871160797475623
 0.00086738839938133
0.000863365881610956
0.000859099694921261
0.000854596400916507
0.000849862689818015
0.000844905393774631
0.000839731495668294
0.000834348133412877
0.000828762599782595
0.000822982337850831
0.000817014932161519
0.000810868095803885
0.000804549653592834
0.000798067521614654
0.000791429683420219
 0.00078464416319779
0.000777718996281707
0.000770662197388361
0.000763481726994031
0.000756185456289193
0.000748781131161225
0.000741276335662511
0.000733678455437259
0.000725994641558425
0.000718231775243938
0.000710396433885374
0.000702494858819347
0.000694532925238855
0.000686516114619673
0.000678449489991628
0.000670337674362032
 0.00066218483253988
0.000653994656578227
0.000645770354993414
0.000637514645879245
  0.0006292297539785
0.000620917411721322
0.000612578864201685
0.000604214877994225
0.000595825753688051
0.000587411341951949
0.000578971062917266
0.000570503928615684
 0.00056200856818478
0.000553483255524179
0.000544925939052199
0.000536334273212924
0.000527705651350352
 0.00052101974936164
0.000526060059307276
 0.00053114211421329
0.000536266773261462
0.000541434692832132
0.000546646332235112
0.000551901960988033
0.000557201667539531
0.000562545369313217
0.000567932823944739
0.000573363641574232
0.000578837298052359
0.000584353148911365
0.000589910443956343
0.000595508342328244
0.000601145927895785
0.000606822224837211
0.000612536213278947
0.000618286844867089
0.000624073058157482
0.000629893793714142
0.000635748008831705
0.000641634691789461
0.000647552875576662
0.000653501651025845
0.000659480179313165
 0.00066548770379582
0.000671523561162957
0.000677587191897755
0.000683678150052824
0.000689796112353369
0.000695940886654478
0.000702112419785128
0.000708310804824919
0.000714536287856005
0.000720789274255118
0.000727070334578639
0.000733380210113432
0.000739719818160178
0.000746090257119802
0.000752492811463223
0.000758928956654858
0.000765400364112656
0.000771908906276153
0.000778456661869154
0.000785045921424365
0.000791679193159478
0.000798359209272903
0.000805088932742393
0.000811871564705469
0.000818710552496993
0.000824837798290456
0.000828397890427324
0.000828507016820801
0.000825708873027076
 0.00082061654182225
 0.00081374044133431
0.000805478033864993
0.000796138097779953
0.000785963805981338
0.000775149687450849
0.000763853423603411
0.000752204097094755
0.000740308097844367
0.000728253470188067
0.000716113199005886
0.000703947755509637
0.000691807114019671
 0.00067973238200103
0.000667757140816017
0.000655908564978047
0.000644208367771182
0.000632673607608603
0.000621317380300412
0.000610149416094441
0.000599176595981188
 0.00058840339870303
0.000577832287738334
0.000567464045956367
0.000557298064476075
0.000547332591360028
0.000537418783495835
0.000527680613756298
0.000518140679330703
0.000508794360070564
0.000499636673113313
0.000490662384358742
0.000481866086891769
  0.0004732422649254
0.000464785346761032
0.000456489748485556
0.000448349909640489
0.000440360321983413
0.000432515552350909
0.000424810260546582
0.000417239213051757
0.000409797293278003
0.000402479508958664
0.000395280997211922
0.000388197027715032
0.000381223004372933
0.000374354465788596
0.000367587084809495
0.000360916667362599
0.000354339150759553
0.000347850601622846
0.000341447213548063
0.000335125304602057
0.000328881314732854
0.000322711803149855
0.000316613445726199
0.000310583032451017
0.000304617464968626
0.000298713754213364
0.000292869018161834
0.000287080479704271
  0.0002813454646442
0.000275661399821492
0.000270025811363483
0.000264436323053452
0.000258890654815547
0.000253386621304474
0.000247922130594602
0.000242495182957603
0.000237103869714594
0.000231746372157782
0.000226420960524498
0.000221125993013271
0.000215859914829863
0.000210621257249743
0.000205408636685722
0.000200220753746372
0.000195056392275794
0.000189914418361081
0.000184793779297032
0.000179693502499301
0.000174612694353704
0.000169550538996088
0.000164506297013478
0.000159479304061128
0.000154468969389143
0.000149474774277403
0.000144496270373051
0.000139533077932019
0.000134584883960787
0.000129651440267109
0.000124732561412932
0.000119828122580878
0.000114938057355296
0.000110062355424712
0.000105201060213889
0.000100354266451719
9.55221176838772e-05
 9.0704803740127e-05
8.59025581643746e-05
8.11156556200232e-05
7.63444092770627e-05
7.15891681961622e-05
6.68503147146504e-05
6.21282618491481e-05
5.74234507214055e-05
5.27363480202769e-05
4.80674435051065e-05
4.34172475617944e-05
3.87862888189261e-05
3.41751118319578e-05
2.95842748379571e-05
2.50143475946096e-05
2.22966488380716e-05
2.22769341952644e-05
2.22525069677459e-05
2.22232926300192e-05
2.21892273644109e-05
2.21502575230015e-05
2.21063390907772e-05
2.20574371489479e-05
2.20035253457596e-05
2.19445853760769e-05
2.37061073102285e-05
2.79790416392589e-05
3.22234290718315e-05
 3.6438713964082e-05
4.06243504399995e-05
 4.4779803096584e-05
4.89045476378402e-05
5.29980714406575e-05
5.70598740572414e-05
6.10894676583151e-05
6.50863774233623e-05
6.90501418794676e-05
7.29803131963025e-05
7.68764574381464e-05
 8.0738154781268e-05
8.45649996963904e-05
8.83566011022352e-05
9.21125824938085e-05
9.58325820474837e-05
9.95162527073767e-05
0.000103163262252626
0.000106773293353735
0.000110346043613263
0.000113881225598189
0.000117378566863779
0.000120837809968632
0.000124258712484671
0.000127641047003246
 0.00013098460113431
0.000134289177503522
0.000137554593746703
0.000140780682498731
0.000143967291381664
0.000147114282990801
0.000150221534874317
0.000153288939514606
0.000156316404303969
0.000159303851518355
0.000162251218288945
 0.00016515845657078
0.000168025533109351
0.000170852429404678
0.000173639141674897
0.000176385680817293
0.000179092072370879
0.000181758356477324
0.000184384587845421
0.000186970835714784
0.000189517183825649
0.000192023730390678
 0.00019449058807347
0.000196917883970915
0.000199305759604473
0.000201654370918403
0.000203963888284586
0.000206234496516855
0.000208466394891915
0.000210659797178769
0.000212814931672467
0.000214932041234461
0.000217011383332966
0.000219053230086252
0.000221057868299013
0.000223025599493554
0.000224956739928783
 0.00022685162060071
0.000228710587221848
0.000230534000170091
0.000232322234403171
0.000234075679328316
 0.00023579473862323
0.000237479829998555
 0.00023913138489462
0.000240749848105626
0.000242335677321792
  0.0002438893425869
0.000245411325658418
0.000246902119271919
0.000248362226297927
0.000249792158791895
0.000251192436934111
0.000252563587854471
0.000253906144347449
0.000255220643475718
0.000256507625063851
0.000257767630090389
0.000259001198982534
0.000260208869821699
0.000261391176467618
0.000262548646615957
 0.00026368179979841
0.000264791145339005
0.000265877180286311
0.000266940387330161
0.000267981232725978
0.000269000164241195
0.000269997609142814
0.000270973972243016
0.000271929634022727
0.000272864948848872
0.000273780243305433
0.000274675814650127
0.000275551929419471
0.000276408822188157
 0.00027724669450413
0.000278065714003795
 0.00027886601372118
0.000279647691600271
0.000280410810209908
0.000281155396674893
 0.00028188144281488
0.000282588905502146
0.000283277707224305
0.000283947736859302
0.000284598850646134
 0.00028523087335186
0.000285843599620694
0.000286436795493838
 0.00028701020008981
 0.00028756352742848
0.000288096468385846
0.000288597201589302
0.000289042025572783
0.000289465778651243
0.000289868108018065
0.000290248658788739
 0.00029060706516254
0.000290942952755668
0.000291255941300361
0.000291545647349067
0.000291811686817689
0.000292053677368842
0.000292271240655007
0.000292464004431892
 0.00029263160454357
0.000292773686783154
0.000292889908626082
0.000292979940827165
0.000293043468888587
 0.00029308019438673
0.000293089836159277
 0.00029307213135199
 0.00029302683632193
0.000292953727400014
 0.00029285260151235
0.000292723276664575
 0.00029256559229035
 0.00029237940946969
0.000292164611020884
0.000291921101471582
0.000291648806915512
 0.00029134767476019
0.000291017673373806
0.000290658791636256
0.000290271038403955
0.000289854441894943
0.000289409049001099
0.000288934924534356
0.000288432150419016
0.000287900824830711
 0.00028734106129219
0.000286752987737282
0.000286136745539511
 0.00028549248852322
0.000284820381954376
 0.00028412060152111
0.000283393332310478
0.000282638767780063
0.000281857108738848
0.000281048562331354
0.000280213341038726
0.000279351661690241
0.000278463744498469
0.000277549812112587
0.000276610088698337
0.000275644799041908
0.000274654167684185
0.000273638418083755
0.000272597771810212
0.000271532447771894
0.000270442661473469
0.000269328624310117
0.000268190542893898
  0.0002670286184141
 0.00026575492861175
 0.00026418423758906
0.000262242180286421
0.000259982954279647
 0.00025746367271251
0.000254731082691473
0.000251821815684505
0.000248765106792226
0.000245585048318453
0.000242302098150848
0.000238934025742765
0.000235496498572352
0.000232003451703156
0.000228467330017634
0.000224899256942024
0.000221309161278993
0.000217705880328378
0.000214097249475076
0.000210490183722323
0.000206890753931321
0.000203304259022596
0.000199735294590664
0.000196187817995797
0.000192665209832688
0.000189170331656663
0.000185705579863582
0.000182272935683958
0.000178874011310004
0.000175510092226494
0.000172182175868452
0.000168891006764371
0.000165637108346717
0.000162420811632091
0.000159242280985628
0.000156101537179265
0.000152998477963351
0.000149932896357063
0.000146904496860112
0.000143912909777055
0.000140957703835543
0.000138038397265061
0.000135154467496235
 0.00013230535962333
0.000129490493762208
0.000126709271429493
0.000123961081046731
0.000121245302676543
0.000118561312076826
0.000115908484156102
0.000113286195903506
0.000110693828856145
 0.00010813077116717
 0.00010559641932073
0.000103090179543019
0.000100611468950906
9.81597164699255e-05
9.57343635588637e-05
 9.3334864763539e-05
9.09606881274172e-05
8.86113154796031e-05
8.62862426170841e-05
8.39849793993208e-05
8.17070497703964e-05
7.94519917143299e-05
7.72193571642599e-05
7.50087118643883e-05
7.28196351995058e-05
7.06517199943746e-05
6.85045722920719e-05
6.63778111128499e-05
6.42710682000058e-05
6.21839877545938e-05
6.01162261633092e-05
5.80674517209889e-05
5.60373443491691e-05
5.40255953145885e-05
5.20319069470809e-05
5.00559923567456e-05
4.80975751571688e-05
4.61563891873129e-05
4.42321782381794e-05
4.23246957839685e-05
4.04337047165693e-05
3.85589770842687e-05
 3.6700293834957e-05
3.48574445652727e-05
3.30302272719685e-05
3.12184481107147e-05
 2.9421921157069e-05
2.76404681756048e-05
 2.5873918388597e-05
2.41221082551424e-05
2.23848812493377e-05
 2.0662087647505e-05
1.89535843160837e-05
1.72592345052403e-05
1.55789076473623e-05
1.39124791574963e-05
1.22598302391141e-05
1.06208476936542e-05
8.99542373128392e-06
7.38345578921162e-06
5.78484634905507e-06
5.63092041688806e-06
5.85547264070341e-06
6.07833845361894e-06
6.29932973955638e-06
6.51826341363515e-06
6.73496138381413e-06
6.94925051519801e-06
 7.1609625947322e-06
8.01532240601865e-06
9.48472347317431e-06
1.09415544380376e-05
1.23858653107156e-05
1.38177031505649e-05
1.52371122118522e-05
1.66441340863077e-05
 1.8038807844456e-05
1.94211701730618e-05
2.07912555127976e-05
2.21490961939685e-05
2.34947225676296e-05
2.48281631380909e-05
2.61494446912036e-05
 2.7458592421481e-05
2.87556300568315e-05
3.00405799818493e-05
3.13134633573853e-05
3.25743002396739e-05
3.38231096957964e-05
3.50599099176452e-05
3.62847183312254e-05
3.74975517068443e-05
3.86984262630841e-05
3.98873577692194e-05
4.10643616454154e-05
4.22294530575407e-05
 4.3382647010759e-05
4.45239584384027e-05
 4.5653402287904e-05
4.67709936013971e-05
4.78767475949327e-05
4.89706797308642e-05
5.00528057889027e-05
5.11231419292879e-05
5.21817047549056e-05
5.32285113662989e-05
5.42635794141821e-05
  5.528692714446e-05
5.62985734415822e-05
5.72985378631818e-05
5.82868406735493e-05
5.92635028703881e-05
6.02285462047991e-05
6.11819931993218e-05
 6.2123867160091e-05
 6.3054192182499e-05
6.39729931529165e-05
6.48802957481931e-05
6.57761264264423e-05
 6.6660512415162e-05
6.75334816976902e-05
6.83950629912222e-05
6.92452857244397e-05
7.00841800114205e-05
7.09117766211076e-05
7.17281069462228e-05
 7.2533202967795e-05
7.33270972201883e-05
 7.4109822754409e-05
7.48814130991371e-05
7.56419022246435e-05
7.63913245048764e-05
7.71297146818783e-05
 7.7857107831647e-05
7.85735393326603e-05
7.92790448384539e-05
7.99736602521417e-05
8.06574217070977e-05
8.13303655524678e-05
8.19925283430112e-05
8.26439468375462e-05
8.32846580018365e-05
8.39146990200268e-05
8.45341073130168e-05
8.51429205635523e-05
8.57411767500871e-05
8.63289141878609e-05
8.69061715777497e-05
8.74729880590008e-05
8.80294032743478e-05
8.85754574330155e-05
8.91111913864928e-05
8.96366467000864e-05
9.01518657343003e-05
 9.0656891720664e-05
9.11517688408359e-05
9.16365423027088e-05
9.21112584099104e-05
9.25759646289159e-05
9.30307096440597e-05
9.34755434047196e-05
9.39105171587906e-05
9.43356834715026e-05
9.47510962290843e-05
9.51568106211664e-05
9.55528831051988e-05
9.59393713478862e-05
9.63163341423656e-05
9.66838313017915e-05
9.70419235273301e-05
9.73906722480655e-05
9.77301394369245e-05
  9.806038739818e-05
9.83814785299741e-05
9.86934750605295e-05
9.89964387623221e-05
9.92904306414966e-05
9.95755106084073e-05
9.98517371293417e-05
 0.00010011916686492
0.000100377854291622
0.000100627851319701
0.000100869206901277
0.000101101966639927
0.000101326172399607
0.000101541861921961
0.000101749068452173
0.000101947820381365
 0.00010213814090404
0.000102320047701054
0.000102493552647354
0.000102658661547628
 0.00010281537390805
0.000102963682740598
0.000103103574408625
0.000103235028510229
0.000103358017807476
0.000103472508196534
0.000103578458724607
0.000103675821651494
0.000103764542558338
0.000103844560498167
0.000103915808194355
0.000103978212280254
0.000104031693580753
0.000104076167431855
 0.00010411154403972
0.000104137728870746
 0.00010415462307567
0.000104162123938878
0.000104160125354191
0.000104148518318858
0.000104127191447367
0.000104096031496637
0.000104054923899866
0.000104003753307491
 0.00010394240412831
0.000103870761069991
0.000103788709671981
0.000103696136830922
0.000103592931313679
0.000103478984254446
0.000103354189634475
 0.00010321844474126
0.000103071650603914
0.000102907624231541
0.000102699494381686
0.000102426818640422
   0.000102095043577
0.000101712936871501
0.000101287933230887
0.000100825787409886
0.000100330961973871
 9.9807018534348e-05
9.92568953370743e-05
9.86830870722821e-05
9.80877590269214e-05
9.74728202429165e-05
9.68399716855806e-05
9.61907392626471e-05
9.55264976258419e-05
9.48484883128708e-05
9.41578343418015e-05
9.34555525012315e-05
9.27425640642743e-05
9.20197043410842e-05
9.12877313157812e-05
 9.0547333503499e-05
8.97991371144324e-05
8.90437125822818e-05
8.82815804980064e-05
8.75132169873005e-05
8.67390585669314e-05
8.59595065146324e-05
 8.5174930785803e-05
8.43856735164294e-05
8.35920521412015e-05
8.27943621649618e-05
8.19928796174652e-05
 8.1187863222143e-05
8.03795563099063e-05
7.95681885024657e-05
7.87539771897605e-05
7.79371288277542e-05
  7.711784007286e-05
7.62962987745919e-05
7.54726848432585e-05
7.46471710041385e-05
7.38199234599501e-05
7.29911024640595e-05
7.21608628213022e-05
7.13293543245785e-05
7.04967221354935e-05
6.96631071157583e-05
6.88286461169585e-05
6.79934722335185e-05
6.71577150258562e-05
 6.6321500713451e-05
6.54849523484269e-05
6.46481899664875e-05
6.38113307223631e-05
6.29744890104367e-05
6.21377765717135e-05
6.13013025937414e-05
6.04651737968753e-05
5.96294945166553e-05
5.87943667785251e-05
5.79598903664991e-05
 5.7126162888943e-05
5.62932798376936e-05
5.54613346469557e-05
5.46304187480362e-05
5.38006216200815e-05
5.29720308430348e-05
5.21447321428226e-05
5.13188094418693e-05
5.04943449022854e-05
4.96714189718306e-05
4.88501104264905e-05
4.80304964139977e-05
4.72126524944105e-05
4.63966526824677e-05
4.55825694863909e-05
4.47704739477417e-05
4.39604356807788e-05
4.31525229085961e-05
4.23468025028129e-05
 4.1543340018213e-05
4.07421997293822e-05
3.99434446661795e-05
3.91471366470997e-05
3.83533363145228e-05
3.75621031660223e-05
3.67734955885601e-05
3.59875708879631e-05
3.52043853210082e-05
3.44239941250102e-05
3.36464515469648e-05
 3.2871810871915e-05
3.21001244508179e-05
3.13314437262457e-05
3.05658192607527e-05
2.98033007593013e-05
2.90439370948525e-05
 2.8287776332292e-05
2.75348657500785e-05
2.67852518633926e-05
2.60389804430661e-05
2.52960965382298e-05
2.45566444936896e-05
2.38206679692987e-05
2.30882099582219e-05
2.23593128016453e-05
2.16340182075947e-05
  2.091236726387e-05
2.01944004540877e-05
1.94801576697823e-05
1.87696782246172e-05
1.80630008653759e-05
1.73601637841747e-05
 1.6661204627566e-05
1.59661605079742e-05
1.52750680113556e-05
1.45879632060808e-05
 1.3904881650928e-05
1.32258584006895e-05
1.25509280137215e-05
 1.1880124557051e-05
1.12134816108167e-05
1.05510322734315e-05
9.89280916402491e-06
9.23884442771694e-06
8.58916973578427e-06
7.94381628843599e-06
7.30281481786665e-06
6.66619558692405e-06
6.03398839094105e-06
5.40622255762457e-06
 4.7829269469446e-06
4.16412994913573e-06
 3.5498594856409e-06
2.94014300528112e-06
2.72413225588242e-06
2.66801549347884e-06
2.61205094237438e-06
2.55623896711077e-06
2.50058001838305e-06
2.44507463392774e-06
2.38972343896693e-06
2.33452714476501e-06
2.33808329802576e-06
2.90085570653353e-06
3.45880405921983e-06
4.01190679261143e-06
4.56014285959983e-06
 5.1034917347148e-06
5.64193341828778e-06
6.17544844222495e-06
6.70401787566943e-06
7.22762332933113e-06
7.74624696103787e-06
8.25987148239671e-06
8.76848016401199e-06
9.27205684014831e-06
9.77058591644653e-06
1.02640523752529e-05
1.07524417816696e-05
1.12357402895502e-05
1.17139346491602e-05
1.21870122123391e-05
1.26549609402171e-05
1.31177694098761e-05
1.35754268213439e-05
1.40279230048113e-05
1.44752484284028e-05
1.49173942057268e-05
 1.5354352103758e-05
1.57861145511085e-05
1.62126746469649e-05
1.66340261690823e-05
1.70501635832765e-05
1.74610820539156e-05
1.78667774516916e-05
1.82672463659994e-05
1.86624861138185e-05
  1.905249475187e-05
1.94372710873858e-05
  1.981681469021e-05
2.01911259051224e-05
2.05602058633292e-05
2.09240564967295e-05
 2.1282680549517e-05
2.16360815923355e-05
2.19842640352685e-05
2.23272331409952e-05
2.26649950387792e-05
2.29975567352936e-05
2.33249261299417e-05
2.36471120249604e-05
2.39641241364663e-05
2.42759731061137e-05
2.45826705080887e-05
2.48842288576023e-05
  2.518066161733e-05
 2.5471983199632e-05
2.57582089693842e-05
2.60393552422022e-05
2.63154392815546e-05
2.65864792912684e-05
2.68524944058157e-05
2.71135046766013e-05
2.73695310550881e-05
2.76205953705921e-05
2.78667203063021e-05
2.81079293680819e-05
2.83442468513861e-05
2.85756978030682e-05
 2.8802307978637e-05
 2.9024103793629e-05
2.92411122745917e-05
2.94533610016856e-05
2.96608780505081e-05
  2.986369192709e-05
3.00618315036694e-05
3.02553259474148e-05
3.04442046480391e-05
3.06284971441362e-05
3.08082330466308e-05
3.09834419604527e-05
3.11541534070425e-05
3.13203967455267e-05
3.14822010951121e-05
3.16395952579263e-05
3.17926076430775e-05
3.19412661947682e-05
3.20855983206303e-05
3.22256308260549e-05
 3.2361389850355e-05
3.24929008081454e-05
3.26201883360522e-05
3.27432762438074e-05
3.28621874717272e-05
3.29769440544636e-05
3.30875670900843e-05
3.31940767159256e-05
 3.3296492093049e-05
3.33948313929189e-05
3.34891117976244e-05
3.35793494999348e-05
3.36655597148461e-05
 3.3747756695679e-05
3.38259537571162e-05
3.39001633039571e-05
3.39703968658678e-05
3.40366651378488e-05
3.40989780256984e-05
 3.4157344695529e-05
3.42117736286673e-05
 3.4262272678609e-05
3.43088491336907e-05
3.43515097797065e-05
3.43902609675206e-05
3.44251086795699e-05
3.44560586008069e-05
3.44831161875891e-05
3.45062867384005e-05
3.45255754642948e-05
3.45409875576741e-05
3.45525282619552e-05
3.45602029372394e-05
3.45640171268147e-05
3.45639766197725e-05
3.45600875114038e-05
3.45523562621519e-05
3.45407897514582e-05
3.45253953313862e-05
3.45061808735836e-05
3.44831548160784e-05
3.44563262046904e-05
3.44257047308894e-05
3.43913007673224e-05
3.43531253976792e-05
3.43111904458904e-05
3.42655084989985e-05
3.42160929277524e-05
3.41629579041491e-05
3.41061184153113e-05
3.40455902742565e-05
3.39813901272246e-05
3.39135354589515e-05
 3.3842044594723e-05
 3.3766936700208e-05
3.36882317772957e-05
3.36059506614861e-05
3.35201150122311e-05
3.34307473051076e-05
3.33378708217147e-05
3.32415096359617e-05
3.31416886009683e-05
3.30384333341316e-05
3.29317702015275e-05
3.28217262991481e-05
3.27083294376918e-05
3.25916081211908e-05
 3.2471591529859e-05
 3.2348309499608e-05
3.22217925025625e-05
 3.2092071626133e-05
3.19591785531426e-05
3.18231455415097e-05
3.16840054033207e-05
3.15417914836802e-05
 3.1396537642836e-05
3.12482782326429e-05
3.10970480790762e-05
3.09428824614155e-05
 3.0785817092982e-05
3.06258881019872e-05
3.04631320122151e-05
3.02975857257026e-05
3.01292865030334e-05
2.99582719468505e-05
2.97845799839824e-05
2.96082488481786e-05
 2.9429317064511e-05
2.92478234316107e-05
2.90638070071791e-05
2.88773070921677e-05
2.86883632156787e-05
2.84970151203101e-05
2.83033027473345e-05
2.81072662245418e-05
2.79089458503634e-05
2.77083820823254e-05
2.75056155235598e-05
2.73006869099257e-05
2.70936370991848e-05
2.68845070566792e-05
2.66733378467277e-05
2.64601706186918e-05
2.62450465973729e-05
 2.6028007072243e-05
2.58090933862309e-05
2.55883469261753e-05
2.53658091129982e-05
2.51415213914363e-05
 2.4915525220659e-05
2.46878620655533e-05
2.44585733877867e-05
 2.4227700636259e-05
 2.3995285239331e-05
 2.3761368595665e-05
2.35259920675635e-05
2.32891969715876e-05
2.30510245713966e-05
2.28115160704756e-05
2.25707126044195e-05
2.23286552341051e-05
2.20853849387526e-05
2.18409426079313e-05
2.15953690379522e-05
2.13487049214867e-05
2.11009908449022e-05
2.08522672792699e-05
2.06025745767557e-05
2.03519529630714e-05
2.01004425334217e-05
 1.9848083245122e-05
1.95949149143781e-05
1.93409772092368e-05
 1.9086309646088e-05
1.88309515833929e-05
1.85749422180748e-05
1.83183205799131e-05
 1.8061125527935e-05
1.78033957450308e-05
1.75451697345674e-05
1.72864858154487e-05
1.70273821190614e-05
1.67678965839468e-05
  1.650806695358e-05
1.62479307710961e-05
1.59875253764041e-05
1.57268879028005e-05
1.54660552731389e-05
1.52050641965551e-05
1.49439511650251e-05
1.46827524505344e-05
 1.4421504101414e-05
1.41602419395648e-05
1.38990015572937e-05
1.36378183149821e-05
1.33767273367558e-05
1.31157635091528e-05
1.28549614774043e-05
1.25943556432695e-05
1.23339801614275e-05
1.20738689379229e-05
1.18140556266688e-05
1.15545736278366e-05
1.12954560839151e-05
1.10367358777119e-05
1.07784456308546e-05
1.05206176997941e-05
1.02632841741945e-05
1.00064768741581e-05
9.75022734733821e-06
9.49456686782923e-06
9.23952643222536e-06
8.98513675778867e-06
8.73142828028417e-06
 8.4784311508157e-06
8.22617523393854e-06
 7.9746901052169e-06
7.72400504828186e-06
7.47414905244437e-06
7.22515081064135e-06
6.97703871649358e-06
6.72984086130812e-06
6.48358503319013e-06
6.23829871176929e-06
5.99400906814429e-06
5.75074296110811e-06
5.50852693448345e-06
5.26738721345898e-06
5.02734970475593e-06
4.78843999002221e-06
4.55068332627651e-06
4.31410464107884e-06
4.07872853086522e-06
3.84457925717285e-06
3.61168074403118e-06
3.38005657524176e-06
3.14972999104768e-06
 2.9207238853024e-06
2.69306080252774e-06
2.46676293469417e-06
 2.2418521174461e-06
2.01834982876958e-06
1.79627718416286e-06
1.57565493430489e-06
 1.3565034618912e-06
1.13884277808118e-06
9.65005851671918e-07
9.39992703619108e-07
9.15039990667665e-07
8.90151446775178e-07
8.65330769816985e-07
8.40581620142888e-07
8.15907620688172e-07
7.91312355863383e-07
7.66799371276772e-07
9.51639793411729e-07
1.15169029929474e-06
1.35003994455873e-06
1.54667381541129e-06
1.74157740934211e-06
1.93473663706589e-06
2.12613782407667e-06
2.31576771286823e-06
2.50361346543215e-06
2.68966266320225e-06
2.87390331021875e-06
3.05632383279519e-06
3.23691308140583e-06
3.41566033146279e-06
3.59255528348257e-06
3.76758806303057e-06
3.94074922238641e-06
4.11202973826796e-06
4.28142101355222e-06
4.44891487433319e-06
4.61450357119864e-06
4.77817977639905e-06
 4.9399365837921e-06
5.09976750517893e-06
 5.2576664701931e-06
 5.4136278232475e-06
5.56764632003715e-06
5.71971712703956e-06
5.86983581524203e-06
6.01799836003059e-06
6.16420113436211e-06
6.30844090759863e-06
6.45071483923454e-06
6.59102047612103e-06
6.72935574624889e-06
6.86571895475163e-06
 7.0001087791316e-06
7.13252426259858e-06
7.26296480996202e-06
7.39143018074762e-06
7.51792048414579e-06
7.64243617185079e-06
7.76497803389731e-06
7.88554718916812e-06
8.00414508222991e-06
8.12077347367435e-06
8.23543443606578e-06
8.34813034567006e-06
 8.4588638752936e-06
8.56763798889881e-06
8.67445593283334e-06
8.77932123077851e-06
8.88223767481211e-06
8.98320932019026e-06
9.08224047779793e-06
9.17933570587781e-06
9.27449980581141e-06
9.36773781357036e-06
9.45905499283306e-06
9.54845682937799e-06
9.63594902353426e-06
9.72153748479698e-06
9.80522832477737e-06
 9.8870278509855e-06
9.96694256089059e-06
1.00449791362589e-05
1.01211444367699e-05
1.01954454951314e-05
1.02678895106401e-05
1.03384838449627e-05
1.04072360161966e-05
 1.0474153693929e-05
1.05392446944075e-05
1.06025169763213e-05
1.06639786362495e-05
1.07236379029985e-05
 1.0781503135826e-05
1.08375828180574e-05
1.08918855552531e-05
1.09444200701025e-05
1.09951951995924e-05
1.10442198916205e-05
1.10915032018322e-05
1.11370542905664e-05
1.11808824190818e-05
1.12229969492228e-05
1.12634073377027e-05
1.13021231362698e-05
1.13391539876551e-05
1.13745096241846e-05
1.14081998655036e-05
1.14402346161335e-05
1.14706238645845e-05
1.14993776801908e-05
1.15265062129999e-05
1.15520196907193e-05
1.15759284176065e-05
1.15982427737471e-05
1.16189732128347e-05
1.16381302608382e-05
1.16557245147253e-05
1.16717666427957e-05
1.16862673805729e-05
1.16992375321368e-05
 1.1710687967903e-05
1.17206296240679e-05
 1.1729073501332e-05
1.17360306632341e-05
1.17415122369291e-05
1.17455294099678e-05
1.17480934312408e-05
1.17492156088694e-05
1.17489073095389e-05
1.17471799581104e-05
1.17440450356776e-05
1.17395140794008e-05
1.17335986811185e-05
1.17263104869036e-05
1.17176611950098e-05
1.17076625566481e-05
1.16963263728231e-05
1.16836644953877e-05
1.16696888244894e-05
1.16544113084038e-05
1.16378439420362e-05
1.16199987661436e-05
1.16008878659479e-05
 1.1580523370025e-05
 1.1558917449972e-05
1.15360823174093e-05
 1.1512030225258e-05
1.14867734645752e-05
1.14603243636657e-05
1.14326952882493e-05
1.14038986382958e-05
1.13739468479146e-05
1.13428523840775e-05
1.13106277442876e-05
1.12772854567456e-05
1.12428380779073e-05
 1.1207298191318e-05
1.11706784070575e-05
1.11329913584091e-05
1.10942497034139e-05
1.10544661200973e-05
 1.1013653308245e-05
1.09718239854617e-05
1.09289908871713e-05
1.08851667645626e-05
1.08403643837574e-05
1.07945965230338e-05
1.07478759730495e-05
1.07002155342317e-05
1.06516280155011e-05
1.06021262329947e-05
1.05517230090113e-05
1.05004311691803e-05
1.04482635422398e-05
1.03952329583157e-05
1.03413522471452e-05
1.02866342367447e-05
1.02310917519666e-05
1.01747376128891e-05
1.01175846341506e-05
1.00596456219515e-05
1.00009333741102e-05
9.94146067784252e-06
 9.8812403089843e-06
9.82028502966026e-06
 9.7586075875622e-06
9.69622071467224e-06
9.63313712531999e-06
9.56936951534981e-06
9.50493056062207e-06
9.43983291523676e-06
9.37408921175553e-06
9.30771205714942e-06
9.24071403490823e-06
9.17310770054414e-06
9.10490558309052e-06
9.03612018221533e-06
8.96676396727747e-06
8.89684937660506e-06
8.82638881621878e-06
8.75539465811093e-06
8.68387924018998e-06
8.61185486406013e-06
8.53933379491023e-06
8.46632825940441e-06
8.39285044612614e-06
8.31891250291372e-06
8.24452653719332e-06
8.16970461381405e-06
8.09445875571413e-06
 8.0188009413118e-06
 7.9427431046164e-06
7.86629713378506e-06
7.78947487112269e-06
7.71228811091706e-06
7.63474859988289e-06
7.55686803549649e-06
7.47865806588477e-06
7.40013028838193e-06
  7.321296249585e-06
7.24216744379946e-06
7.16275531270627e-06
7.08307124502872e-06
7.00312657508917e-06
6.92293258314214e-06
6.84250049365343e-06
6.76184147596626e-06
6.68096664191431e-06
6.59988704765357e-06
6.51861369055373e-06
6.43715751019736e-06
 6.3555293883244e-06
6.27374014605664e-06
6.19180054595159e-06
6.10972128978204e-06
6.02751301881366e-06
5.94518631286123e-06
5.86275169067729e-06
 5.7802196083423e-06
5.69760045965317e-06
5.61490457573477e-06
5.53214222343001e-06
5.44932360663219e-06
5.36645886467513e-06
5.28355807183356e-06
5.20063123793379e-06
5.11768830696591e-06
5.03473915697272e-06
4.95179360016085e-06
4.86886138145737e-06
4.78595217906497e-06
4.70307560396233e-06
4.62024119857185e-06
4.53745843803643e-06
4.45473672805452e-06
4.37208540554623e-06
4.28951373876441e-06
4.20703092463004e-06
4.12464609123031e-06
4.04236829554261e-06
 3.9602065237121e-06
3.87816969021904e-06
3.79626663771226e-06
3.71450613717572e-06
3.63289688626312e-06
3.55144751040815e-06
3.47016656049304e-06
3.38906251451387e-06
 3.3081437755822e-06
3.22741867209153e-06
 3.1468954577174e-06
3.06658230986301e-06
2.98648733021434e-06
2.90661854385199e-06
2.82698389869607e-06
2.74759126556168e-06
2.66844843721525e-06
2.58956312781944e-06
2.51094297298859e-06
2.43259552895614e-06
2.35452827229699e-06
2.27674859926141e-06
2.19926382533098e-06
2.12208118499646e-06
2.04520783059214e-06
  1.968650833295e-06
1.89241718079325e-06
1.81651377817449e-06
1.74094744692654e-06
1.66572492482642e-06
1.59085286466354e-06
1.51633783501692e-06
1.44218631864534e-06
1.36840471326449e-06
   1.29499932916e-06
1.22197639146338e-06
1.14934203748751e-06
1.07710231722624e-06
1.00526319296579e-06
9.33830539062708e-07
8.62810140722647e-07
7.92207695166081e-07
7.22028809185815e-07
6.52279000978861e-07
5.82963698203542e-07
5.14088238479093e-07
4.45657869496685e-07
3.77677747243066e-07
3.10152937166297e-07
2.97840673679772e-07
2.90724320561875e-07
2.83624351227196e-07
2.76541470223268e-07
2.69476376268951e-07
2.62429763198124e-07
2.55402319349063e-07
2.48394727841994e-07
 2.7629084997649e-07
3.39004115224029e-07
4.01212411904606e-07
4.62911780740871e-07
5.24098354159896e-07
5.84768358014021e-07
6.44918110304094e-07
7.04544021956632e-07
 7.6364259576911e-07
8.22210427631198e-07
8.80244205025971e-07
9.37740707751544e-07
9.94696807810058e-07
1.05110946846398e-06
1.10697574479124e-06
1.16229278318558e-06
1.21705782096804e-06
1.27126818616485e-06
1.32492129806261e-06
1.37801466493226e-06
1.43054588591651e-06
1.48251264930899e-06
1.53391273260972e-06
1.58474400219211e-06
1.63500441308084e-06
 1.6846920077862e-06
1.73380491680364e-06
1.78234135767008e-06
1.83029963490844e-06
1.87767813869533e-06
1.92447534536067e-06
1.97068981655502e-06
 2.0163201983614e-06
2.06136522140632e-06
2.10582369986057e-06
2.14969453082858e-06
2.19297669473706e-06
2.23566925289242e-06
2.27777134903517e-06
2.31928220739697e-06
2.36020113264512e-06
2.40052750888342e-06
  2.440260799208e-06
2.47940054587392e-06
2.51794636790814e-06
2.55589796266387e-06
2.59325510293396e-06
2.63001763856074e-06
2.66618549366049e-06
2.70175866762257e-06
 2.7367372337217e-06
2.77112133817425e-06
2.80491120052684e-06
2.83810711171339e-06
2.87070943438827e-06
2.90271860148295e-06
2.93413511648355e-06
2.96495955165454e-06
2.99519254820524e-06
3.02483481517957e-06
3.05388712917853e-06
3.08235033297244e-06
3.11022533588945e-06
 3.1375131118172e-06
3.16421469970241e-06
 3.1903312023851e-06
3.21586378565497e-06
3.24081367808482e-06
3.26518217047544e-06
3.28897061357969e-06
3.31218042060044e-06
3.33481306258321e-06
3.35687007124719e-06
3.37835303598766e-06
3.39926360481968e-06
3.41960348176906e-06
3.43937442848219e-06
3.45857826183904e-06
3.47721685389768e-06
3.49529213167221e-06
3.51280607541193e-06
3.52976071882338e-06
3.54615814829318e-06
3.56200050155575e-06
3.57728996824846e-06
3.59202878780218e-06
3.60621925027393e-06
 3.6198636942375e-06
3.63296450717199e-06
3.64552412446262e-06
3.65754502884563e-06
3.66902974985317e-06
3.67998086209242e-06
3.69040098657791e-06
3.70029278845552e-06
3.70965897683595e-06
3.71850230440618e-06
3.72682556648574e-06
3.73463160108223e-06
 3.7419232862268e-06
3.74870354230561e-06
3.75497532867364e-06
3.76074164526452e-06
3.76600553003703e-06
3.77077005953019e-06
3.77503834808612e-06
3.77881354679532e-06
3.78209884294156e-06
3.78489745983535e-06
 3.7872126557037e-06
3.78904772330158e-06
3.79040598846858e-06
3.79129081146123e-06
3.79170558401087e-06
3.79165373037837e-06
3.79113870535575e-06
3.79016399537635e-06
3.78873311568384e-06
3.78684961188647e-06
 3.7845170575701e-06
3.78173905529744e-06
3.77851923399897e-06
3.77486125024973e-06
3.77076878643745e-06
3.76624555081806e-06
3.76129527629443e-06
3.75592172036088e-06
3.75012866399294e-06
3.74391991142531e-06
3.73729928904165e-06
3.73027064570763e-06
3.72283785071703e-06
 3.7150047941803e-06
3.70677538691355e-06
3.69815355794056e-06
 3.6891432556585e-06
3.67974844650565e-06
3.66997311440631e-06
3.65982126016018e-06
3.64929690122029e-06
3.63840406980565e-06
3.62714681417797e-06
3.61552919658781e-06
3.60355529321899e-06
3.59122919374455e-06
3.57855500021653e-06
3.56553682662186e-06
3.55217879899339e-06
3.53848505407761e-06
3.52445973861304e-06
3.51010700916365e-06
3.49543103173033e-06
3.48043598069614e-06
 3.4651260382712e-06
3.44950539443722e-06
3.43357824589274e-06
3.41734879533151e-06
3.40082125144248e-06
3.38399982852122e-06
3.36688874402746e-06
3.34949222147163e-06
3.33181448602948e-06
3.31385976715115e-06
3.29563229639618e-06
 3.2771363062678e-06
3.25837603215584e-06
3.23935570900602e-06
3.22007957304082e-06
3.20055185937251e-06
3.18077680311335e-06
3.16075863787679e-06
3.14050159538892e-06
 3.1200099052664e-06
3.09928779457236e-06
3.07833948665071e-06
 3.0571692016812e-06
3.03578115506964e-06
3.01417955816952e-06
2.99236861667218e-06
2.97035253093991e-06
2.94813549511774e-06
 2.9257216968559e-06
2.90311531669918e-06
2.88032052797593e-06
2.85734149607642e-06
 2.8341823775091e-06
2.81084732101089e-06
2.78734046554874e-06
2.76366594026412e-06
2.73982786452853e-06
2.71583034772149e-06
2.69167748762067e-06
2.66737337129008e-06
2.64292207347028e-06
2.61832765768855e-06
2.59359417453808e-06
2.56872566184452e-06
2.54372614422183e-06
2.51859963285028e-06
2.49335012492136e-06
2.46798160319361e-06
2.44249803593721e-06
2.41690337632328e-06
2.39120156186878e-06
2.36539651471412e-06
2.33949214106799e-06
2.31349233054123e-06
 2.2874009557583e-06
2.26122187241273e-06
2.23495891921166e-06
 2.2086159168766e-06
2.18219666797692e-06
2.15570495692985e-06
2.12914454961188e-06
2.10251919258164e-06
2.07583261369049e-06
2.04908852080576e-06
2.02229060231041e-06
 1.9954425264368e-06
1.96854794048962e-06
1.94161047234465e-06
1.91463372778422e-06
1.88762129155196e-06
1.86057672774131e-06
1.83350357779721e-06
1.80640536179277e-06
 1.7792855768195e-06
1.75214769848608e-06
1.72499517914204e-06
1.69783144782221e-06
1.67065991119042e-06
1.64348395159664e-06
1.61630692846471e-06
1.58913217646051e-06
1.56196300699074e-06
 1.5348027064821e-06
1.50765453721391e-06
1.48052173620794e-06
1.45340751611656e-06
1.42631506366842e-06
1.39924754072318e-06
1.37220808343885e-06
1.34519980171666e-06
1.31822578053331e-06
1.29128907705445e-06
1.26439272368772e-06
1.23753972541829e-06
1.21073306047492e-06
1.18397568044104e-06
1.15727050986614e-06
1.13062044593271e-06
1.10402835817869e-06
1.07749708921911e-06
1.05102945302527e-06
1.02462823631244e-06
9.98296197929349e-07
9.72036067858895e-07
9.45850548272897e-07
9.19742312643912e-07
8.93714005967272e-07
8.67768244650069e-07
8.41907615845017e-07
 8.1613467828312e-07
7.90451960774874e-07
7.64861963820085e-07
7.39367157831516e-07
  7.139699841896e-07
6.88672854909367e-07
6.63478151863295e-07
6.38388227613973e-07
6.13405404359391e-07
5.88531974987649e-07
5.63770202133274e-07
5.39122318399254e-07
5.14590525746428e-07
4.90176996770231e-07
4.65883872924344e-07
4.41713266075006e-07
4.17667256835674e-07
3.93747896287877e-07
3.69957203760762e-07
3.46297169329102e-07
3.22769751703866e-07
2.99376878731827e-07
2.76120447895156e-07
2.53002326200402e-07
2.30024349623381e-07
2.07188323164686e-07
 1.8449602134929e-07
1.61949187893473e-07
1.39549535371764e-07
1.17298745938577e-07
9.91478237288845e-08
9.67457296496832e-08
9.43494933292044e-08
9.19593735604352e-08
8.95756261942715e-08
8.71985046391188e-08
8.48282594723138e-08
 8.2465138329102e-08
8.01093864577496e-08
 9.6673671401426e-08
1.17184763448464e-07
1.37529208910081e-07
1.57705724701529e-07
1.77713058491236e-07
1.97549988478762e-07
2.17215322839692e-07
2.36707900280742e-07
2.56026589928737e-07
2.75170290331417e-07
2.94137930900717e-07
3.12928470469487e-07
3.31540897791083e-07
3.49974231927952e-07
 3.6822752080834e-07
3.86299842836113e-07
4.04190305447472e-07
4.21898045332991e-07
4.39422228937225e-07
4.56762051848081e-07
4.73916738352731e-07
4.90885542103747e-07
  5.076677451199e-07
 5.2426265939598e-07
5.40669623905199e-07
5.56888006819634e-07
5.72917205177159e-07
5.88756643160604e-07
6.04405774262684e-07
6.19864078565957e-07
6.35131065296335e-07
6.50206270491616e-07
6.65089257667617e-07
6.79779618262266e-07
6.94276970136798e-07
7.08580959296601e-07
7.22691257337704e-07
 7.3660756344518e-07
7.50329603449451e-07
7.63857128660561e-07
7.77189917811061e-07
7.90327774724542e-07
8.03270529536881e-07
8.16018038141131e-07
8.28570181854449e-07
8.40926867251568e-07
8.53088026164794e-07
8.65053615517475e-07
8.76823616824396e-07
8.88398036524851e-07
8.99776905149974e-07
9.10960277711315e-07
 9.2194823309022e-07
9.32740874093341e-07
9.43338327230592e-07
 9.5374074232657e-07
9.63948292520556e-07
9.73961174211002e-07
9.83779606444912e-07
9.93403830806816e-07
1.00283411152979e-06
1.01207073538445e-06
1.02111401029115e-06
1.02996426698532e-06
1.03862185674153e-06
 1.0470871539825e-06
1.05536055167166e-06
1.06344246675327e-06
1.07133333454579e-06
1.07903361235007e-06
1.08654377684037e-06
1.09386432567415e-06
1.10099577577127e-06
1.10793866370251e-06
1.11469354635574e-06
1.12126099860443e-06
1.12764161547263e-06
 1.1338360101365e-06
  1.139844814535e-06
1.14566867842614e-06
1.15130827110788e-06
1.15676427803191e-06
1.16203740369025e-06
1.16712836911725e-06
1.17203791322185e-06
 1.1767667915108e-06
1.18131577625524e-06
1.18568565671273e-06
1.18987723790598e-06
1.19389134112247e-06
1.19772880396996e-06
1.20139047887768e-06
1.20487723420659e-06
1.20818995330563e-06
1.21132953478931e-06
1.21429689153851e-06
1.21709295092254e-06
 1.2197186553542e-06
1.22217496001387e-06
1.22446283506994e-06
1.22658326318081e-06
1.22853724165983e-06
1.23032577936666e-06
 1.2319498993163e-06
1.23341063662519e-06
1.23470903878875e-06
1.23584616579242e-06
1.23682308922346e-06
1.23764089271505e-06
1.23830067139119e-06
1.23880353142258e-06
1.23915059008217e-06
1.23934297546757e-06
1.23938182683414e-06
1.23926829281862e-06
1.23900353293793e-06
1.23858871647897e-06
1.23802502222103e-06
 1.2373136388244e-06
1.23645576355358e-06
1.23545260344304e-06
1.23430537357638e-06
1.23301529847408e-06
1.23158361015063e-06
1.23001154950231e-06
1.22830036480837e-06
1.22645131223065e-06
1.22446565564704e-06
1.22234466576332e-06
1.22008962077924e-06
1.21770180527836e-06
1.21518251083863e-06
1.21253303536628e-06
1.20975468265172e-06
1.20684876309118e-06
 1.2038165920214e-06
1.20065949105186e-06
1.19737878689907e-06
1.19397581116454e-06
1.19045190088984e-06
1.18680839727991e-06
1.18304664670221e-06
1.17916799896589e-06
1.17517380876508e-06
 1.1710654346242e-06
1.16684423823177e-06
1.16251158549519e-06
1.15806884520842e-06
1.15351738944058e-06
1.14885859298086e-06
1.14409383344949e-06
1.13922449113124e-06
1.13425194853134e-06
1.12917759037545e-06
1.12400280338765e-06
1.11872897573528e-06
1.11335749775066e-06
1.10788976065423e-06
1.10232715699876e-06
1.09667108072475e-06
1.09092292632784e-06
 1.0850840890253e-06
1.07915596408992e-06
1.07313994834879e-06
 1.0670374375743e-06
1.06084982787191e-06
1.05457851540258e-06
1.04822489555012e-06
1.04179036364282e-06
1.03527631412081e-06
1.02868414003643e-06
 1.0220152343865e-06
1.01527098800291e-06
  1.008452791329e-06
1.00156203231005e-06
9.94600097781184e-07
9.87568372745606e-07
9.80468240319166e-07
9.73301080953171e-07
9.66068273267062e-07
9.58771193160235e-07
9.51411214367148e-07
9.43989707513637e-07
9.36508040061401e-07
9.28967577584761e-07
9.21369680995099e-07
9.13715709260909e-07
9.06007016521215e-07
8.98244955027661e-07
8.90430871369752e-07
8.82566110083083e-07
  8.746520104852e-07
8.66689908340934e-07
8.58681134807693e-07
8.50627017046079e-07
8.42528877775806e-07
 8.3438803427649e-07
8.26205800330548e-07
 8.1798348355866e-07
8.09722387806744e-07
8.01423810758983e-07
7.93089045658668e-07
7.84719379642862e-07
7.76316095074669e-07
7.67880468710569e-07
7.59413771034279e-07
7.50917267255957e-07
7.42392216646071e-07
7.33839872257835e-07
7.25261481482331e-07
7.16658284771743e-07
7.08031516860608e-07
6.99382405933147e-07
6.90712173678776e-07
6.82022034681484e-07
6.73313198140679e-07
6.64586864929095e-07
6.55844229813241e-07
6.47086480842773e-07
 6.3831479824028e-07
6.29530356011099e-07
 6.2073431966736e-07
6.11927848559457e-07
6.03112094543778e-07
5.94288200927995e-07
5.85457304858039e-07
5.76620534709082e-07
5.67779011861891e-07
5.58933849537091e-07
5.50086153128237e-07
5.41237020368346e-07
5.32387540552737e-07
5.23538795094147e-07
5.14691857411709e-07
5.05847792209302e-07
4.97007656807824e-07
4.88172499091277e-07
4.79343359172102e-07
4.70521269113622e-07
4.61707251098176e-07
4.52902320036142e-07
4.44107481678557e-07
4.35323732894677e-07
 4.2655206217157e-07
4.17793448892478e-07
4.09048863725392e-07
4.00319268567539e-07
3.91605616101298e-07
3.82908849905217e-07
3.74229905009127e-07
 3.6556970683943e-07
3.56929171774212e-07
3.48309207531816e-07
3.39710711949603e-07
3.31134573872127e-07
3.22581672596023e-07
3.14052878702675e-07
3.05549053003507e-07
2.97071046650998e-07
2.88619701749315e-07
2.80195850910214e-07
2.71800317031001e-07
2.63433913960665e-07
2.55097445223118e-07
2.46791705182936e-07
2.38517479100864e-07
2.30275541746039e-07
2.22066658783771e-07
 2.1389158588736e-07
2.05751069459748e-07
1.97645845578798e-07
1.89576641440592e-07
1.81544173638581e-07
1.73549149551366e-07
1.65592266787584e-07
1.57674212630798e-07
1.49795665482788e-07
 1.4195729303168e-07
1.34159753806262e-07
1.26403696343313e-07
1.18689759021073e-07
1.11018571169463e-07
1.03390751127197e-07
9.58069084622259e-08
8.82676426949836e-08
8.07735427987843e-08
7.33251890316922e-08
6.59231508270963e-08
5.85679885145574e-08
5.12602520430505e-08
 4.4000481813633e-08
3.67892087349553e-08
3.20511161500114e-08
3.12784412259681e-08
3.05076766626833e-08
2.97389014525251e-08
2.89721944213284e-08
2.82076325630598e-08
2.74452929827085e-08
2.66852514529958e-08
2.59275830249983e-08
3.25464607486836e-08
3.91920452202932e-08
 4.5783527136134e-08
5.23205022640028e-08
5.88025760861477e-08
6.52293636882462e-08
7.16004895373601e-08
7.79155876484694e-08
8.41743019730501e-08
9.03762854553847e-08
9.65212006431848e-08
1.02608719521058e-07
1.08638523566018e-07
1.14610303469931e-07
1.20523759417068e-07
1.26378600695531e-07
1.32174546141339e-07
1.37911323472295e-07
1.43588669898609e-07
1.49206331845342e-07
1.54764064452806e-07
1.60261632520253e-07
1.65698809506676e-07
1.71075378085916e-07
 1.7639112970258e-07
1.81645864960611e-07
1.86839393234717e-07
1.91971532947921e-07
1.97042111238499e-07
2.02050963682421e-07
2.06997935126019e-07
2.11882878797809e-07
2.16705656530536e-07
 2.2146613909424e-07
2.26164205363588e-07
2.30799742984011e-07
2.35372647650056e-07
 2.3988282427112e-07
2.44330185583674e-07
2.48714652484328e-07
2.53036154029829e-07
2.57294628325244e-07
2.61490020581068e-07
 2.6562228455651e-07
2.69691382503989e-07
2.73697283892371e-07
2.77639966683729e-07
2.81519416001075e-07
2.85335626015737e-07
 2.8908859739385e-07
2.92778339072708e-07
 2.9640486781668e-07
 2.9996820799516e-07
3.03468390805417e-07
  3.069054558269e-07
3.10279449466933e-07
3.13590425682353e-07
3.16838446146051e-07
 3.2002357858163e-07
3.23145899483457e-07
3.26205491174569e-07
3.29202443694054e-07
 3.3213685385336e-07
3.35008825513849e-07
3.37818469142714e-07
3.40565902534617e-07
3.43251249534937e-07
3.45874641205501e-07
3.48436214991921e-07
3.50936115001144e-07
3.53374491779412e-07
 3.5575150220124e-07
 3.5806730935839e-07
3.60322083392539e-07
3.62515999274837e-07
3.64649239747994e-07
3.66721992328678e-07
3.68734451139385e-07
3.70686816408838e-07
3.72579293805853e-07
3.74412095216492e-07
3.76185437855892e-07
3.77899544989901e-07
 3.7955464510242e-07
3.81150972728062e-07
3.82688767563977e-07
3.84168274636387e-07
3.85589744467119e-07
3.86953432740533e-07
3.88259600470064e-07
3.89508513887193e-07
3.90700443331227e-07
3.91835665747298e-07
3.92914462021832e-07
 3.9393711720459e-07
3.94903922784628e-07
3.95815173748204e-07
3.96671169744511e-07
3.97472215696304e-07
3.98218620412116e-07
3.98910697363419e-07
3.99548764240532e-07
4.00133143119152e-07
4.00664160293829e-07
4.01142145833866e-07
4.01567434415995e-07
4.01940364658238e-07
4.02261278342753e-07
4.02530522025657e-07
4.02748445982315e-07
4.02915403208137e-07
4.03031751694538e-07
4.03097851875422e-07
4.03114068570076e-07
4.03080769095787e-07
4.02998324877668e-07
 4.0286711061599e-07
4.02687503453514e-07
 4.0245988480736e-07
4.02184638259584e-07
4.01862150611887e-07
4.01492811941129e-07
4.01077014933193e-07
4.00615154882988e-07
 4.0010763036058e-07
3.99554842045458e-07
3.98957193448179e-07
3.98315090410772e-07
3.97628941828376e-07
3.96899158094932e-07
3.96126152657494e-07
3.95310340739474e-07
3.94452139951262e-07
3.93551969957162e-07
3.92610252697434e-07
3.91627411888695e-07
3.90603872801876e-07
3.89540063150395e-07
3.88436412257498e-07
3.87293351000739e-07
3.86111312145054e-07
3.84890729454579e-07
3.83632038969406e-07
 3.8233567778434e-07
3.81002084270943e-07
3.79631698743665e-07
3.78224961627982e-07
3.76782315791857e-07
3.75304204547344e-07
3.73791072261209e-07
3.72243364410441e-07
 3.7066152758225e-07
3.69046009085494e-07
3.67397257339253e-07
3.65715720596071e-07
3.64001848940365e-07
3.62256092512059e-07
3.60478901839656e-07
 3.5867072889495e-07
3.56832024595022e-07
3.54963241799844e-07
3.53064832703254e-07
3.51137250331757e-07
3.49180947434302e-07
3.47196377203929e-07
3.45183993111231e-07
3.43144248404759e-07
3.41077596166528e-07
3.38984490033667e-07
3.36865382866147e-07
3.34720727857007e-07
3.32550977533153e-07
3.30356584421487e-07
3.28138000826872e-07
3.25895678221499e-07
3.23630068188585e-07
3.21341621256632e-07
3.19030787454544e-07
3.16698017255312e-07
3.14343758800462e-07
3.11968461064183e-07
3.09572571188799e-07
3.07156535983566e-07
3.04720801647118e-07
 3.0226581299031e-07
2.99792013991329e-07
2.97299848128763e-07
2.94789756882796e-07
2.92262181678105e-07
2.89717562274028e-07
2.87156337042127e-07
2.84578943743341e-07
 2.8198581830674e-07
2.79377395939751e-07
2.76754109740374e-07
2.74116391918433e-07
2.71464673295974e-07
2.68799382974194e-07
2.66120948277937e-07
2.63429795921422e-07
2.60726349898821e-07
2.58011033149597e-07
2.55284266947875e-07
2.52546470624893e-07
2.49798061624507e-07
2.47039456391374e-07
 2.4427106798397e-07
 2.4149330934975e-07
2.38706590549587e-07
2.35911319423909e-07
2.33107902869456e-07
2.30296744507807e-07
2.27478247016855e-07
2.24652810409953e-07
2.21820832368991e-07
2.18982709188076e-07
2.16138833997181e-07
2.13289598760547e-07
2.10435392222763e-07
2.07576601185533e-07
2.04713610729712e-07
2.01846802438954e-07
 1.9897655678669e-07
1.96103250804658e-07
1.93227259359663e-07
1.90348955264596e-07
1.87468708834349e-07
1.84586887164162e-07
 1.8170385540639e-07
1.78819975993338e-07
1.75935608692779e-07
1.73051110885503e-07
1.70166837176744e-07
 1.6728313945169e-07
1.64400366764461e-07
1.61518866059751e-07
1.58638980507497e-07
1.55761051723324e-07
1.52885417770143e-07
1.50012413879796e-07
1.47142373174702e-07
1.44275624891499e-07
1.41412496434956e-07
1.38553311823664e-07
1.35698391801053e-07
1.32848055278689e-07
1.30002616949287e-07
1.27162390062274e-07
1.24327682982095e-07
1.21498803240527e-07
1.18676053262323e-07
1.15859734195478e-07
1.13050143302207e-07
1.10247575069167e-07
1.07452320430301e-07
1.04664668154619e-07
1.01884903291882e-07
9.91133075611828e-08
9.63501606832118e-08
 9.3595737826746e-08
9.08503121621607e-08
8.81141536401842e-08
8.53875280482086e-08
8.26706991197135e-08
7.99639270909758e-08
 7.7267469089648e-08
7.45815784686243e-08
7.19065064158642e-08
6.92425003445685e-08
6.65898041707358e-08
6.39486593123628e-08
6.13193033571768e-08
5.87019713949033e-08
5.60968945739759e-08
5.35043008231817e-08
 5.0924415684328e-08
4.83574603693526e-08
4.58036538697471e-08
4.32632112912223e-08
4.07363443533093e-08
3.82232623885592e-08
3.57241707327205e-08
3.32392713353613e-08
3.07687638700926e-08
2.83128438471891e-08
2.58717040013678e-08
2.34455332925876e-08
2.10345182383165e-08
1.86388413592198e-08
1.62586826779609e-08
 1.3894218053867e-08
1.15456210147968e-08
1.04010929868892e-08
1.01484491366044e-08
9.89643916815552e-09
9.64508950485055e-09
9.39442595937479e-09
9.14447445543587e-09
 8.8952601395853e-09
8.64680799184114e-09
8.85074663559138e-09
1.10318557067224e-08
1.31954056570294e-08
 1.5341260928281e-08
1.74692909582497e-08
1.95793666835087e-08
2.16713635925458e-08
2.37451592832727e-08
2.58006349618256e-08
2.78376749429654e-08
2.98561664280328e-08
3.18560000600598e-08
3.38370697017254e-08
3.57992713251321e-08
3.77425053987857e-08
3.96666743340823e-08
4.15716842061542e-08
4.34574438101798e-08
4.53238652164956e-08
4.71708633820178e-08
4.89983562057539e-08
5.08062649728913e-08
5.25945136886641e-08
5.43630288007968e-08
5.61117409203504e-08
5.78405824347428e-08
5.95494894506388e-08
6.12384004616828e-08
6.29072573476996e-08
6.45560043199822e-08
6.61845891425372e-08
6.77929617998174e-08
6.93810757734781e-08
7.09488864880647e-08
7.24963531983924e-08
7.40234372131887e-08
7.55301027832722e-08
7.70163173235971e-08
7.84820504695638e-08
7.99272750762192e-08
8.13519658859896e-08
 8.2756101638104e-08
8.41396626816149e-08
8.55026320856211e-08
8.68449964164242e-08
8.81667442387268e-08
8.94678662821669e-08
 9.0748356940118e-08
9.20082121602661e-08
9.32474313874998e-08
9.44660160095978e-08
9.56639699123407e-08
9.68412995350221e-08
9.79980141480041e-08
9.91341248535171e-08
1.00249646139972e-07
1.01344593772534e-07
1.02418986736019e-07
1.03472846346708e-07
1.04506195308662e-07
1.05519060267234e-07
1.06511468811465e-07
1.07483451639023e-07
1.08435041445976e-07
1.09366272982303e-07
 1.1027718360701e-07
1.11167812733015e-07
1.12038201827147e-07
1.12888394632193e-07
1.13718437444454e-07
1.14528377725964e-07
1.15318265936359e-07
1.16088154422656e-07
1.16838097419247e-07
 1.1756815110342e-07
1.18278373983927e-07
1.18968826401389e-07
1.19639570472785e-07
1.20290671257184e-07
1.20922193702633e-07
1.21534206920515e-07
1.22126780688347e-07
1.22699986615515e-07
1.23253898698383e-07
1.23788592432117e-07
1.24304145032728e-07
1.24800635603606e-07
1.25278145024499e-07
   1.25736755896e-07
1.26176552206481e-07
1.26597620664359e-07
1.27000047644987e-07
1.27383923742563e-07
1.27749338718619e-07
1.28096385609844e-07
1.28425158396617e-07
 1.2873575216954e-07
 1.2902826468375e-07
1.29302793749897e-07
1.29559439843163e-07
1.29798304548956e-07
 1.3001949034086e-07
1.30223101912907e-07
1.30409244902818e-07
1.30578025947514e-07
1.30729553793341e-07
1.30863938185843e-07
1.30981289814258e-07
1.31081721144177e-07
1.31165345307327e-07
1.31232277489346e-07
1.31282632986895e-07
1.31316529428105e-07
1.31334084607637e-07
1.31335418207534e-07
1.31320650242905e-07
1.31289902116638e-07
 1.3124329717451e-07
  1.311809582627e-07
1.31103010225786e-07
 1.3100957851897e-07
1.30900790040744e-07
1.30776771856134e-07
1.30637652528964e-07
1.30483561566752e-07
1.30314628976613e-07
1.30130985764865e-07
1.29932763826002e-07
1.29720095776165e-07
1.29493115286206e-07
1.29251956249021e-07
1.28996753723243e-07
1.28727643489146e-07
1.28444761771096e-07
1.28148245903681e-07
1.27838233332511e-07
1.27514862335865e-07
1.27178271913664e-07
1.26828601620943e-07
 1.2646599167887e-07
1.26090582364125e-07
1.25702515008097e-07
1.25301931275246e-07
1.24888973551673e-07
1.24463783890416e-07
  1.240265057878e-07
1.23577282462595e-07
1.23116257855216e-07
1.22643576072612e-07
1.22159382054399e-07
1.21663820240592e-07
1.21157036125918e-07
1.20639175205106e-07
1.20110383083905e-07
1.19570806311753e-07
1.19020590605423e-07
1.18459882902933e-07
1.17888829698209e-07
1.17307577929271e-07
1.16716274589646e-07
1.16115067005929e-07
1.15504102282671e-07
1.14883527968512e-07
1.14253491334537e-07
1.13614140206941e-07
1.12965621801298e-07
 1.1230808433238e-07
1.11641674682694e-07
1.10966541178037e-07
1.10282830534381e-07
1.09590691133032e-07
1.08890270189566e-07
1.08181714808531e-07
1.07465172538568e-07
1.06740790539739e-07
1.06008715528016e-07
1.05269094941018e-07
1.04522074995117e-07
1.03767802517307e-07
1.03006423779473e-07
1.02238084664918e-07
1.01462931556551e-07
 1.0068110961603e-07
9.98927642270608e-08
9.90980407733488e-08
9.82970839169539e-08
9.74900379868693e-08
 9.6677047256577e-08
9.58582554999587e-08
9.50338061023182e-08
9.42038422824254e-08
9.33685063153611e-08
9.25279412533619e-08
9.16822878727075e-08
9.08316885595006e-08
8.99762839234874e-08
8.91162142968582e-08
8.82516201228256e-08
8.73826405123346e-08
8.65094147983747e-08
8.56320816478018e-08
8.47507788948043e-08
8.38656436519258e-08
8.29768135313103e-08
8.20844244242558e-08
8.11886123885941e-08
8.02895122609115e-08
 7.9387259099839e-08
 7.8481986298673e-08
7.75738278058213e-08
 7.6662915737824e-08
7.57493827108213e-08
 7.4833359675619e-08
7.39149776385339e-08
7.29943664401489e-08
7.20716554214462e-08
7.11469733682968e-08
7.02204481228819e-08
6.92922069722712e-08
6.83623762598451e-08
6.74310816073387e-08
6.64984482479092e-08
6.55646001934684e-08
6.46296609563279e-08
6.36937531051096e-08
6.27569985423015e-08
6.18195180046577e-08
6.08814321179096e-08
5.99428603420549e-08
5.90039208048232e-08
5.80647316894556e-08
5.71254096803919e-08
5.61860706294048e-08
5.52468303327558e-08
5.43078024217714e-08
5.33691006388004e-08
5.24308375049465e-08
5.14931247086459e-08
5.05560730501564e-08
4.96197924970687e-08
4.86843915736834e-08
4.77499786377678e-08
4.68166607703324e-08
 4.5884544275232e-08
4.49537339575201e-08
4.40243347887836e-08
4.30964494091413e-08
4.21701805697339e-08
4.12456297449459e-08
4.03228974099612e-08
3.94020827076957e-08
3.84832847255545e-08
3.75666004970299e-08
3.66521269445919e-08
3.57399596584429e-08
 3.4830192618962e-08
3.39229204171509e-08
3.30182347574315e-08
3.21162274552478e-08
3.12169893268432e-08
3.03206096896602e-08
2.94271773060295e-08
2.85367792729474e-08
 2.7649502631899e-08
2.67654325369904e-08
2.58846534761936e-08
2.50072487717468e-08
2.41333010242428e-08
2.32628913354738e-08
2.23961001966089e-08
2.15330069885944e-08
2.06736895380644e-08
1.98182252830748e-08
1.89666903294139e-08
1.81191598946917e-08
1.72757078087393e-08
1.64364071242318e-08
1.56013298391322e-08
1.47705468411807e-08
1.39441277968722e-08
1.31221417065674e-08
  1.230465623836e-08
1.14917381166535e-08
 1.0683452678073e-08
 9.8798647596432e-09
9.08103781060987e-09
8.28703422550703e-09
7.49791567722369e-09
6.71374178473627e-09
5.93457288866617e-09
5.16046649856605e-09
  4.391479901944e-09
3.62766933159619e-09
3.37263711402969e-09
3.29048588376679e-09
3.20854198765375e-09
3.12681408543014e-09
3.04531055927981e-09
2.96403923627508e-09
2.88300910922246e-09
2.80222778314965e-09
3.00496277860773e-09
3.71415670441522e-09
4.41762604275198e-09
 5.1153274394089e-09
5.80721809528839e-09
6.49325676560508e-09
7.17340264966282e-09
7.84761633454423e-09
 8.5158592399992e-09
9.17809400702296e-09
9.83428405376685e-09
1.04843940751387e-08
1.11283895432024e-08
1.17662369847338e-08
1.23979039257094e-08
1.30233590578399e-08
1.36425718499922e-08
 1.4255512881256e-08
1.48621536744109e-08
1.54624667514369e-08
1.60564255780038e-08
 1.6644004618982e-08
1.72251793384426e-08
1.77999259221018e-08
1.83682222210102e-08
 1.8930046252752e-08
1.94853772006454e-08
 2.0034195469254e-08
2.05764822402976e-08
2.11122193061186e-08
2.16413900688828e-08
2.21639785413785e-08
2.26799692915058e-08
2.31893482749435e-08
2.36921023910597e-08
2.41882191498455e-08
2.46776871160037e-08
2.51604956869045e-08
2.56366352591186e-08
2.61060970063731e-08
2.65688730460845e-08
2.70249565503811e-08
2.74743411354805e-08
2.79170214723123e-08
2.83529934530513e-08
2.87822534139615e-08
2.92047984684629e-08
2.96206268401988e-08
 3.0029737696502e-08
3.04321304267496e-08
3.08278060856537e-08
3.12167658389484e-08
3.15990119625909e-08
3.19745473986721e-08
3.23433763105285e-08
 3.2705503083541e-08
3.30609335463805e-08
3.34096732501621e-08
3.37517297444023e-08
3.40871105786178e-08
3.44158243570369e-08
3.47378799059328e-08
3.50532880499799e-08
3.53620584481185e-08
3.56642037568911e-08
3.59597353560837e-08
3.62486666238837e-08
3.65310107719452e-08
 3.6806782788279e-08
3.70759969392509e-08
3.73386696006506e-08
3.75948168707119e-08
3.78444559023805e-08
3.80876042371803e-08
 3.8324280915436e-08
3.85545044778723e-08
3.87782949085036e-08
3.89956722468554e-08
3.92066580312544e-08
3.94112734669605e-08
3.96095409804786e-08
3.98014835534255e-08
3.99871243339511e-08
4.01664876359398e-08
4.03395979953203e-08
4.05064807806887e-08
4.06671618047305e-08
4.08216672131978e-08
4.09700242620659e-08
4.11122602628211e-08
4.12484033041061e-08
4.13784820851859e-08
4.15025254718593e-08
4.16205630515698e-08
4.17326254664729e-08
 4.1838742914635e-08
4.19389465933229e-08
4.20332684214486e-08
4.21217404289465e-08
4.22043950898399e-08
4.22812653777527e-08
4.23523852099983e-08
4.24177882263344e-08
 4.2477509343275e-08
4.25315830332451e-08
4.25800445458258e-08
4.26229301297987e-08
4.26602754788341e-08
4.26921174523365e-08
4.27184927986879e-08
4.27394390434266e-08
4.27549939896466e-08
4.27651956069752e-08
4.27700824756627e-08
4.27696933980037e-08
 4.2764067897938e-08
4.27532453328716e-08
4.27372657263447e-08
 4.2716168990875e-08
4.26899963712479e-08
4.26587880575369e-08
4.26225860161722e-08
4.25814311033612e-08
4.25353656186012e-08
4.24844313062778e-08
4.24286708544663e-08
4.23681267847087e-08
4.23028423401917e-08
4.22328602089905e-08
4.21582243559371e-08
4.20789781352404e-08
4.19951657337769e-08
4.19068311718895e-08
4.18140190805438e-08
4.17167736466162e-08
4.16151403337395e-08
4.15091637728793e-08
4.13988892056238e-08
 4.1284362095606e-08
4.11656283505479e-08
4.10427334340824e-08
4.09157234759761e-08
 4.0784644383951e-08
4.06495427318632e-08
4.05104647605015e-08
 4.0367457099233e-08
4.02205665439581e-08
4.00698396685328e-08
3.99153238239691e-08
3.97570656951451e-08
3.95951127440952e-08
3.94295120997867e-08
3.92603114462986e-08
3.90875577460648e-08
3.89112989052087e-08
3.87315823857648e-08
3.85484561493676e-08
3.83619677690739e-08
3.81721649289624e-08
3.79790959237347e-08
3.77828082154252e-08
3.75833500987355e-08
3.73807692577444e-08
3.71751139316423e-08
3.69664320265528e-08
 3.6754771670644e-08
3.65401811031063e-08
3.63227080635298e-08
3.61024007355937e-08
3.58793070254215e-08
 3.5653475283226e-08
3.54249532485973e-08
3.51937889941922e-08
3.49600305926678e-08
3.47237257836142e-08
3.44849223621324e-08
3.42436683453684e-08
3.40000114729122e-08
3.37539992623093e-08
3.35056796196831e-08
3.32550998405345e-08
3.30023076644537e-08
3.27473502204079e-08
3.24902750259426e-08
3.22311293210475e-08
 3.1969960179179e-08
3.17068147848154e-08
 3.1441739822835e-08
3.11747822556718e-08
3.09059884906482e-08
3.06354056567315e-08
3.03630796061327e-08
3.00890570792411e-08
2.98133839837789e-08
 2.9536106616046e-08
2.92572707172312e-08
 2.8976922028523e-08
2.86951060135543e-08
2.84118684135137e-08
2.81272540814115e-08
2.78413087584362e-08
 2.7554076575953e-08
2.72656028865725e-08
2.69759317106377e-08
2.66851082897368e-08
2.63931758115454e-08
2.61001790180515e-08
2.58061614855087e-08
2.55111667346597e-08
2.52152382862469e-08
2.49184192169238e-08
2.46207526588549e-08
2.43222811335819e-08
2.40230475512249e-08
 2.3723093878214e-08
2.34224628026247e-08
2.31211952916865e-08
2.28193336448967e-08
2.25169191625518e-08
2.22139927008591e-08
2.19105956156262e-08
 2.1606768207949e-08
2.13025513340348e-08
2.09979847398678e-08
2.06931084489881e-08
2.03879622628911e-08
2.00825853169384e-08
1.97770170240474e-08
1.94712961310017e-08
1.91654609960068e-08
1.88595504768685e-08
1.85536020436139e-08
1.82476539989374e-08
1.79417435353102e-08
 1.7635907567648e-08
1.73301836770001e-08
1.70246077790814e-08
1.67192168998298e-08
1.64140464553597e-08
1.61091326389418e-08
1.58045108666904e-08
1.55002159440976e-08
1.51962829542107e-08
1.48927469245663e-08
1.45896411618551e-08
1.42870003050355e-08
 1.3984857605287e-08
1.36832467023673e-08
1.33822003478556e-08
1.30817512378201e-08
1.27819318462841e-08
 1.2482774258693e-08
1.21843102274255e-08
1.18865709497484e-08
1.15895877339511e-08
1.12933913332114e-08
1.09980121121289e-08
1.07034801577477e-08
1.04098253905782e-08
1.01170772315307e-08
9.82526476844825e-09
9.53441703366309e-09
9.24456194928425e-09
8.95572821457691e-09
8.66794308551633e-09
8.38123492830078e-09
8.09562983317136e-09
7.81115516712561e-09
7.52783740898266e-09
7.24570226040555e-09
 6.9647760891911e-09
6.68508393086853e-09
6.40665098750048e-09
6.12950185052696e-09
5.85366127792142e-09
5.57915319499003e-09
5.30600119397207e-09
5.03422870057335e-09
4.76385908498855e-09
4.49491471821162e-09
4.22741780470304e-09
3.96139093750136e-09
3.69685521084406e-09
3.43383227408012e-09
3.17234311042469e-09
2.91240825900374e-09
2.65404787036516e-09
2.39728242812376e-09
2.14213091709325e-09
1.88861293271003e-09
1.63674734876551e-09
1.38655287251765e-09
1.13804737855716e-09
 1.0938612793332e-09
1.06710484892858e-09
1.04041669723998e-09
1.01379937778034e-09
9.87255555084943e-10
9.60788004711333e-10
9.34399391194773e-10
9.08092434581675e-10
1.01964647836184e-09
1.25033194908752e-09
1.47914985815234e-09
1.70608654981308e-09
1.93112764668157e-09
2.15426032568189e-09
2.37547070902622e-09
2.59474647323898e-09
2.81207518382232e-09
3.02744412872258e-09
3.24084220570953e-09
3.45225720232989e-09
3.66167868248723e-09
3.86909509986211e-09
4.07449646244729e-09
4.27787222312404e-09
4.47921283397434e-09
 4.6785085250356e-09
4.87575024799014e-09
5.07092873247572e-09
5.26403581835311e-09
5.45506301241616e-09
5.64400248759256e-09
5.83084663885458e-09
6.01558786117451e-09
 6.1982194932142e-09
6.37873481812434e-09
 6.5571270635445e-09
6.73339051182609e-09
6.90751905674247e-09
 7.0795079798458e-09
7.24935100837598e-09
7.41704425655243e-09
7.58258250632693e-09
7.74596192743005e-09
7.90717824550313e-09
8.06622790783251e-09
8.22310747272681e-09
8.37781394258386e-09
8.53034443082379e-09
8.68069660597826e-09
 8.8288679145343e-09
8.97485646911278e-09
9.11866077091261e-09
9.26027948766617e-09
9.39971128710582e-09
9.53695533656429e-09
9.67201135848583e-09
9.80487896429239e-09
9.93555787642819e-09
1.00640486500048e-08
1.01903515625779e-08
1.03144676133482e-08
1.04363978015165e-08
1.05561431817947e-08
1.06737057525841e-08
1.07890869571747e-08
1.09022892935684e-08
1.10133144826108e-08
1.11221655774152e-08
1.12288451314946e-08
1.13333565865403e-08
  1.143570271811e-08
1.15358874674953e-08
1.16339144429212e-08
1.17297879187461e-08
1.18235117252397e-08
1.19150907473831e-08
1.20045294260684e-08
1.20918330348552e-08
1.21770063477022e-08
1.22600550267471e-08
1.23409845675937e-08
1.24198010209575e-08
 1.2496510048976e-08
 1.2571118201965e-08
1.26436318637069e-08
1.27140578620732e-08
1.27824028028911e-08
1.28486739581213e-08
1.29128784887023e-08
1.29750242217064e-08
1.30351183735833e-08
1.30931691599834e-08
1.31491845190013e-08
1.32031728328208e-08
1.32551423726035e-08
 1.3305101798089e-08
1.33530601020837e-08
 1.3399026221883e-08
1.34430090947824e-08
1.34850183797219e-08
 1.3525063347064e-08
1.35631539888159e-08
1.35992997418732e-08
1.36335110423325e-08
1.36657977711785e-08
1.36961705865524e-08
1.37246395914836e-08
1.37512157771802e-08
1.37759098017831e-08
1.37987327120115e-08
1.38196954990732e-08
1.38388095427544e-08
1.38560860563075e-08
1.38715368636078e-08
1.38851732334189e-08
1.38970074337053e-08
1.39070510662975e-08
1.39153165101824e-08
1.39218155892351e-08
1.39265608489758e-08
1.39295647794135e-08
1.39308400370908e-08
1.39303988899719e-08
 1.3928254549711e-08
1.39244197838728e-08
1.39189078041113e-08
1.39117313779913e-08
1.39029040502336e-08
1.38924390880035e-08
1.38803500360218e-08
1.38666501059426e-08
1.38513533975981e-08
1.38344734001983e-08
1.38160241580643e-08
1.37960190493835e-08
   1.37744727291e-08
 1.3751398852957e-08
1.37268120203871e-08
1.37007259981559e-08
1.36731553856961e-08
 1.3644114560396e-08
1.36136181771995e-08
1.35816804469613e-08
1.35483161911587e-08
1.35135400092246e-08
 1.3477367000192e-08
1.34398113194045e-08
1.34008883989623e-08
1.33606129493202e-08
1.33190000695116e-08
1.32760645255026e-08
 1.3231821693882e-08
1.31862865626609e-08
1.31394745084279e-08
1.30914003526605e-08
1.30420798050146e-08
1.29915278535009e-08
1.29397600967529e-08
1.28867916338038e-08
1.28326381187982e-08
1.27773148173027e-08
 1.2720837383462e-08
1.26632210273314e-08
1.26044815695892e-08
1.25446343868241e-08
1.24836951331808e-08
1.24216791852483e-08
1.23586024747269e-08
1.22944803226943e-08
 1.2229328660851e-08
1.21631625882301e-08
1.20959982585767e-08
1.20278510484795e-08
 1.1958736889639e-08
 1.1888671103133e-08
1.18176694541283e-08
 1.1745747707792e-08
1.16729214627576e-08
1.15992062066361e-08
1.15246177601058e-08
1.14491716107779e-08
1.13728836348415e-08
1.12957690423521e-08
 1.1217843709499e-08
1.11391231238933e-08
1.10596228841686e-08
1.09793584224249e-08
1.08983453372957e-08
1.08165990608811e-08
1.07341351918144e-08
 1.0650968829129e-08
1.05671157379916e-08
1.04825910729467e-08
1.03974104881388e-08
1.03115888050453e-08
 1.0225141677811e-08
1.01380842054688e-08
1.00504317646077e-08
9.96219917670516e-09
9.87340181834995e-09
9.78405467755294e-09
9.69417290885843e-09
9.60377122272149e-09
 9.5128648847087e-09
9.42146849425285e-09
9.32959715038706e-09
9.23726534152181e-09
9.14448800015677e-09
9.05127983674703e-09
8.95765545072535e-09
8.86362921947992e-09
8.76921574244349e-09
8.67442961904885e-09
8.57928517117301e-09
8.48379649864839e-09
8.38797808988545e-09
8.29184404471661e-09
8.19540862950774e-09
8.09868550000203e-09
8.00168908909882e-09
7.90443310805244e-09
7.80693149016187e-09
7.70919783565915e-09
7.61124596682095e-09
 7.5130894838793e-09
7.41474204257742e-09
7.31621685456929e-09
7.21752752008697e-09
7.11868730629561e-09
7.01970948036035e-09
6.92060692086827e-09
6.82139306151797e-09
6.72208061436308e-09
6.62268284656875e-09
6.52321197058825e-09
6.42368136460902e-09
6.32410307455089e-09
6.22449025655669e-09
6.12485479001279e-09
6.02520938697282e-09
5.92556625989005e-09
 5.8259377877512e-09
5.72633551687574e-09
5.62677199278383e-09
5.52725887281724e-09
5.42780820289579e-09
5.32843141831663e-09
5.22914023193266e-09
 5.1299462455745e-09
5.03086095005045e-09
4.93189539207961e-09
4.83306111798143e-09
 4.7343690634527e-09
4.63583055276828e-09
4.53745596651345e-09
4.43925662896305e-09
4.34124308723582e-09
4.24342605498396e-09
4.14581585728158e-09
4.04842304124742e-09
3.95125798746676e-09
3.85433102101373e-09
3.75765180082865e-09
3.66123065198565e-09
3.56507751098079e-09
3.46920209226553e-09
3.37361388824675e-09
3.27832283542051e-09
3.18333803761561e-09
3.08866920928352e-09
2.99432528771959e-09
2.90031559879722e-09
2.80664902430061e-09
2.71333477908087e-09
2.62038124532182e-09
2.52779758236343e-09
2.43559211687838e-09
2.34377345309511e-09
 2.2523496956417e-09
2.16132944874659e-09
 2.0707206505044e-09
1.98053168309897e-09
1.89076987400227e-09
1.80144360539813e-09
1.71256026026967e-09
1.62412772120035e-09
1.53615314912869e-09
1.44864398254896e-09
1.36160771546656e-09
1.27505139779771e-09
1.18898185741401e-09
1.10340625525396e-09
1.01833130816686e-09
9.33763899535478e-10
8.49710302119888e-10
7.66177121747091e-10
 6.8317079771063e-10
6.00697658281746e-10
5.18763587642468e-10
4.37374747530583e-10
3.63461705177315e-10
3.54730966822814e-10
3.46021433728083e-10
3.37334493671904e-10
3.28670479721183e-10
3.20030890677003e-10
3.11416004095122e-10
3.02827152243168e-10
2.94264890232654e-10
3.45277417768131e-10
4.20302403991712e-10
4.94718321863985e-10
5.68520786004001e-10
6.41705022452754e-10
7.14267089918508e-10
7.86202380975709e-10
8.57506954332621e-10
9.28176535630598e-10
9.98207350111358e-10
1.06759556750546e-09
1.13633746856578e-09
1.20442916751173e-09
1.27186761122999e-09
1.33864908047343e-09
1.40477030008412e-09
1.47022810592645e-09
 1.5350195559094e-09
1.59914148589735e-09
1.66259106482158e-09
1.72536540610224e-09
1.78746206724867e-09
1.84887832821445e-09
1.90961169099779e-09
1.96965982413033e-09
2.02902056267718e-09
2.08769174170342e-09
2.14567114076303e-09
2.20295670594339e-09
2.25954699395459e-09
2.31543983986171e-09
2.37063380037483e-09
2.42512709913711e-09
2.47891862592553e-09
2.53200665989439e-09
2.58439003530953e-09
 2.6360675309256e-09
 2.6870381475419e-09
2.73730094146885e-09
2.78685485799457e-09
2.83569911996295e-09
2.88383317226248e-09
2.93125612671474e-09
2.97796776127512e-09
3.02396740980981e-09
3.06925479476305e-09
3.11382974960139e-09
3.15769205228023e-09
3.20084142524379e-09
3.24327825707016e-09
3.28500238122587e-09
3.32601401975552e-09
3.36631345021488e-09
3.40590106118199e-09
3.44477729674608e-09
 3.4829426565075e-09
3.52039758455547e-09
  3.557143191113e-09
3.59317992026931e-09
3.62850866020281e-09
3.66313024358078e-09
  3.697046058182e-09
3.73025682565142e-09
3.76276387825669e-09
3.79456832622083e-09
3.82567166834491e-09
3.85607534791887e-09
 3.8857805306769e-09
3.91478899297582e-09
3.94310240015017e-09
3.97072230651219e-09
3.99765059944102e-09
4.02388888876004e-09
4.04943950593761e-09
4.07430411630827e-09
4.09848482929576e-09
4.12198364330152e-09
4.14480300081621e-09
4.16694512228588e-09
4.18841206162313e-09
4.20920642785205e-09
4.22933071897447e-09
4.24878726645872e-09
4.26757879035122e-09
4.28570767763148e-09
4.30317703692396e-09
4.31998942174161e-09
  4.336147607642e-09
4.35165442569385e-09
4.36651304003277e-09
4.38072628172748e-09
4.39429725940244e-09
4.40722891514866e-09
4.41952480167984e-09
4.43118775006468e-09
4.44222120199456e-09
4.45262843262739e-09
4.46241288365457e-09
4.47157799676745e-09
4.48012715814627e-09
4.48806386499356e-09
4.49539194757875e-09
4.50211468105977e-09
4.50823611775064e-09
 4.5137595328093e-09
4.51868914508324e-09
4.52302845177499e-09
4.52678144968743e-09
 4.5299518580677e-09
 4.5325438957633e-09
4.53456139304365e-09
4.53600840222279e-09
4.53688875357017e-09
4.53720699900018e-09
4.53696696878225e-09
4.53617282625274e-09
4.53482884577028e-09
4.53293946822697e-09
4.53050869042571e-09
4.52754100876973e-09
4.52404047557309e-09
4.52001203132824e-09
4.51545967283806e-09
4.51038795201697e-09
 4.5048012542459e-09
4.49870435348387e-09
4.49210146857837e-09
 4.4849974845107e-09
4.47739662012836e-09
4.46930392694611e-09
4.46072373483375e-09
4.45166092877258e-09
4.44211978312126e-09
4.43210568246144e-09
4.42162290115178e-09
4.41067626866243e-09
 4.3992705589524e-09
4.38741087904759e-09
4.37510166984012e-09
4.36234803835589e-09
 4.3491545365093e-09
4.33552638234858e-09
4.32146840534386e-09
4.30698537945418e-09
4.29208230068312e-09
4.27676422054546e-09
 4.2610360240225e-09
4.24490265160671e-09
4.22836893276823e-09
4.21144025208875e-09
4.19412143903841e-09
4.17641743410968e-09
4.15833328881732e-09
4.13987416569839e-09
4.12104489422305e-09
4.10185085897297e-09
 4.0822966673737e-09
4.06238787054036e-09
4.04212924243197e-09
4.02152600109673e-09
4.00058303151596e-09
3.97930577378247e-09
3.95769889083297e-09
3.93576782276028e-09
3.91351745454571e-09
3.89095311525978e-09
3.86807963437263e-09
 3.8449023409548e-09
3.82142600896529e-09
3.79765618951922e-09
3.77359765657559e-09
3.74925557267147e-09
3.72463493381048e-09
3.69974112457427e-09
3.67457891892187e-09
3.64915359041262e-09
3.62346991300555e-09
3.59753338230462e-09
3.57134882777999e-09
3.54492124543526e-09
3.51825563127406e-09
3.49135736987805e-09
3.46423106867277e-09
3.43688200121761e-09
3.40931499698272e-09
 3.3815352740163e-09
3.35354760627737e-09
  3.325357156303e-09
3.29696858702988e-09
3.26838722752854e-09
3.23961774073567e-09
3.21066523367719e-09
3.18153431377866e-09
3.15223031011058e-09
3.12275771907622e-09
3.09312159219033e-09
3.06332659238961e-09
3.03337793772229e-09
3.00328012459161e-09
2.97303798246773e-09
2.94265617428735e-09
2.91213980707639e-09
2.88149337723809e-09
2.85072171424261e-09
2.81982925898205e-09
2.78882106297118e-09
2.75770145607979e-09
2.72647543431148e-09
2.69514710549146e-09
2.66372168766793e-09
2.63220328866609e-09
2.60059668244494e-09
2.56890614336314e-09
2.53713655640198e-09
2.50529219592011e-09
2.47337744729847e-09
2.44139669591803e-09
2.40935477124893e-09
2.37725561458291e-09
2.34510372232322e-09
 2.3129032578062e-09
2.28065899499086e-09
2.24837476414663e-09
2.21605506167677e-09
2.18370377336186e-09
2.15132561764975e-09
2.11892442480988e-09
2.08650435817859e-09
2.05406935904762e-09
2.02162403484252e-09
1.98917199378812e-09
1.95671745473192e-09
1.92426413692104e-09
1.89181648124759e-09
1.85937792940294e-09
1.82695286676804e-09
1.79454456850081e-09
1.76215758651566e-09
 1.7297951959705e-09
1.69746133815707e-09
1.66515962130021e-09
1.63289420873625e-09
1.60066837562312e-09
1.56848595223025e-09
1.53635026922672e-09
1.50426537892656e-09
1.47223455648771e-09
1.44026135462383e-09
1.40834921502631e-09
1.37650174591997e-09
1.34472222246274e-09
1.31301414185714e-09
 1.2813806682388e-09
1.24982552085484e-09
1.21835147526284e-09
1.18696208417646e-09
1.15566056724248e-09
1.12445003308537e-09
1.09333364584074e-09
1.06231456964423e-09
1.03139563556454e-09
1.00058034080419e-09
9.69871349898455e-10
9.39271660449492e-10
9.08784214548319e-10
8.78412120819405e-10
8.48157877264555e-10
8.18024759041691e-10
7.88015097619166e-10
 7.5813211264375e-10
7.28378191094947e-10
6.98756108530318e-10
6.69268418462821e-10
6.39918007472318e-10
6.10707207027161e-10
5.81638681662611e-10
5.52714707335866e-10
5.23938170626792e-10
4.95311180959135e-10
  4.668362363347e-10
4.38515501688386e-10
4.10351697066602e-10
3.82346820870794e-10
3.54503204569312e-10
3.26822902074753e-10
2.99308466900072e-10
2.71961730913262e-10
2.44784803538067e-10
2.17779738687085e-10
1.90948867828666e-10
1.64293856297348e-10
1.37816758005727e-10
 1.1787992804102e-10
1.15037479542224e-10
1.12201969937331e-10
 1.0937373229325e-10
 1.0655321069919e-10
1.03740516177453e-10
 1.0093609281725e-10
9.81400516408826e-11
9.53527812264099e-11
 1.1676315470055e-10
1.41164135936123e-10
1.65366553783741e-10
1.89369020464625e-10
2.13169704110783e-10
 2.3676749449919e-10
2.60160892828765e-10
2.83348788876481e-10
3.06329461796651e-10
3.29102023410854e-10
3.51664919406858e-10
 3.7401720609509e-10
3.96157440185618e-10
4.18084733500024e-10
4.39797809281828e-10
4.61295834863762e-10
4.82577477978197e-10
5.03641905957863e-10
5.24488064090889e-10
5.45115175221156e-10
5.65522018103337e-10
5.85708204159374e-10
 6.0567251214394e-10
6.25414386945522e-10
6.44932829363398e-10
6.64227284286056e-10
6.83296919046228e-10
7.02141289554703e-10
7.20759507633062e-10
7.39151129192095e-10
 7.5731559912029e-10
7.75252362306134e-10
7.92960697104661e-10
8.10440381471267e-10
8.27690860294439e-10
8.44711967040723e-10
8.61502869042852e-10
8.78063510789673e-10
8.94393614725431e-10
9.10492903294369e-10
9.26360765873824e-10
9.41997368997249e-10
9.57402324086587e-10
9.72575686652988e-10
9.87516957096091e-10
 1.0022263574605e-09
1.01670361019046e-09
1.03094882630828e-09
1.04496178376934e-09
 1.0587426491071e-09
1.07229136681042e-09
1.08560821443504e-09
1.09869291442521e-09
 1.1115459663813e-09
1.12416709274754e-09
 1.1365570151689e-09
1.14871545608963e-09
1.16064285959894e-09
1.17233939223027e-09
1.18380555358399e-09
1.19504128814896e-09
1.20604731757012e-09
 1.2168236418475e-09
1.22737103813719e-09
1.23768950643921e-09
1.24777976839852e-09
1.25764210157087e-09
1.26727728311238e-09
1.27668542404535e-09
1.28586730152591e-09
1.29482341515441e-09
1.30355443106467e-09
1.31206073783474e-09
1.32034322364305e-09
 1.3284023325788e-09
1.33623889730927e-09
1.34385347294597e-09
1.35124678113385e-09
1.35841971005135e-09
1.36537298134343e-09
1.37210720563274e-09
1.37862321558657e-09
1.38492201040563e-09
1.39100453377949e-09
1.39687117428622e-09
1.40252315317113e-09
1.40796124759035e-09
 1.4131866787892e-09
1.41819994636805e-09
1.42300238259452e-09
1.42759465360243e-09
 1.4319780916594e-09
1.43615330738811e-09
1.44012168856733e-09
1.44388406786433e-09
1.44744177754674e-09
1.45079548374838e-09
1.45394674078148e-09
1.45689632580215e-09
1.45964568210033e-09
1.46219558683214e-09
 1.4645474832875e-09
 1.4667024261783e-09
1.46866191430561e-09
1.47042661380326e-09
1.47199824551691e-09
1.47337780864731e-09
1.47456669097323e-09
 1.4755660027177e-09
1.47637713165949e-09
1.47700135455509e-09
1.47744011469442e-09
1.47769441127821e-09
1.47776590964099e-09
1.47765577551695e-09
1.47736561872946e-09
1.47689643847926e-09
1.47624978907857e-09
1.47542711381732e-09
1.47442996700775e-09
1.47325940336174e-09
1.47191714372497e-09
1.47040440934276e-09
1.46872303208312e-09
1.46687395563561e-09
1.46485906737936e-09
1.46267958855972e-09
1.46033729553352e-09
1.45783329852378e-09
 1.4551694293985e-09
1.45234696491414e-09
1.44936773693871e-09
1.44623285569523e-09
1.44294426407399e-09
1.43950323883146e-09
 1.4359115563245e-09
1.43217049330957e-09
1.42828182614352e-09
1.42424710913858e-09
1.42006789660698e-09
1.41574568734981e-09
1.41128220221276e-09
1.40667899550806e-09
1.40193773257025e-09
 1.3970598011781e-09
1.39204708871077e-09
1.38690098294703e-09
1.38162337126602e-09
1.37621547491307e-09
1.37067934780077e-09
1.36501632219677e-09
1.35922828548019e-09
1.35331662542981e-09
1.34728306289134e-09
1.34112937422159e-09
1.33485711373282e-09
1.32846783573726e-09
1.32196331659173e-09
1.31534516611964e-09
1.30861516067782e-09
1.30177474355619e-09
1.29482563560046e-09
 1.2877695576563e-09
1.28060828608056e-09
1.27334315314087e-09
1.26597610172752e-09
1.25850857513043e-09
1.25094262726222e-09
 1.2432793683459e-09
1.23552090780521e-09
1.22766857790779e-09
1.21972437705509e-09
1.21168963751472e-09
1.20356619115469e-09
1.19535570330953e-09
1.18705983931378e-09
1.17867998694621e-09
1.17021814460827e-09
1.16167570007875e-09
1.15305465175908e-09
1.14435610987229e-09
1.13558218384213e-09
1.12673426144738e-09
1.11781417455603e-09
1.10882325543571e-09
1.09976333595441e-09
1.09063608144666e-09
1.08144304622471e-09
1.07218572908963e-09
1.06286590639826e-09
1.05348513246284e-09
1.04404501710675e-09
1.03454700361993e-09
1.02499292387037e-09
 1.0153843321703e-09
1.00572267180965e-09
9.96009497100658e-10
9.86246695422466e-10
9.76435376998097e-10
9.66577595740148e-10
 9.5667435084934e-10
 9.4672769623827e-10
9.36738853152264e-10
9.26709653459312e-10
 9.1664120738244e-10
9.06535457811941e-10
8.96393514970839e-10
8.86217488282881e-10
8.76008154904184e-10
8.65767513236193e-10
8.55496840035386e-10
8.45197800636299e-10
8.34871560773109e-10
8.24519841291504e-10
8.14144085481416e-10
8.03745681121626e-10
7.93325960479763e-10
7.82886588890364e-10
7.72428787598756e-10
7.61954221939476e-10
7.51464002135549e-10
7.40959626988058e-10
7.30442595298086e-10
7.19914350355566e-10
7.09375891361219e-10
6.98828994671885e-10
6.88274714999437e-10
6.77714773189564e-10
6.67150001909533e-10
6.56582233027336e-10
6.46012354721393e-10
 6.3544208783739e-10
6.24872265042598e-10
6.14304607182703e-10
6.03740057947277e-10
5.93180282670858e-10
 5.8262600299841e-10
5.72078939775622e-10
5.61540147714368e-10
5.51010959082276e-10
 5.4049237308007e-10
5.29985721975379e-10
5.19492171502378e-10
   5.09013164951e-10
4.98549479477362e-10
4.88102502860244e-10
4.77673400833822e-10
4.67263283621122e-10
4.56873094911714e-10
 4.4650427799553e-10
 4.3615777656214e-10
4.25834867368025e-10
4.15536272058148e-10
 4.0526332290014e-10
3.95017074605875e-10
 3.8479880393183e-10
3.74608954967215e-10
3.64449137535416e-10
  3.543200732814e-10
3.44223038961644e-10
3.34158589687661e-10
3.24128113238231e-10
3.14132442280624e-10
3.04172687037862e-10
2.94249458132612e-10
2.84364143343652e-10
2.74517186760193e-10
2.64710087183317e-10
2.54943066657631e-10
2.45217623984217e-10
2.35534314274588e-10
2.25894192240617e-10
2.16297868504967e-10
2.06746453290663e-10
1.97240668242671e-10
1.87781401539411e-10
1.78369263803546e-10
 1.6900530974695e-10
 1.5969031652574e-10
1.50424950273731e-10
1.41209877124737e-10
1.32045985257179e-10
1.22934051827173e-10
1.13874853990836e-10
1.04868780326228e-10
9.59169410563732e-11
8.70198912927833e-11
7.81783526804247e-11
 6.9392713797356e-11
6.06639183331481e-11
5.19926324216158e-11
4.33794666854226e-11
 3.8230474341816e-11
3.73051589619422e-11
3.63820085169664e-11
3.54614115849472e-11
3.45431461212797e-11
3.36276007040226e-11
3.27146643108733e-11