 1.61971544990323
 1.61970261195604
 1.61973759431431
 1.61973250215437
  1.6197170246058
 1.61968599293774
 1.61969769128239
 1.61980282358827
    1.61984459868
 1.61954175037148
 1.61917534420074
 1.61998931205612
 1.62152087811388
 1.62600058932575
 1.63415230418934
 1.63756261795028
 1.62664172020193
 1.60343182688493
 1.57517290396877
 1.54127574985662
 1.50270676487858
 1.46045131279939
 1.41662166194443
 1.37283325319071
 1.32974264909299
 1.28813587068005
 1.24857361651648
 1.21149175096143
 1.17695689452336
  1.1450557108374
 1.11576680794806
 1.08897930959057
 1.06395838275003
 1.01843482686552
0.994190000253659
0.969919086562975
0.945258836779664
0.920248037137644
0.894823849698019
0.869068768736137
0.843078451788922
0.816871353913814
0.790582100392238
0.764292220395656
0.738090557569506
0.712058510978462
0.686323009300893
0.660961991511563
0.636057684425816
0.611704480023793
0.587976360780109
0.564951123930913
0.542696400044278
0.521248088335591
0.500804843715881
0.776656337724171
 1.14221776042745
 1.13690996514133
 1.15317381075815
 1.16683983447315
 1.17923616224071
 1.19043780850217
 1.20057478461386
 1.20977112654992
 1.21810232154527
 1.22564891719371
 1.23248619410497
 1.23867273284116
 1.24426115047487
 1.24929862677549
 1.25383056587404
 1.25789440957165
 1.26152701852671
 1.26474738685054
 1.26758971499351
 1.27007326264234
 1.27222758792674
 1.27406105419141
 1.27559508845253
 1.27684894684422
 1.27783592638672
 1.27858628542367
 1.27910775854584
 1.27943864731884
 1.27962398928895
 1.27969445576408
 1.27970603033098
 1.27971159693356
 1.27970861922995
 1.27970757691967
 1.27970807903518
 1.27970864220927
 1.27970863016323
 1.27970843021831
 1.27970838256821
 1.27970842752618
 1.27970846116605
 1.27970846452248
 1.27970845130741
 1.27970841755729
 1.27970843859876