 0.0121145901158263
   0.01211492001576
 0.0121149673533128
 0.0121146753846182
 0.0121144957467047
 0.0121148522782224
 0.0121154939456578
 0.0121148847348146
 0.0121125162971018
  0.012112870833569
 0.0121208066183884
 0.0121246844277205
 0.0120923856243802
 0.0119538197544089
 0.0115949237282144
 0.0109679938407604
 0.0101853925875781
 0.0094131070243835
0.00872975062736339
0.00814577615650373
0.00766016408676384
0.00726707010151643
 0.0069564926448969
0.00671471354490195
0.00652873399091228
0.00638796306846383
0.00628347135891822
0.00620771518199488
0.00615451842126113
0.00611899311137589
0.00609715745774419
0.00608576879871982
0.00608230398098366
0.00608558423245884
0.00609571212140535
0.00611315299287209
0.00613838374649161
0.00617179999983061
0.00621384744940769
 0.0062650109910805
0.00632567432538608
0.00639630989380071
0.00647734473236457
0.00656911365814939
0.00667199506150222
0.00678635344175229
0.00691242188189219
0.00705037288914258
0.00720040866825742
0.00736258999079212
0.00753687833719726
0.00772313519611062
0.00792106628377648
0.00813036660364177
0.00835049173391731
0.00858076287847674
0.00882043499335879
0.00906850299484214
0.00932388712936336
0.00958535563971063
0.00985146848089136
 0.0101206815639731
 0.0103914174583572
 0.0106619161385145
 0.0109302990292627
 0.0111947237116605
 0.0114532910575629
 0.0117040686682408
 0.0119451824368032
 0.0121748587956255
 0.0123914249809543
 0.0125933232328386
 0.0127791344052158
 0.0129477220837121
 0.0130982632383152
 0.0132302150795629
 0.0133433188730559
 0.0134377060149724
 0.0135140044708201
 0.0135732577336993
 0.0136169910073297
 0.0136471331618562
 0.0136660828603399
 0.0136766266515068
 0.0136814657050603
 0.0136830883236927
 0.0136834542222695
 0.0136834848583698
  0.013683447320388
 0.0136834444492272
  0.013683458347965
 0.0136834636601982
 0.0136834605045893
 0.0136834577713429
 0.0136834580364796
 0.0136834590578127
 0.0136834593307163
 0.0136834589610544
 0.0136834585376491
 0.0136834586511051
 0.0136834591806428