272.880191509452
272.880362032036
272.880584627909
272.880242782298
272.879982592393
272.880165732393
272.880949849784
272.881002135307
272.878658403557
272.876884547785
272.883268795607
272.893174631572
272.879021040901
272.793213109479
272.511192776497
 271.86410608207
270.776414805261
269.322737972144
267.592097328445
265.571075476211
263.282567990961
260.767760003457
258.100369142848
255.344339647743
252.542039753402
249.742656511996
246.989133852195
244.318720541572
241.751510642314
239.307490737299
236.999167837959
234.830735557853
232.754216010402
228.738735943849
   226.547947915
224.324331634301
222.032583545009
219.673405552596
  217.2377022037
 214.72991007285
212.155974384241
209.514385086558
 206.81539225721
204.064403277958
201.267992937683
198.432436779973
195.569580136697
192.686739018435
189.792389379281
186.897235922572
184.010523556723
181.142856802101
178.304569374889
175.502860508002
172.795742138507
232.740078064258
259.564429304369
260.189132939108
261.610644147638
262.832705403018
263.921323705337
264.890696014991
265.755137627615
266.526498223542
267.214314276128
267.827307007263
268.373018043376
 268.85788198054
269.287630863804
269.667381797798
270.001682986654
270.294502959319
270.549342039227
270.769307277166
270.957422596079
271.116308851031
 271.24843270295
271.355992409008
271.441365098491
 271.50685930759
 271.55486886658
 271.58797124408
271.608795529721
271.620457028755
271.625855939002
271.627565204191
271.627867677697
271.627911616356
 271.62784151768
271.627837472287
271.627857245824
271.627865576705
271.627861183107
271.627857088865
271.627857453654
271.627858909611
271.627859344153
271.627858930964
271.627858348012
271.627858226542
271.627859829344