99.1929978026029
99.1912709526127
99.1890167210429
99.1924785753333
99.1951134252014
99.1932588393841
  99.18531800291
 99.184788479501
99.2085219263414
99.2264808357855
99.1618300818482
99.0614340736406
99.2048501051453
100.069927643684
102.861894147313
108.998011159263
118.599064970115
130.331020749156
143.049054602637
156.599057863854
 170.64840011472
 184.85974604713
198.826341181374
212.294081884631
225.163491025898
237.323742223473
248.705419415208
259.266746783184
269.029311925568
278.005047911579
286.224085934596
293.735608702498
300.752947767194
313.878057602568
320.812606040222
327.701042571187
334.652200371715
341.660187613934
348.747776807711
355.897690662917
363.089800211483
 370.32574298401
 377.57573082869
384.824855447432
392.056319606952
399.255294347598
406.394228626502
413.458458454434
420.431498930061
427.292649816384
434.025821501553
440.612705491039
447.036548485021
453.288328544843
459.248200431611
300.800164065762
191.286740319869
187.977624795228
180.221451044089
173.276225650825
166.846085475005
160.904155666724
 155.41391239058
150.345671011677
145.677721077335
141.387750915535
137.456039287435
133.865870175092
130.601323936017
127.647116385544
124.988701003164
122.612806058302
120.506965210639
118.659254493855
 117.05594895466
115.684453974196
114.531464108902
113.584193550648
112.826661290659
112.242050233137
111.811568478268
111.513785591869
111.326046333371
111.220775223376
111.172004683052
111.156560303925
111.153827677697
111.153431355845
111.154065539332
111.154102736167
111.153924613473
111.153849823805
111.153889944652
111.153927272911
111.153924211281
111.153911189191
111.153907292342
111.153910945715
111.153916017348
111.153916798486
111.153911489163