   -0.180571350383838
   -0.174931621616162
   -0.169291892848485
   -0.163652164080808
   -0.158012435313131
   -0.152372706545455
   -0.146732977777778
   -0.141093249010101
   -0.135453520242424
   -0.129813791474748
   -0.124174062707071
   -0.118534333939394
   -0.112894605171717
    -0.10725487640404
   -0.101615147636364
  -0.0959754188686869
  -0.0903356901010101
  -0.0846959613333333
  -0.0790562325656566
  -0.0734165037979798
   -0.067776775030303
  -0.0621370462626263
  -0.0564973174949495
  -0.0508575887272727
   -0.045217859959596
  -0.0395781311919192
  -0.0339384024242424
  -0.0282986736565657
  -0.0226589448888889
  -0.0170192161212121
  -0.0113794873535354
  -0.0057397585858586
-0.000100029818181829
  0.00553969894949494
   0.0111794277171717
   0.0168191564848485
   0.0224588852525252
    0.028098614020202
   0.0337383427878788
   0.0393780715555555
   0.0450178003232323
   0.0506575290909091
   0.0562972578585859
   0.0619369866262626
   0.0675767153939394
   0.0732164441616161
   0.0788561729292929
   0.0844959016969697
   0.0901356304646464
   0.0957753592323232
          0.101415088
    0.107054816767677
    0.112694545535354
     0.11833427430303
    0.123974003070707
    0.129613731838384
    0.135253460606061
    0.140893189373737
    0.146532918141414
    0.152172646909091
    0.157812375676768
    0.163452104444444
    0.169091833212121
    0.174731561979798
    0.180371290747475
    0.186011019515152
    0.191650748282828
    0.197290477050505
    0.202930205818182
    0.208569934585859
    0.214209663353535
    0.219849392121212
    0.225489120888889
    0.231128849656566
    0.236768578424242
    0.242408307191919
    0.248048035959596
    0.253687764727273
    0.259327493494949
    0.264967222262626
    0.270606951030303
     0.27624667979798
    0.281886408565657
    0.287526137333333
     0.29316586610101
    0.298805594868687
    0.304445323636364
     0.31008505240404
    0.315724781171717
    0.321364509939394
    0.327004238707071
    0.332643967474747
    0.338283696242424
    0.343923425010101
    0.349563153777778
    0.355202882545454
    0.360842611313131
    0.366482340080808
    0.372122068848485
    0.377761797616162
    0.383401526383838