6.280237980586458879e-02
6.276379886473673619e-02
6.264777548829526810e-02
6.245388884695345783e-02
6.218171811112458564e-02
6.183084245122187628e-02
6.140084103765861695e-02
6.089129304084801159e-02
6.030177763115909112e-02
5.963201971270071927e-02
5.888703761216334404e-02
5.807851821849093626e-02
5.721857379068096688e-02
5.631931658739106755e-02
5.539285886727881442e-02
5.445131288900178362e-02
5.350679091121759989e-02
5.257140520899695330e-02
5.165580410244158954e-02
5.076059255179978663e-02
4.988216048295467109e-02
4.901688337877285750e-02
4.816113672212389563e-02
4.731129599587741846e-02
4.646373668290299658e-02
4.561483426607033237e-02
4.476097397106210130e-02
4.389991591809314780e-02
4.303220299788462766e-02
4.215871410775481887e-02
4.128032814508197923e-02
4.039792400724431104e-02
3.951238059162014843e-02
3.862457679558770063e-02
3.773539151656899598e-02
3.684576403869443267e-02
3.595738909279327239e-02
3.507247543621731800e-02
3.419324167406246479e-02
3.332190641142611376e-02
3.246068825340570757e-02
3.161180580509866805e-02
3.077747767160233031e-02
2.995992257473583872e-02
2.916208981826044419e-02
2.838938308169868668e-02
2.764772094298283134e-02
2.694302197419665493e-02
2.628120474742396198e-02
2.566818783474852234e-02
2.510988980825412664e-02
2.461222924001980894e-02
2.418097055631306461e-02
2.381777923464433247e-02
2.351988840479614026e-02
2.328431024312841574e-02
2.310805692599187527e-02
2.298814062973725258e-02
2.292157353071527445e-02
2.290536780527666419e-02
2.293653563248957208e-02
2.301221303224051593e-02
2.313024452682407514e-02
2.328872613115484311e-02
2.348575416198778187e-02
2.371942493607794369e-02
2.398783477018041552e-02
2.428907998105021837e-02
2.462125688544100979e-02
2.498245016836140101e-02
2.536979442045572686e-02
2.577878467635228571e-02
2.620475344662979295e-02
2.664303324139512610e-02
2.708895657075509680e-02
2.753785594481658258e-02
2.798506387368639853e-02
2.842591286747142218e-02
2.885612422078102923e-02
2.927536283366477532e-02
2.968558862994843603e-02
3.008878999845891397e-02
3.048695532802296257e-02
3.088207300746725892e-02
3.127613142561859461e-02
3.167111897130344550e-02
3.206902319012495950e-02
3.247110044640974524e-02
3.287653782510060324e-02
3.328415894276375714e-02
3.369278741146546075e-02
3.410124684327198868e-02
3.450836085024958089e-02
3.491295304446452585e-02
3.531384703802988717e-02
3.570992484702726483e-02
3.610124832134715966e-02
3.648897489999040900e-02
3.687430354816783468e-02
3.725843323111233119e-02
