1.244637806043127903e-03
2.750786341583042957e-03
4.256934877122958011e-03
5.763083412662873065e-03
7.269231948202788118e-03
8.775380483742703172e-03
1.028152901928261823e-02
1.178767755482253328e-02
1.329382609036244833e-02
1.479997462590236339e-02
1.630612316144227844e-02
1.781227169698219176e-02
1.931842023252210855e-02
2.082456876806202534e-02
2.233071730360193866e-02
2.383686583914185197e-02
2.534301437468176876e-02
2.684916291022168555e-02
2.835531144576159887e-02
2.986145998130151219e-02
3.136760851684142898e-02
3.287375705238134577e-02
3.437990558792125562e-02
3.588605412346117240e-02
3.739220265900108919e-02
3.889835119454100598e-02
4.040449973008092277e-02
4.191064826562083262e-02
4.341679680116074941e-02
4.492294533670066620e-02
4.642909387224057605e-02
4.793524240778049283e-02
4.944139094332040962e-02
5.094753947886032641e-02
5.245368801440024320e-02
5.395983654994015305e-02
5.546598508548006984e-02
5.697213362101998663e-02
5.847828215655989648e-02
5.998443069209981326e-02
6.149057922763973005e-02
6.299672776317964684e-02
6.450287629871956363e-02
6.600902483425948042e-02
6.751517336979938333e-02
6.902132190533930012e-02
7.052747044087921691e-02
7.203361897641913369e-02
7.353976751195905048e-02
7.504591604749896727e-02
7.655206458303888406e-02
7.805821311857880085e-02
7.956436165411871764e-02
8.107051018965862055e-02
8.257665872519853734e-02
8.408280726073845412e-02
8.558895579627837091e-02
8.709510433181828770e-02
8.860125286735820449e-02
9.010740140289812128e-02
9.161354993843802419e-02
9.311969847397794098e-02
9.462584700951785777e-02
9.613199554505777455e-02
9.763814408059769134e-02
9.914429261613760813e-02
1.006504411516775249e-01
1.021565896872174417e-01
1.036627382227573585e-01
1.051688867582972614e-01
1.066750352938371782e-01
1.081811838293770950e-01
1.096873323649170118e-01
1.111934809004569286e-01
1.126996294359968454e-01
1.142057779715367621e-01
1.157119265070766650e-01
1.172180750426165818e-01
1.187242235781564986e-01
1.202303721136964154e-01
1.217365206492363322e-01
1.232426691847762490e-01
1.247488177203161658e-01
1.262549662558560826e-01
1.277611147913960132e-01
1.292672633269358884e-01
1.307734118624758191e-01
1.322795603980157497e-01
1.337857089335556249e-01
1.352918574690955555e-01
1.367980060046354862e-01
1.383041545401754169e-01
1.398103030757152920e-01
1.413164516112552227e-01
1.428226001467951534e-01
1.443287486823350840e-01
1.458348972178749592e-01
1.473410457534148899e-01
1.488471942889548205e-01
1.503533428244946957e-01
