5.000000000000002220e-01
4.999253013484214470e-01
4.997010285892090620e-01
4.993275673998567310e-01
4.988053034578576184e-01
4.981346816004276756e-01
4.973163980925491279e-01
4.963512574336274019e-01
4.952402457206511177e-01
4.939844423282667707e-01
4.925851233594040202e-01
4.910436608207418563e-01
4.893616147839432440e-01
4.875406384974123042e-01
4.855825699565153308e-01
4.834893386870822707e-01
4.812630532226352953e-01
4.789059112594641898e-01
4.764202834553835642e-01
4.738086270463821026e-01
4.710735653528075884e-01
4.682178053320142919e-01
4.652442125035688436e-01
4.621557327673253557e-01
4.589554624186029108e-01
4.556465745523307076e-01
4.522323839014300018e-01
4.487162781002353995e-01
4.451017771159866965e-01
4.413924696051296781e-01
4.375920667534672903e-01
4.337043439154256164e-01
4.297331887231084502e-01
4.256825481547544809e-01
4.215564708188804799e-01
4.173590595535150993e-01
4.130945078376992430e-01
4.087670579782665126e-01
4.043810316469971800e-01
3.999407936670509311e-01
3.954507767195985513e-01
3.909154506979041765e-01
3.863393416719154150e-01
3.817270067348037532e-01
3.770830473574122710e-01
3.724120896101528189e-01
3.677187920810269794e-01
3.630078313155017389e-01
3.582839045116973375e-01
3.535517199825414791e-01
3.488159948793320142e-01
3.440814504444192345e-01
3.393528050493991866e-01
3.346347739730808346e-01
3.299320580727762020e-01
3.252493477916313935e-01
3.205913078106005787e-01
3.159625849616015114e-01
3.113677892335622310e-01
3.068115052435130274e-01
3.022982699923866257e-01
2.978325875252578192e-01
2.934189038511931802e-01
2.890616244065527529e-01
2.847650865679875465e-01
2.805335795191385428e-01
2.763713147967846728e-01
2.722824481514996564e-01
2.682710485738404871e-01
2.643411217336346652e-01
2.604965779360906564e-01
2.567412567223122388e-01
2.530788942037565104e-01
2.495131484086241802e-01
2.460475664392420547e-01
2.426856101539951738e-01
2.394306235785066961e-01
2.362858585245959653e-01
2.332544426906874580e-01
2.303394048241039216e-01
2.275436438648053561e-01
2.248699533028214181e-01
2.223209919402266699e-01
2.198993070153378582e-01
2.176073062387071377e-01
2.154472796245673061e-01
2.134213757592350602e-01
2.115316211200992114e-01
2.097798911339795735e-01
2.081679298352581697e-01
2.066973521991397056e-01
2.053696533585603889e-01
2.041861079685267366e-01
2.031478039592354567e-01
2.022559384429201135e-01
2.015117598543951782e-01
2.009154072118108370e-01
2.004661366139539880e-01
2.001665815037507734e-01
2.000212709425359670e-01
2.000036559455774798e-01
2.000576847480488030e-01
2.001566102108097711e-01
2.003045630799880072e-01
2.005035831205920493e-01
2.007521313979782340e-01
2.010493600816905813e-01
2.013953290424256581e-01
2.017898592841755323e-01
2.022324614075864946e-01
2.027226501536431302e-01
2.032599608840838512e-01
2.038438718294496854e-01
2.044737926681320928e-01
2.051490937205448783e-01
2.058691018815859419e-01
2.066331021986676508e-01
2.074403306990852403e-01
2.082899844723919980e-01
2.091812146077723644e-01
2.101131349309771634e-01
2.110848142338805633e-01
2.120952861776967402e-01
2.131435411918722045e-01
2.142285367172272748e-01
2.153491888133348131e-01
2.165043828030848161e-01
2.176929647345186569e-01
2.189137522407136605e-01
2.201655259787144991e-01
2.214470405778938555e-01
2.227570161912755531e-01
2.240941493838290444e-01
2.254571049322629250e-01
2.268445265063807892e-01
2.282550288559956064e-01
2.296872081355173234e-01
2.311396346170645766e-01
2.326108625084193360e-01
2.340994233307955308e-01
2.356038350811710536e-01
2.371225964111874640e-01
2.386541949872005297e-01
2.401971026035335521e-01
2.417497825972104997e-01
2.433106860242587599e-01
2.448782579910269708e-01
2.464509350164664214e-01
2.480271501481397523e-01
2.496053316264440214e-01
2.511839066608472781e-01
2.527613015038991384e-01
2.543359437718340499e-01
2.559062640270090006e-01
2.574706965367176137e-01
2.590276824524708754e-01
2.605756689116013325e-01
2.621131138906385161e-01
2.636384835659680848e-01
2.651502589065329318e-01
2.666469312223503918e-01
2.681270105489991229e-01
2.695890193260889189e-01
2.710315026125664217e-01
2.724530198511717627e-01
2.738521569396269451e-01
2.752275160515849084e-01
2.765777295743694908e-01
2.779014479718086017e-01
2.791973555844892152e-01
2.804641565350433630e-01
2.817005923719956839e-01
2.829054260334117887e-01
2.840774613004766191e-01
2.852155248507768914e-01
2.863184874728675888e-01
2.873852442557751630e-01
2.884147375011896219e-01
2.894059351106715305e-01
2.903578551176025924e-01
2.912695423487940971e-01
2.921400944851278436e-01
2.929686370864880152e-01
2.937543510742117725e-01
2.944964462290274310e-01
2.951941899855052287e-01
2.958468794991375717e-01
2.964538715946478109e-01
2.970145536069139780e-01
2.975283744531347363e-01
2.979948141094224123e-01
2.984134152402170836e-01
2.987837524778758080e-01
2.991054660308495317e-01
2.993782272001423439e-01
2.996017678192858247e-01
2.997758557999522511e-01
2.999003428630696577e-01
2.999751004494738416e-01
2.999999999999999889e-01
