1.239087782213192310e-02
1.237564611915975901e-02
1.232992392958286686e-02
1.225371559107980672e-02
1.214714130682599709e-02
1.201043920824667634e-02
1.184396742888401376e-02
1.164820618937835450e-02
1.142375989356361927e-02
1.117141517307411284e-02
1.089404000901730667e-02
1.059695103691489677e-02
1.028546127960637026e-02
9.964705987912656979e-03
9.639565235353664621e-03
9.314656185948391384e-03
8.994317026231875983e-03
8.682600104177611369e-03
8.382794484164389839e-03
8.094756285230160497e-03
7.817011398861609117e-03
7.548165935765924726e-03
7.286908735934912763e-03
7.032013435520995288e-03
6.782320856639423995e-03
6.536756034087262864e-03
6.294324441134713406e-03
6.054489069263344764e-03
5.817512480022555936e-03
5.583736246954223298e-03
5.353483355568853033e-03
5.127057908864087257e-03
4.904744881320698656e-03
4.686809921375985170e-03
4.473503533377230605e-03
4.265062479566659841e-03
4.061877005939637866e-03
3.864412669065200173e-03
3.673088244851457386e-03
3.488273988181533631e-03
3.310292578687981917e-03
3.139420375431089399e-03
2.975888980481149280e-03
2.819887143662968328e-03
2.671696731647400097e-03
2.531992535335731310e-03
2.401429450314638506e-03
2.280575091145161260e-03
2.169915528937789526e-03
2.069870128260291840e-03
1.980808582397851868e-03
1.903070146965510053e-03
1.836961056494431548e-03
1.782191090504277710e-03
1.737886331082826204e-03
1.703243056626946306e-03
1.677558223281140539e-03
1.660194779453701922e-03
1.650595239361231066e-03
1.648262783513772690e-03
1.652751532314523236e-03
1.663675455914603689e-03
1.680784686652071194e-03
1.703894850381901032e-03
1.732845878617628524e-03
1.767497222622016993e-03
1.807723359962605091e-03
1.853414307603534934e-03
1.904457060445881181e-03
1.960744530252611726e-03
2.022017237429988082e-03
2.087736696743447851e-03
2.157301345602681379e-03
2.230066240429965600e-03
2.305338765255380857e-03
2.382375707506162975e-03
2.460381700990172792e-03
2.538509036073493142e-03
2.615928158943075718e-03
2.692491729288674137e-03
2.768478541004103927e-03
2.844194741862112082e-03
2.919967748808022408e-03
2.996145495372603152e-03
3.073095927207369991e-03
3.151206745742319171e-03
3.230885186343104322e-03
3.312409170139949538e-03
3.395643007899487760e-03
3.480367548452349778e-03
3.566349043356772941e-03
3.653343236809754833e-03
3.741093809166377154e-03
3.829332432967739314e-03
3.917778915817815046e-03
4.006154850659767071e-03
4.094438244298614048e-03
4.182859018836449470e-03
4.271668598332259772e-03
4.361130166204515816e-03
