0.0577325720282873
0.0577325322421912
0.0577325835308084
0.0577324989741842
0.0577326543297236
0.0577323581056775
0.0577329294800356
0.0577318235504226
0.0577339663626427
0.0577298132610996
0.0577620151539523
0.0578854187219137
 0.058081566452891
0.0583632213500198
0.0587280471081756
0.0591849369225326
 0.059738186138983
 0.060397224481422
0.0611726651438911
0.0620771899555613
0.0631290052843326
0.0643466237628602
0.0657641537311006
0.0674154866451729
0.0693666127841139
 0.071638103302163
0.0740625990305504
0.0765917836403179
0.0792661800755182
0.0820761045377719
0.0850450544486403
0.0881765591793464
0.0914859325272245
0.0949889961541222
0.0986978321026963
 0.102631304557985
 0.106809228149796
 0.111248428929524
 0.115977639831733
 0.121019695018244
  0.12640035166724
 0.132160534463243
 0.138329610957277
 0.144950670829213
  0.15207552176188
  0.15974993076655
 0.168042936107465
  0.17702424810393
 0.186767448456701
  0.19738355754062
 0.208975909232915
 0.221673662147612
 0.235653510346263
 0.251092384873606
 0.268231240769425
 0.287378321989723
 0.308878404148975
 0.333243327336407
  0.36110998932204
 0.393317339281946
 0.431250827885286
 0.476192567161623
 0.524475231102979
 0.573140349802867
 0.623031064703577
 0.674194535022473
 0.726743878063709
 0.780824478637897
 0.836595209806106
 0.894307424669781
 0.954897600854711
  1.08122374866309
  1.14907083126052
  1.21764431742528
  1.28242242741801
  1.33668352338021
  1.38450122203082
  1.42786232395115
  1.46789840276022
  1.50530725386037
  1.54059117526425
  1.57409185602244
   1.6060680081887
  1.63673476210112
  1.66623428711079
  1.69469904645218
  1.72223621605404
  1.74893708712981
  1.77487613970148
  1.80012077449662
  1.82471382624532
  1.84871112920322
  1.87215168225351
  1.89508046592653
  1.91753352187197
   1.9395250418915
  1.96108541186183
   1.9822431379454
  2.00301716095684
  2.02343294278558
  2.04350271012695
  2.06324111525688
  2.08266480487372
  2.10179063288866
   2.1206299662656
  2.13920276230142
  2.15750416075862
  2.17555689677716
  2.19336094433051
  2.21093484934627
  2.22828795599529
  2.24543200888445
  2.26236001575719
  2.27907803194156
  2.29559989718776
  2.31193191706015
  2.32808641794823
  2.34405625486569
  2.35985321917409
  2.37548239718584
  2.39095082089854
   2.4062661419676
   2.4214230567446
  2.43642923719265
  2.45128954562782
  2.46601646536735
  2.48060584164764
   2.4950535352537
  2.50936668279248
  2.52355145785505
  2.53761093330436
  2.55154805898141
  2.56537113033299
  2.57907294003919
  2.59266140020912
  2.60613815634217
  2.61950563981583
  2.63276619376742
  2.64592728205308
  2.65898770656559
  2.67194733702371
  2.68480185122677
  2.69755997861354
  2.71022863120109
  2.72279958212835
  2.73527965942584
  2.74767083491516
  2.75997582962089
  2.77219897161456
  2.78433445464942
   2.7963863319943
  2.80835685792747
  2.71847560292219
 0.832991689432189
 0.434617115204574
 0.466051535439796
  0.45373720875482
 0.447334933956456
  0.44039896341762
 0.433764836082542
 0.427306124005945
 0.421027840621714
 0.414924208630539
 0.408984378275458
 0.403201356310106
 0.397567617024079
 0.392075461915824
 0.386722618366134
 0.381498328731876
 0.376400593105866
 0.371427186782388
 0.366569002914876
 0.361822251670962
 0.357185007395856
 0.352651067129427
 0.348217170332177
 0.343879533995351
 0.339633920805078
 0.335480452746937
 0.331413628795969
 0.327431173915825
 0.323529743484152
  0.31970470899527
 0.315956100853009
 0.312285120273284
 0.308685039537432
 0.305154822040262
 0.301691585104223
 0.298292603429394
 0.294959028562203
 0.291686855213115
 0.288474916073755
 0.285321186310229
 0.282223619821031
 0.279181844636514
 0.276193997131026
 0.273257544848147
 0.270368902437796
 0.267548428447826
  0.26468496955353
 0.262354425956546