-0.000464922110552764
 0.000464922110552764
  0.00139476633165829
  0.00232461055276382
  0.00325445477386935
  0.00418429899497487
   0.0051141432160804
  0.00604398743718593
  0.00697383165829146
  0.00790367587939698
  0.00883352010050251
  0.00976336432160804
   0.0106932085427136
   0.0116230527638191
   0.0125528969849246
   0.0134827412060302
   0.0144125854271357
   0.0153424296482412
   0.0162722738693467
   0.0172021180904523
   0.0181319623115578
   0.0190618065326633
   0.0199916507537688
   0.0209214949748744
   0.0218513391959799
   0.0227811834170854
    0.023711027638191
   0.0246408718592965
    0.025570716080402
   0.0265005603015075
   0.0274304045226131
   0.0283602487437186
   0.0292900929648241
   0.0302199371859296
   0.0311497814070352
   0.0320796256281407
   0.0330094698492462
   0.0339393140703518
   0.0348691582914573
   0.0357990025125628
   0.0367288467336683
   0.0376586909547739
   0.0385885351758794
   0.0395183793969849
   0.0404482236180904
    0.041378067839196
   0.0423079120603015
    0.043237756281407
   0.0441676005025126
   0.0450974447236181
   0.0460272889447236
   0.0469571331658291
   0.0478869773869347
   0.0488168216080402
   0.0497466658291457
   0.0506765100502513
   0.0516063542713568
   0.0525361984924623
   0.0534660427135678
   0.0543958869346734
   0.0553257311557789
   0.0562555753768844
   0.0571854195979899
   0.0581152638190955
    0.059045108040201
   0.0599749522613065
   0.0609047964824121
   0.0618346407035176
   0.0627644849246231
   0.0636943291457286
   0.0646241733668342
   0.0655540175879397
   0.0664838618090452
   0.0674137060301507
   0.0683435502512563
   0.0692733944723618
   0.0702032386934673
   0.0711330829145728
   0.0720629271356784
   0.0729927713567839
   0.0739226155778894
    0.074852459798995
   0.0757823040201005
    0.076712148241206
   0.0776419924623115
   0.0785718366834171
   0.0795016809045226
   0.0804315251256281
   0.0813613693467337
   0.0822912135678392
   0.0832210577889447
   0.0841509020100502
   0.0850807462311558
   0.0860105904522613
   0.0869404346733668
   0.0878702788944724
   0.0888001231155779
   0.0897299673366834
   0.0906598115577889
   0.0915896557788945
            0.0925195
   0.0934493442211055
    0.094379188442211
   0.0953090326633166
   0.0962388768844221
   0.0971687211055276
   0.0980985653266332
   0.0990284095477387
   0.0999582537688442
     0.10088809798995
    0.101817942211055
    0.102747786432161
    0.103677630653266
    0.104607474874372
    0.105537319095477
    0.106467163316583
    0.107397007537688
    0.108326851758794
    0.109256695979899
    0.110186540201005
    0.111116384422111
    0.112046228643216
    0.112976072864322
    0.113905917085427
    0.114835761306533
    0.115765605527638
    0.116695449748744
    0.117625293969849
    0.118555138190955
     0.11948498241206
    0.120414826633166
    0.121344670854271
    0.122274515075377
    0.123204359296482
    0.124134203517588
    0.125064047738693
    0.125993891959799
    0.126923736180905
     0.12785358040201
    0.128783424623116
    0.129713268844221
    0.130643113065327
    0.131572957286432
    0.132502801507538
    0.133432645728643
    0.134362489949749
    0.135292334170854
     0.13622217839196
    0.137152022613065
    0.138081866834171
    0.139011711055276
    0.139941555276382
    0.140871399497487
    0.141801243718593
    0.142731087939698
    0.143660932160804
     0.14459077638191
    0.145520620603015
    0.146450464824121
    0.147380309045226
    0.148310153266332
    0.149239997487437
    0.150169841708543
    0.151099685929648
    0.152029530150754
    0.152959374371859
    0.153889218592965
     0.15481906281407
    0.155748907035176
    0.156678751256281
    0.157608595477387
    0.158538439698492
    0.159468283919598
    0.160398128140704
    0.161327972361809
    0.162257816582915
     0.16318766080402
    0.164117505025126
    0.165047349246231
    0.165977193467337
    0.166907037688442
    0.167836881909548
    0.168766726130653
    0.169696570351759
    0.170626414572864
     0.17155625879397
    0.172486103015075
    0.173415947236181
    0.174345791457286
    0.175275635678392
    0.176205479899497
    0.177135324120603
    0.178065168341709
    0.178995012562814
     0.17992485678392
    0.180854701005025
    0.181784545226131
    0.182714389447236
    0.183644233668342
    0.184574077889447
    0.185503922110553