398.903412015099
398.903199581695
398.902184308854
398.899761334583
398.896117993846
398.891186680441
398.884976587428
 398.87747023408
398.868655061576
398.858513785489
398.847026910906
398.834172510619
398.819925594451
398.804258783415
398.787141418853
398.768540314443
398.748418811297
 398.72673751408
398.703453335318
398.678520206677
398.651888111441
398.623503766106
398.593309643485
398.561244621042
398.527242995524
398.491235093934
398.453146281328
398.412897530081
398.370404422856
398.325577675523
398.278322137966
398.228537265825
398.176116122694
398.120945795749
 398.06290640406
398.001871453258
397.937706856222
397.870271222273
397.799414898498
397.724980189661
397.646800431024
397.564700136321
397.478494116313
397.387987553976
 397.29297518734
397.193241313708
397.088559060841
396.978690325793
396.863385165519
396.742381681128
396.615405567844
 396.48216996254
396.342375204155
396.195708671782
396.041844820609
395.880445050243
395.711158098715
395.533619996863
395.347454924685
395.152275328541
394.947683371157
394.733271315387
394.508623732847
394.273318292708
394.026928936009
393.769027252817
393.499186882241
 393.21698571956
392.922011869373
392.613867000612
392.292174267198
391.956583229745
391.606780271584
391.242495640148
390.863517035382
390.469699501949
390.060983061252
389.637406415786
389.199129739623
388.746453438141
388.279847481679
387.799976736152
387.307738436792
386.804295765976
386.291124905099
385.770057869891
385.243339467417
 384.71367897353
384.184313258083
 383.65905770348
383.142363387444
382.639357620372
382.155861580653
381.698331438592
381.273786589569
380.889770790247
380.554091004012
380.273973920226
380.055706167376
379.906087872554
379.831031092397
379.819739904923
379.845589574003
379.894619108135
379.967628060099
380.064921794502
380.184966439648
380.326331565522
380.487876855489
380.668271258513
380.865984726131
381.079457699141
 381.30713954057
381.547481400853
381.798953436118
382.060073908803
382.329421601062
382.605646196219
382.887472907676
383.173709909741
383.463248104396
 383.75506373212
384.048214786672
384.341841249111
 384.63515964429
384.927461801712
385.218108555473
385.506527853463
 385.79220827198
386.074696926418
386.353593203482
386.628546737167
386.899251582527
387.165444381273
387.426899084918
387.683425353881
387.934863867391
388.181084953791
388.421984483902
 388.65748270693
 388.88752070201
389.112059384258
389.331076478477
389.544565657704
389.752533998888
389.955001218099
 390.15199756746
 390.34356313491
390.529746143063
390.710602285838
390.886193392232
391.056586776578
391.221854232918
391.382071379808
 391.53731695374
391.687672133151
391.833220102029
391.974045341037
392.110233434986
392.241870321782
 392.36904231981
392.491835327798
392.610335050324
392.724626143698
  392.8347926198
392.940916934757
393.043080553135
393.141362977585
393.235842457071
393.326594956806
393.413694995687
393.497214556809
 393.57722404063
393.653791117102
393.726981782332
393.796859153999
393.863484620347
393.926916581084
393.987211678525
394.044423486559
394.098603814624
394.149801347686
394.198063014536
 394.24343258183
  394.2859520788
394.325660349156
394.362594525126
394.396788539285
394.428274640471
394.457081874616
394.483237639018
394.506766116352
394.527689850577
394.546028209639
394.561799019852
394.575016796208
394.585694298194
394.593841172323
394.599469200095
394.602556980841
394.604470012986