277815.869432384
277820.906459735
277837.418452133
277845.419834741
277851.235137068
277852.870292354
277850.905033243
277845.129154828
277835.553677695
277822.131233706
277804.798718526
277783.511108556
277758.185268518
277728.761502079
277695.139736591
277657.243043252
277614.954199131
277568.177641412
277516.777745847
 277460.63885246
277399.605523793
277333.540323084
277262.266316515
277185.622369352
277103.408121595
277015.436560349
276921.481696964
276821.328185488
276714.721921005
 276601.41648085
276481.126857171
276353.572507185
276218.434425508
276075.394600398
 275924.09662386
 275764.18136346
275595.251300565
275416.902242151
275228.691570022
275030.165834649
274820.833091027
274600.186237579
274367.679607794
274122.747942347
273864.787400218
 273593.17008234
273307.229622034
273006.271214739
272689.561945987
272356.336325287
272005.791511285
271637.088400081
271249.351912572
270841.667749898
270413.087918328
269962.623338795
269489.254801246
268991.921703104
268469.538649016
267920.980696343
267345.105849155
266740.737309308
266106.692156883
265441.761244951
264744.744414361
264014.428831047
263249.631153717
262449.175297378
261611.942062033
260736.847519292
259822.900725002
258869.184174461
257874.920372295
256839.456096184
255762.338796849
254643.306766416
 253482.37660974
 252279.84183465
251036.372964556
249753.027568861
248431.364980497
247073.471132814
245682.089891828
244260.666370017
242813.496745763
241345.791056437
239863.838388408
 238375.08962991
236888.333451014
235413.766494233
233963.125195094
232549.754576475
231188.710436874
229896.493305465
228690.650808834
227589.929089802
226614.490388392
225782.841433686
225107.830062446
224604.346641078
224310.363262396
224222.169391749
 224251.17873596
224337.295223095
224482.945193262
224691.777362289
224959.655676313
 225282.39598206
 225657.42424429
226081.786146096
226551.786033546
227063.623806546
227613.569122911
228197.891804418
 228812.86917443
229454.881745777
230120.439758036
230806.215414908
231509.041705586
232225.944502887
232954.131338991
233691.011587774
234434.175907196
235181.411858025
 235930.67841321
236680.118374207
   237428.030248
238172.879287583
238913.268558847
239647.949412047
240375.792883102
241095.800014741
241807.074348869
242508.832185172
243200.376649192
243881.107797815
244550.498583081
245208.104611951
245853.542224479
246486.497668675
247106.707450858
247713.966672069
248308.111770976
248889.027773227
249456.633522948
250010.887612049
250551.776178828
251079.317305529
251593.551448319
252094.544115325
252582.378979301
 253057.15867328
253519.000624667
 253968.03583053
254404.407439227
254828.267391757
255239.777764188
255639.105185116
256026.424939172
256401.913093343
256765.753348776
257118.126830428
257459.221661366
257789.220390926
258108.312252832
258416.678226691
258714.505928672
259001.972319773
259279.261165496
259546.543421949
259803.997189055
260051.785822102
260290.080291604
260519.035083473
260738.812867688
260949.558264846
261151.424715338
261344.546203636
261529.066209869
261705.107495838
261872.803011266
262032.263857253
262183.612011868
262326.946597593
 262462.37827859
262589.993968313
262709.892758682
262822.149214775
262926.850632507
263024.059067166
263113.849918374
 263196.27288544
263271.391105826
263339.241065985
263399.874321945
263453.317302399
263499.605652403
263538.757277522
263570.674770659
263596.663402759
263604.125572878