0.223945804375803
0.223957813331873
 0.22401519853724
0.224152092180964
0.224357781777127
  0.2246358945454
0.224985652606157
0.225407714518485
0.225902391335173
0.226470188336016
0.227111661211264
0.227827426131736
0.228618192035521
0.229484719881439
0.230427868485905
0.231448548975704
0.232547772498514
0.233726605094625
0.234986214752566
0.236327827173577
0.237752772107388
0.239262440232601
0.240858328512273
0.242541998326766
0.244315119673586
0.246179430700695
0.248136780537243
0.250189090370936
 0.25233839468429
0.254586804019836
0.256936544372999
0.259389921785782
0.261949359622323
0.264617365126749
0.267396564277451
0.270289670436687
0.273299516444786
0.276429025477112
0.279681239998763
0.283059294927623
0.286566443022752
0.290206030429179
0.293981518018066
0.297896459358036
 0.30195451746101
 0.30615944518433
0.310515096761366
 0.31502541058607
0.319694414820053
0.324526212443466
0.329524980127769
0.334694955350002
0.340040427599559
0.345565727241759
0.351275207983006
0.357173237026946
0.363264167548842
0.369552329503573
0.376041990647256
0.382737347116696
0.389642471269883
 0.39676130084067
0.404097571528109
0.411654803107938
0.419436214251089
0.427444703400685
 0.43568274269316
0.444152350620925
 0.45285496109237
0.461791383802155
0.470961643292935
0.480364921414853
0.489999359595326
0.499861975611362
0.509948419943938
0.520252856094632
0.530767658699999
0.541483242629747
0.552387686335593
0.563466489905997
0.574702102286828
0.586073583426541
0.597556009778967
0.609120011859716
0.620731034295798
0.632348731007062
0.643926072377984
0.655408598170921
0.666733432072267
0.677828557688255
0.688611928525164
0.698990870778206
0.708861855042959
0.718111660938921
0.726618554472942
0.734252565492016
0.740879925617807
0.746378544275695
0.750643509845712
0.753557335340853
0.755016127259161
0.755235411940134
0.754733323726814
0.753780367198015
0.752359786062557
0.750463777800381
0.748119804506328
 0.74535293986711
0.742182269071942
0.738630361719034
0.734723565077575
0.730488786774944
0.725952823319866
  0.7211425815302
0.716084810422834
0.710805579296299
0.705330072904345
0.699682413833008
0.693885589476174
0.687961310410719
0.681930016046894
0.675810813559043
0.669621539053515
0.663378733839719
0.657097736376184
0.650792682491991
0.644476611899124
 0.63816147906546
0.631858263323884
0.625576983427888
0.619326804673473
0.613116053138246
0.606952316108826
0.600842454265314
0.594792693569389
0.588808634919548
0.582895336771378
0.577057322500863
0.571298653665747
0.565622935652089
0.560033381823923
0.554532818151559
0.549123738658404
0.543808309731898
 0.53858841733828
0.533465671658317
0.528441446549721
 0.52351688506463
 0.51869293162258
0.513970338874463
0.509349693021702
0.504831422402357
0.500415816362426
0.496103035858665
0.491893126259681
0.487786030188601
0.483781594606417
0.479879586055975
0.476079692358259
0.472381540366622
 0.46878469258818
0.465288667512704
 0.46189293145562
0.458596921488486
0.455400032786725
0.452301644157082
0.449301101161759
0.446397744211703
0.443590887728874
 0.44087985075188
0.438263932389376
 0.43574244486571
0.433314685510716
0.430979972157086
0.428737611904873
0.426586938768803
0.424527279449564
0.422557993117617
0.420678434417683
0.418887995266039
0.417186065309628
0.415572075603996
0.414045456743386
0.412605684283487
 0.41125223475667
0.409984632680542
0.408802404661371
0.407705127883789
0.406692382531404
0.405763801427264
 0.40491902088396
 0.40415773196499
0.403479630318792
0.402884466577582
0.402371993983727
0.401942026358866
0.401594388038763
0.401328958417941
0.401145501227718
0.401044816320267
0.401018632842645