109587.467673377
109589.291818619
109595.027206519
109596.326814364
109595.828961937
109592.695406996
109587.162092876
109579.133048206
109568.603441354
109555.541905918
109539.909298497
109521.671870659
109500.778637207
109477.186170888
109450.832772758
109421.664101001
 109389.60745758
109354.596785019
109316.547631855
109275.381367558
109231.000931201
109183.314135365
109132.210305524
109077.582578414
109019.305524764
108957.256344794
108891.293567052
108821.277048596
 108747.04783979
108668.446899761
108585.296215018
108497.416145131
108404.607880908
 108306.66934018
108203.379049395
108094.510515366
107979.817612535
107859.047363708
107731.926914046
107598.174662466
 107457.48890283
107309.557258136
107154.047069578
106990.613098288
106818.889744198
106638.496995349
106449.034561057
106250.086067186
106041.215192326
 105821.96812944
105591.871819938
105350.434728323
105097.147277502
104831.481013964
104552.891358723
104260.815276682
103954.676471374
103633.881713864
103297.828626066
102945.900871971
102577.478693674
102191.933220886
101788.639945625
101366.972464743
100926.319103193
100466.076468393
99985.6694580061
99484.5450744482
98962.1960817069
98418.1556041693
97852.0247301225
97263.4685041301
96652.2478170741
96018.2175008485
 95361.362903573
94681.8009189222
93979.8217318362
93255.8937678319
92510.7112112352
91745.2040537642
90960.5921338793
 90158.401596267
89340.5262127395
88509.2516740245
87667.3247872303
  86817.98574222
85965.0436265996
85112.9163713016
84266.7090689401
 83432.245632009
 82616.126185016
81825.7536235532
81069.3624315801
80355.8814179625
79694.7560767532
79095.9951593654
78570.1285476856
78126.7225172564
77772.8751712164
77516.7582617154
77374.1601382839
 77337.554000789
  77361.72043135
77418.3041539981
77508.6286282376
 77634.197980132
77792.8439612795
77982.4538266912
78201.6435461569
78448.8012731065
78721.9512491878
79019.0625932662
79338.1269838978
 79677.126906262
 80034.044614637
80406.9094359751
80793.8124717781
81192.9228690282
81602.4897117904
82020.8577472699
82446.4639291854
82877.8470194442
83313.6394656189
83752.5744862917
84193.4753671565
84635.2607560461
85076.9325384374
85517.5802791321
85956.3685707499
 86392.541060677
86825.4078384593
87254.3492929009
87678.8039097901
88098.2720401133
88512.3043451651
88920.5054674135
 89322.523278102
89718.0523903085
 90106.824313634
90488.6107239524
90863.2145992651
91230.4731511511
 91590.249996908
91942.4376574608
92286.9508084668
92623.7282542738
92952.7272916745
93273.9250770207
93587.3141290639
93892.9030151339
94190.7130130626
94480.7780516624
94763.1425456488
95037.8605350822
95304.9947012839
95564.6146592279
95816.7971566112
96061.6234822865
96299.1808449134
96529.5588693456
96752.8521456739
96969.1557939997
 97178.569169212
97381.1904827688
97577.1216432631
97766.4619316779
 97949.313952707
98125.7763674415
98295.9509255369
98459.9342664138
98617.8259977119
98769.7195828432
98915.7114267514
99055.8908740303
99190.3502588195
99319.1740436982
99442.4497865778
 99560.256456203
99672.6762652058
99779.7822032776
 99881.650681929
 99978.348331292
100069.945399313
100156.501862558
100238.081517878
100314.737461986
100386.526816901
100453.495636152
100515.694180442
100573.161313408
100625.940323749
100674.062873873
100717.565059773
100756.470977417
100790.809821429
100820.599244659
100845.859586536
100866.602590152
100882.797756973
100894.928395881
100898.352372588