0.964169579655951
0.964186655745032
0.964242025033978
0.964265173342722
0.964278407414149
0.964274678196491
 0.96425601574445
0.964221658046377
0.964171620505349
 0.96410570716681
0.964023663556554
0.963925293626719
0.963810263578213
0.963678316757012
 0.96352905054592
0.963362138238562
0.963177107159563
0.962973555068274
0.962750934240179
0.962508761124988
0.962246407304619
0.961963301290322
0.961658727282333
 0.96133201828713
0.960982363480244
0.960608991799764
0.960210988710847
0.959787469472591
0.959337406074659
0.958859789399238
0.958353467078626
0.957817293808659
0.957249980852212
0.956650233799355
0.956016614418261
0.955347665203656
0.954641784253618
0.953897336002645
0.953112539781164
0.952285566194917
0.951414440004631
0.950497121691683
0.949531425279682
0.948515084720355
0.947445687268342
0.946320724434276
0.945137541520893
0.943893373026205
0.942585308955493
0.941210314720584
0.939765214861193
0.938246697681453
0.936651317048477
0.934975482239588
0.933215478539211
0.931367443045001
0.929427404859694
0.927391247926762
0.925254771715001
0.923013642529417
0.920663475716362
0.918199777327525
0.915618049035624
0.912913722522894
0.910082288495668
0.907119226728335
0.904020160805697
 0.90078078738634
0.897397058595685
0.893865114792103
0.890181496901769
0.886343087801386
0.882347357365293
0.878192318559081
0.873876808612315
 0.86940046711136
 0.86476405759478
0.859969476362589
0.855020119899944
0.849920934849756
0.844678838014889
0.839302819136603
0.833804420369772
0.828197904539693
0.822500800231459
0.816734138373977
0.810923051306657
0.805097078151365
0.799290797710208
0.793544081946862
0.787902566899246
0.782417889995113
0.777148016098711
0.772156233756683
0.767509723458425
0.763280050396156
0.759543601135108
0.756370243780365
  0.7538096197951
0.751919126189155
0.750832561972844
0.750521959662885
0.750654303552312
0.751009455891246
0.751596749182453
0.752429007820883
0.753490541656553
0.754765678966556
0.756244568916023
0.757915847235475
0.759765398911759
0.761778711796476
0.763941503501295
0.766239469165484
0.768658322023592
 0.77118414928264
0.773803514758156
0.776503579601664
0.779272104075136
0.782097566575835
0.784969127098531
0.787876701361952
0.790810889429638
0.793763032215856
 0.79672512140463
0.799689843529786
0.802650479806998
 0.80560094466583
0.808535682253888
0.811449702520507
0.814338478650019
0.817197982348576
0.820024585014124
0.822815092646346
0.825566652549462
0.828276787618829
0.830943309759083
0.833564352917561
0.836138294022224
0.838663783953819
0.841139676580738
0.843565056802482
 0.84593917811822
0.848261486885778
0.850531568769121
0.852749168408017
0.854914145023694
0.857026486765973
0.859086275702839
0.861093696193322
0.863049009438482
0.864952555313492
0.866804736611086
0.868606013851745
0.870356899304454
0.872057944377811
0.873709743456492
0.875312913557546
0.876868107974377
0.878375987960948
0.879837246128594
0.881252569996136
0.882622675038821
0.883948260014223
0.885230049517459
0.886468741061199
0.887665056947237
0.888819683143941
0.889933330241548
0.891006664231916
0.892040376273738
0.893035105537498
 0.89399151746734
0.894910218908723
   0.895791844516
0.896636964431473
0.897446178451812
0.898220016575066
0.898959040505468
0.899663737429412
0.900334628405221
0.900972155770452
0.901576797937292
0.902148950871513
0.902689048771752
0.903197440095374
0.903674513627689
0.904120569564336
0.904535950256277
0.904920906870574
0.905275734798771
0.905600636533938
0.905895859048338
0.906161553119525
0.906397919719753
0.906605068559186
0.906783138972032
0.906932204747879
0.907051947555141
0.907146818812005
0.907168807878898