 0.50003734932579
0.499962650674211
0.499813164968815
0.499514297994533
0.499066435428857
0.498469992529143
0.497725539846488
0.496833827763088
0.495795751577139
0.494612344024459
0.493284782843835
0.491814392090073
0.490202637802343
0.488451126640678
0.486561604226964
0.484535954321799
0.482376195954859
 0.48008448224105
0.477663097357424
0.475114455250883
0.472441096199595
0.469645685342411
0.466731008917792
0.463699972635447
0.460555597592964
0.457301018485467
 0.45393947922688
0.450474331000833
0.446909027608111
0.443247123360558
0.439492268179298
0.435648205334446
0.431718766319267
0.427707868438931
0.423619509486817
0.419457765186198
0.415226783695607
0.410930782907983
0.406574044812632
0.402160912657024
0.397695785193325
0.393183113708751
 0.38862739618491
 0.38403317420336
0.379405027046108
0.374747568483783
 0.37006544084559
0.365363311698264
  0.3606458679136
0.355917812247119
0.351183857430937
0.346448722661876
0.341717127746909
 0.33699378951124
0.332283416022929
0.327590702932204
0.322920327801116
0.318276946386101
0.313665187097582
0.309089647238538
 0.30455488761795
0.300065428758822
0.295625745688226
0.291240264128873
 0.28691335548727
0.282649333043563
0.278452447157962
0.274326881474142
 0.27027674836267
0.266306085153738
0.262418849834863
0.258618917329201
0.254910075463034
 0.25129602130619
0.247780357423933
0.244366588296619
0.241058116866251
0.237858241051551
0.234770150607642
0.231796923757396
0.228941524344455
0.226206798583813
0.223595472621524
0.221110149477782
0.218753306627022
0.216527292931637
0.214434327691901
0.212476498439667
0.210655756127039
0.208973910484619
0.207432641017199
 0.20603350277885
0.204777880663544
0.203666955963881
0.202701871201078
0.201883849148658
0.201213583533103
0.200690771912882
0.200316359058852
0.200093926223143
0.200012463444057
0.200030670346813
0.200107147479429
0.200230586645399
 0.20040407310029
0.200627857259285
0.200900745739834
0.201222344562058
0.201592594163301
0.202011160345881
0.202477555780615
0.202991305518863
0.203551916356767
0.204158832248791
0.204811443194338
0.205509097801065
0.206251102040127
0.207036716448876
0.207865157585739
0.208735599540082
0.209647174769375
0.210598974582429
0.211590050205789
0.212619413684784
 0.21368603895455
0.214788862765281
 0.21592678580821
0.217098673768802
0.218303358487616
0.219539639109714
0.220806283278304
0.222102028384585
0.223425582787552
0.224775627158046
0.226150815719322
0.227549777681188
0.228971118495756
0.230413421376291
0.231875248562742
0.233355142919607
0.234851629205983
0.236363215746179
0.237888395699194
0.239425648795367
0.240973442600372
0.242530234310735
0.244094472007643
0.245664596503747
0.247239042582303
0.248816240887292
0.250394619143646
0.251972604082373
0.253548622637867
0.255121103899422
0.256688480281863
0.258249189494594
0.259801675682036
 0.26134439140112
0.262875798728303
0.264394371236251
0.265898595064442
0.267386970885675
0.268858014937544
0.270310260969328
0.271742261231869
0.273152588395399
0.274539836495606
0.275902622812977
0.277239588773089
0.278549401778149
0.279830756059766
 0.28108237445352
0.282303009202704
0.283491443666944
0.284646493075627
0.285767006161822
0.286851865864321
0.287899990878482
0.288910336305931
0.289881895114137
0.290813698733198
0.291704818416961
0.292554365785808
 0.29336149408035
 0.29412539865162
0.294845318107266
0.295520534742321
0.296150375546893
0.296734212600781
0.297271464030024
0.297761594281279
 0.29820411467482
0.298598583859046
0.298944609254363
0.299241846615496
0.299489997509714
0.299688811809619
0.299838099331511
0.299937721656272
0.299987550224737
0.300012449775263