396.027705617939
 396.02728381412
396.025267910341
396.020456925802
396.013222873471
396.003431586187
395.991101411531
395.976197760924
395.958695845272
395.938561521078
395.915756285887
395.890236839796
395.861953835648
395.830853219982
395.796874467447
395.759952076932
395.720013699625
395.676981604336
395.630770785237
 395.58129037876
395.528441749171
395.472119847603
395.412211280605
395.348595604465
395.281143378829
395.209717388475
395.134170685637
395.054347730997
394.970082429144
394.881199180037
394.787510913474
394.688820042006
394.584916502124
394.475578599556
394.360571067317
394.239645794664
394.112539915353
393.978976412356
393.838662253826
393.691288867262
 393.53653034602
393.374043789156
393.203467608193
393.024421732701
 392.83650605577
392.639300510925
392.432363705861
392.215232883977
391.987422809944
391.748425639657
391.497710138738
391.234721498766
390.958880991715
390.669585788789
390.366209180964
390.048100480782
389.714585972688
389.364969009016
388.998531895038
388.614536329823
388.212226481443
387.790829973486
387.349562467857
386.887629461282
386.404232769394
385.898573478421
385.369860818777
384.817316720698
384.240187684111
 383.63775152109
383.009332979806
382.354313432394
381.672151206264
 380.96239520839
380.224711172893
379.458900520514
 378.66493406349
377.842977795969
 376.99343601314
376.116986213869
375.214634047775
374.287759971529
373.338188783033
372.368250928354
371.380869040435
370.379635512541
369.368916386281
 368.35394422436
367.340932189111
366.337164156103
365.351096620499
364.392429069515
363.472131758216
362.602330072189
361.796168094445
361.067738906538
360.431598257566
 359.90118278019
359.488152788409
359.205165760649
359.063245845478
359.041898510311
359.090771326087
359.183478415419
359.321548963708
359.505586806026
359.732724506511
360.000294878267
360.306183260323
360.647916234308
361.022643905937
361.427459134573
361.859469050801
 362.31578039655
 362.79353122179
363.289945433549
 363.80235595272
364.328224243969
364.865149103102
365.410880950709
365.963321669421
366.520529965265
367.080714984644
367.642237269182
368.203598891459
368.763441635411
369.320535487946
 369.87377555409
370.422170142784
370.964837249441
371.500992984672
372.029948113723
372.551097250172
373.063915686781
373.567949563354
374.062813076451
374.548179700875
375.023779780742
375.489392808394
375.944845356117
376.390004374705
376.824775406318
377.249096843927
377.662938360998
378.066296064098
378.459191077669
378.841665519859
379.213781186802
 379.57561628314
379.927264157696
380.268830723419
380.600433203951
380.922198181789
381.234260322422
381.536760993861
 381.82984694148
382.113669426394
382.388382829809
382.654144261919
382.911112079466
383.159445920768
383.399305124398
383.630849149646
383.854235887773
384.069622430666
384.277163269108
384.477011375555
384.669316286395
384.854225467702
385.031882280525
385.202427601194
385.365997670402
385.522725942081
385.672740818485
385.816167703895
385.953126629057
 386.08373448801
386.208102556198
386.326338890541
386.438545746279
 386.54482212204
386.645261081186
386.739952425118
386.828979925097
386.912424108228
386.990359407163
387.062857044772
387.129982105777
387.191796505372
387.248356000592
387.299713235844
387.345914662972
387.387003630744
387.423017361875
 387.45399015874
387.479949924659
387.500921216496
387.516922576229
387.527976836726
387.534041751663
387.537799288774