89.3327454719736
89.3374883094039
89.3601520148868
89.4142160736342
89.4954481926066
89.6052785462369
89.7433967723142
89.9100589383788
90.1053830070543
 90.329562736423
90.5828108509098
 90.865362976475
91.1774903371443
91.5194836144369
91.8916709767335
92.2944000329373
92.7280565818717
93.1930467196218
93.6898153080428
94.2188284212208
94.7805915043392
95.3756322451479
96.0045183169046
96.6678407259907
97.3662310656359
98.1003453946417
98.8708809131837
99.6785604250998
100.524148341795
101.408435779766
102.332255788805
103.296469134249
104.301978635243
 105.34971567824
106.440653538742
107.575794668286
108.756182858952
109.982891340287
111.257033629594
112.579752467588
113.952229178897
115.375673465328
116.851331079849
118.380474483745
119.964408613342
121.604462391571
123.301992339608
125.058374913803
126.875007683996
128.753302442776
130.694683638111
132.700582172684
134.772430740246
136.911658197228
139.119681409333
141.397900034263
143.747684436518
146.170370666822
148.667243947205
151.239533566372
153.888391371053
156.614886212186
 159.41997679734
162.304505212498
165.269163385902
168.314485062456
171.440804988383
174.648248511417
177.936682397441
181.305700942128
184.754567043838
188.282193301191
191.887071546264
195.567246813804
199.320232925924
203.142976384302
207.031754729641
210.982126275864
214.988806800696
219.045599582194
 223.14524462333
227.279322018486
231.438066736806
 235.61023722436
239.782889501629
243.941206554546
248.068230493032
252.144653033219
256.148525726889
260.055065727185
263.836401751917
267.461417777077
270.895712955602
274.102022766982
277.040607670137
279.669291372405
281.944886636605
283.828335080511
 285.28634921437
 286.28101925701
286.778554108235
286.853317730089
286.682124322158
 286.35710548788
285.872363357993
285.224957019309
284.423902769074
283.477349341236
282.391355798973
281.173142894635
279.831214114764
278.374270719499
276.810994501499
275.150135713757
273.400431190939
271.570432160733
269.668438811353
267.702442076709
265.680099841585
263.608687584442
261.495098933225
259.345821828206
257.166956656206
254.964204009462
252.742892732955
250.507975430769
 248.26406144402
246.015416004356
243.765994722619
241.519444281064
239.279136352827
237.048168606068
234.829396848786
232.625435808765
230.438688867954
228.271348463553
226.125423119342
224.002737528915
221.904956789831
219.833586331845
217.789993367868
215.775406867109
213.790936291762
211.837571815562
209.916200440045
208.027606641333
206.172485968812
204.351446277417
202.565018912767
200.813660658697
199.097762610755
197.417652942231
195.773603564788
194.165833792175
192.594514883703
191.059774663644
189.561700040727
188.100342622943
186.675719304253
185.287818898888
 183.93660088501
182.622003069287
181.343938576167
180.102304542217
178.896977438823
177.727822786182
176.594688896533
175.497417589508
174.435836442344
173.409770481301
172.419033024644
171.463438318831
170.542791059346
 169.65689993518
 168.80556591187
167.988596643274
167.205793600401
166.456967305514
 165.74192338951
165.060478600047
164.412445869441
163.797651044961
163.215917048212
162.667081274697
162.150978925568
161.667461014761
161.216376950369
160.797593108365
160.410974751284
 160.05640504135
159.733766339926
159.442959838427
159.183886451438
158.956466115544
158.760617821424
158.596281801651
158.463400430534
158.361935275823
158.291801856463
158.253309983889
158.243745078204