-0.00251256281407035
 0.00251256281407035
 0.00753768844221105
  0.0125628140703518
  0.0175879396984925
  0.0226130653266332
  0.0276381909547739
  0.0326633165829146
  0.0376884422110553
   0.042713567839196
  0.0477386934673367
  0.0527638190954774
  0.0577889447236181
  0.0628140703517588
  0.0678391959798995
  0.0728643216080402
  0.0778894472361809
  0.0829145728643216
  0.0879396984924623
   0.092964824120603
  0.0979899497487437
   0.103015075376884
   0.108040201005025
   0.113065326633166
   0.118090452261307
   0.123115577889447
   0.128140703517588
   0.133165829145729
   0.138190954773869
    0.14321608040201
   0.148241206030151
   0.153266331658291
   0.158291457286432
   0.163316582914573
   0.168341708542714
   0.173366834170854
   0.178391959798995
   0.183417085427136
   0.188442211055276
   0.193467336683417
   0.198492462311558
   0.203517587939698
   0.208542713567839
    0.21356783919598
   0.218592964824121
   0.223618090452261
   0.228643216080402
   0.233668341708543
   0.238693467336683
   0.243718592964824
   0.248743718592965
   0.253768844221106
   0.258793969849246
   0.263819095477387
   0.268844221105528
   0.273869346733668
   0.278894472361809
    0.28391959798995
    0.28894472361809
   0.293969849246231
   0.298994974874372
   0.304020100502513
   0.309045226130653
   0.314070351758794
   0.319095477386935
   0.324120603015075
   0.329145728643216
   0.334170854271357
   0.339195979899497
   0.344221105527638
   0.349246231155779
    0.35427135678392
    0.35929648241206
   0.364321608040201
   0.369346733668342
   0.374371859296482
   0.379396984924623
   0.384422110552764
   0.389447236180905
   0.394472361809045
   0.399497487437186
   0.404522613065327
   0.409547738693467
   0.414572864321608
   0.419597989949749
   0.424623115577889
    0.42964824120603
   0.434673366834171
   0.439698492462312
   0.444723618090452
   0.449748743718593
   0.454773869346734
   0.459798994974874
   0.464824120603015
   0.469849246231156
   0.474874371859296
   0.479899497487437
   0.484924623115578
   0.489949748743719
   0.494974874371859
                 0.5
   0.505025125628141
   0.510050251256281
   0.515075376884422
   0.520100502512563
   0.525125628140704
   0.530150753768844
   0.535175879396985
   0.540201005025126
   0.545226130653266
   0.550251256281407
   0.555276381909548
   0.560301507537688
   0.565326633165829
    0.57035175879397
   0.575376884422111
   0.580402010050251
   0.585427135678392
   0.590452261306533
   0.595477386934673
   0.600502512562814
   0.605527638190955
   0.610552763819096
   0.615577889447236
   0.620603015075377
   0.625628140703518
   0.630653266331658
   0.635678391959799
    0.64070351758794
    0.64572864321608
   0.650753768844221
   0.655778894472362
   0.660804020100503
   0.665829145728643
   0.670854271356784
   0.675879396984925
   0.680904522613065
   0.685929648241206
   0.690954773869347
   0.695979899497488
   0.701005025125628
   0.706030150753769
    0.71105527638191
    0.71608040201005
   0.721105527638191
   0.726130653266332
   0.731155778894472
   0.736180904522613
   0.741206030150754
   0.746231155778895
   0.751256281407035
   0.756281407035176
   0.761306532663317
   0.766331658291457
   0.771356783919598
   0.776381909547739
    0.78140703517588
    0.78643216080402
   0.791457286432161
   0.796482412060302
   0.801507537688442
   0.806532663316583
   0.811557788944724
   0.816582914572864
   0.821608040201005
   0.826633165829146
   0.831658291457287
   0.836683417085427
   0.841708542713568
   0.846733668341709
   0.851758793969849
    0.85678391959799
   0.861809045226131
   0.866834170854271
   0.871859296482412
   0.876884422110553
   0.881909547738694
   0.886934673366834
   0.891959798994975
   0.896984924623116
   0.902010050251256
   0.907035175879397
   0.912060301507538
   0.917085427135678
   0.922110552763819
    0.92713567839196
   0.932160804020101
   0.937185929648241
   0.942211055276382
   0.947236180904523
   0.952261306532663
   0.957286432160804
   0.962311557788945
   0.967336683417085
   0.972361809045226
   0.977386934673367
   0.982412060301508
   0.987437185929648
   0.992462311557789
    0.99748743718593
    1.00251256281407