1.211475506579316568e-02
1.211508496572682309e-02
1.211484974089879589e-02
1.211450102833760457e-02
1.211449046507175574e-02
1.211521409137313564e-02
1.211577379994243850e-02
1.211399566968668177e-02
1.211103692451686101e-02
1.211470474262120803e-02
1.212690849415559192e-02
1.212246036128535216e-02
1.206231088747507924e-02
1.184532862134277803e-02
1.134451883508594099e-02
1.059146884643494095e-02
9.779316328721240903e-03
9.046897720045759053e-03
8.412603534681028020e-03
7.878948778326429550e-03
7.441379395201242961e-03
7.092760807831622813e-03
6.820224481962186905e-03
6.609202607841707308e-03
6.448265373982848929e-03
6.327660762944804264e-03
6.239281954891627742e-03
6.176148409098127130e-03
6.132888433424143332e-03
6.105097789327626999e-03
6.089217126160753786e-03
6.082320471278884408e-03
6.082287490688446062e-03
6.088880974229235118e-03
6.102543268581466299e-03
6.123762717162708168e-03
6.153004775820502571e-03
6.190595223840720390e-03
6.237099674974662389e-03
6.292922307186330465e-03
6.358426343585833751e-03
6.434193444015594635e-03
6.520496020713555628e-03
6.617731295585216854e-03
6.726258827419229203e-03
6.846448056085349676e-03
6.978395707699020997e-03
7.122350070586136277e-03
7.278467265928702072e-03
7.446712715655535129e-03
7.627043958738992727e-03
7.819226433482241723e-03
8.022906134070716122e-03
8.237827073212812198e-03
8.463156394621798237e-03
8.698369362331688157e-03
8.942500624385884070e-03
9.194505365298392616e-03
9.453268893428319955e-03
9.717442385992931808e-03
9.985494575789783181e-03
1.025586855215643647e-02
1.052696636455788606e-02
1.079686591247121068e-02
1.106373214605413206e-02
1.132571527726692652e-02
1.158086683785880533e-02
1.182727049862286432e-02
1.206309437498362218e-02
1.228662321626728185e-02
1.249622674564133430e-02
1.269041972003585005e-02
1.286784909039569332e-02
1.302759507702853058e-02
1.316893139960182389e-02
1.329149875952393214e-02
1.339513898658779671e-02
1.348027304335696827e-02
1.354773589828324985e-02
1.359877956911526020e-02
1.363520244554404862e-02
1.365906387816830103e-02
1.367310184251150501e-02
1.368015146050213446e-02
1.368277994961852179e-02
1.368339669776678924e-02
1.368351174677229741e-02
1.368345796996725539e-02
1.368343667080866577e-02
1.368345222764573432e-02
1.368346446828416600e-02
1.368346285211217636e-02
1.368345815706640579e-02
1.368345738561938842e-02
1.368345868733974319e-02
1.368345942828570055e-02
1.368345923314680593e-02
1.368345868896207219e-02
1.368345838633620686e-02
1.368345891587390874e-02
