-1.777514860000000141e-01
-1.721117572323232481e-01
-1.664720284646464821e-01
-1.608322996969697161e-01
-1.551925709292929501e-01
-1.495528421616161840e-01
-1.439131133939394180e-01
-1.382733846262626520e-01
-1.326336558585858860e-01
-1.269939270909091200e-01
-1.213541983232323401e-01
-1.157144695555555602e-01
-1.100747407878787942e-01
-1.044350120202020282e-01
-9.879528325252526222e-02
-9.315555448484849621e-02
-8.751582571717173020e-02
-8.187609694949496419e-02
-7.623636818181819819e-02
-7.059663941414143218e-02
-6.495691064646466617e-02
-5.931718187878788628e-02
-5.367745311111112028e-02
-4.803772434343436815e-02
-4.239799557575757438e-02
-3.675826680808080837e-02
-3.111853804040404237e-02
-2.547880927272727636e-02
-1.983908050505051035e-02
-1.419935173737374434e-02
-8.559622969696978334e-03
-2.919894202020212326e-03
2.719834565656553682e-03
8.359563333333319690e-03
1.399929210101008570e-02
1.963902086868685171e-02
2.527874963636361771e-02
3.091847840404038372e-02
3.655820717171714973e-02
4.219793593939391574e-02
4.783766470707068175e-02
5.347739347474747551e-02
5.911712224242424152e-02
6.475685101010100753e-02
7.039657977777777353e-02
7.603630854545451179e-02
8.167603731313127780e-02
8.731576608080804380e-02
9.295549484848486532e-02
9.859522361616163133e-02
1.042349523838383973e-01
1.098746811515151633e-01
1.155144099191919294e-01
1.211541386868686954e-01
1.267938674545454614e-01
1.324335962222222274e-01
1.380733249898989934e-01
1.437130537575757594e-01
1.493527825252525254e-01
1.549925112929292914e-01
1.606322400606060574e-01
1.662719688282828234e-01
1.719116975959595894e-01
1.775514263636363554e-01
1.831911551313131215e-01
1.888308838989898875e-01
1.944706126666666535e-01
2.001103414343434195e-01
2.057500702020201855e-01
2.113897989696969515e-01
2.170295277373737175e-01
2.226692565050504835e-01
2.283089852727272495e-01
2.339487140404040155e-01
2.395884428080807815e-01
2.452281715757575475e-01
2.508679003434343135e-01
2.565076291111110796e-01
2.621473578787878456e-01
2.677870866464646116e-01
2.734268154141413776e-01
2.790665441818181991e-01
2.847062729494949651e-01
2.903460017171717311e-01
2.959857304848484971e-01
3.016254592525252631e-01
3.072651880202020291e-01
3.129049167878787951e-01
3.185446455555555612e-01
3.241843743232323272e-01
3.298241030909090377e-01
3.354638318585858592e-01
3.411035606262625697e-01
3.467432893939393912e-01
3.523830181616161017e-01
3.580227469292929232e-01
3.636624756969697447e-01
3.693022044646464552e-01
3.749419332323232767e-01
3.805816619999999872e-01
