148.567746197297
148.567656094266
148.567230806943
148.566211204256
148.564673845789
148.562592067358
148.559968746293
148.556796822591
148.553070740586
148.548783143401
148.543925638195
148.538488810804
148.532461918767
148.525833187664
148.518589428055
148.510716352294
148.502198172249
148.493017907221
148.483156976852
148.472595497602
148.461311869813
148.449283060634
148.436484186004
 148.42288877833
148.408468363477
 148.39319271117
148.377029407344
148.359944085065
148.341899992637
148.322858202598
148.302777176172
148.281612947672
148.259318686089
148.235844852033
148.211138757553
 148.18514469255
 148.15780348433
148.129052590274
148.098825659151
148.067052586741
148.033659081634
147.998566680485
147.961692321914
147.922948318207
147.882241942045
147.839475351739
147.794545196958
147.747342495058
147.697752263741
147.645653346797
147.590918083789
147.533412084586
147.472993948795
147.409514989889
147.342819020238
147.272742027467
147.199112044595
147.121748783506
  147.0404636139
146.955059161437
146.865329423806
146.771059344153
 146.67202509752
146.567993653388
146.458723270743
 146.34396306678
146.223453763553
146.096927282675
145.964107790363
145.824711339889
145.678447264139
145.525017887917
145.364120317114
145.195446241001
145.018684163749
 144.83351931192
144.639636346428
144.436719381466
144.224455202547
144.002533391382
143.770650057211
143.528508040872
143.275821146056
143.012314397592
142.737728727831
142.451821156006
142.154369882211
141.845174653619
141.524062178161
141.190885148626
140.845527891328
140.487911026082
140.117998998461
139.735778932135
139.341259691821
138.934585952869
138.516139143808
138.086014187482
137.643415001963
137.190429538021
136.748979115063
  136.0115571281
135.711873936536
135.419566177267
135.124609487163
134.828301798287
134.530602501385
134.230832300978
133.928839976557
  133.6247773527
133.318777553774
133.010954273798
132.701448616983
132.390425587626
132.078054081175
131.764507808328
131.449963601659
 131.13460347016
130.818609790898
130.502167629365
130.185461189167
129.868676287952
129.551996819995
 129.23560723608
128.919689254828
128.604424309701
128.289990436127
127.976564648974
127.664320027588
127.353428001877
127.044055640898
126.736367828077
126.430524764967
 126.12668401874
125.824998250842
 125.52561712106
125.228685249888
124.934343964551
124.642729502308
124.353974584834
 124.06820686813
 123.78555033277
123.506123984593
123.230043049494
 122.95741792765
122.688355182874
122.422956751805
 122.16132071923
121.903540782484
121.649706805612
121.399904538125
121.154215942387
120.912719164856
120.675488632612
130.043297842108
143.041243163153
143.510225948642
143.628632673641
143.744056078607
143.854007624347
143.958823354268
144.058778576274
144.154124230386
 144.24508909766
144.331882942644
 144.41469818783
144.493712362511
144.569089091591
144.640980103288
144.709525737154
144.774856662679
144.837094039727
144.896351045372
 144.95273277599
145.006337645868
145.057257092467
145.105576888931
145.151376696023
145.194731316794
145.235710126686
145.274378289433
  145.3107960887
145.345020118091
145.377102531945
145.407092218013
 145.43503398134
145.460969705433
145.484937479098
145.506972748958
145.527107401254
145.545370910267
145.561789370138
145.576386630391
145.589183327403
145.600198044064
145.609446186696
145.616941028576
145.622692988673
145.626711568477
145.628995069968
145.630238169149