16833.6506124905
 16833.979458999
16835.0271021615
16835.5251850886
16835.8569316523
16835.9068432046
16835.7063968672
16835.2441359972
16834.5197279101
16833.5301333696
16832.2709254762
16830.7388501477
16828.9282031364
16826.8346609449
16824.4513453795
16821.7727221617
16818.7907061466
 16815.498456579
16811.8865889251
 16807.946850815
16803.6684544181
16799.0416139061
16794.0540142794
16788.6941959763
16782.9481740383
16776.8026548941
16770.2418196872
16763.2503589416
16755.8104333358
16747.9045123249
16739.5125252029
16730.6144902911
16721.1878686311
16711.2099709368
 16700.655525748
16689.4988520363
16677.7116531172
 16665.264943609
16652.1270798595
16638.2654309158
16623.6446556727
16608.2281086477
16591.9763735217
16574.8483958606
16556.8002822089
16537.7861535029
16517.7572184055
 16496.662343066
16474.4474069763
16451.0555869902
16426.4270036562
16400.4987200731
16373.2046864276
16344.4754573747
16314.2384423914
16282.4173489623
16248.9327463466
16213.7012459312
16176.6363860636
16137.6475654731
16096.6412568691
16053.5197142397
16008.1825228169
 15960.525106162
15910.4406196373
 15857.818288199
15802.5456493667
15744.5067571533
15683.5847782548
15619.6601009878
15552.6132844776
15482.3231131695
15408.6698925507
15331.5334889212
15250.7969559515
15166.3445952977
15078.0658857444
14985.8535917786
14889.6079501489
14789.2348425356
14684.6501766799
14575.7781179092
14462.5555720483
14344.9304736923
14222.8662882288
14096.3402514104
13965.3476674805
13829.9003316592
13690.0308842361
13545.7902347062
13397.2503340564
 13244.505362029
13087.6791650415
12926.9103784281
12762.3391087579
12594.1658215347
12422.7388698274
12248.2904246467
12070.5248342325
11890.2986779848
11717.3082444964
11441.1557098119
11331.0785295147
11224.3934803053
11117.4235449085
 11010.653055785
10904.0763152097
10797.4612444665
10690.7682275433
10584.0652186335
10477.4122422325
10370.8613384217
10264.4728547074
10158.3139089612
10052.4513150664
9946.95183263308
9841.88153239801
9737.30643080873
9633.29084017995
9529.89811961803
9427.18949252012
 9325.2248579245
9224.06164871455
9123.75565164871
9024.35997976504
8925.92588600832
8828.50182152135
8732.13422944781
8636.86669191072
 8542.7406955905
8449.79486476783
8358.06569139672
8267.58685338098
8178.38990296808
8090.50366878228
8003.95489705059
7918.76773566274
7834.96432340967
7752.56435397549
7671.58560902634
7592.04359976885
7513.95204040828
7437.32256470682
 7362.1651370252
7288.48784118909
7216.29722702577
7145.59816878349
7076.39414575754
7008.68716749318
6942.47798774818
6877.76609372987
6814.54985325153
6752.82656529649
6692.59254078364
7835.64809762486
12330.5959097462
12633.8171267293
12678.0083563899
12722.3499380102
12764.7314162864
 12805.278844749
12844.0831807312
12881.2279562968
12916.7892135033
12950.8371338697
12983.4359150457
13014.6452878496
13044.5200505372
13073.1115597071
13100.4669906738
13126.6308502651
13151.6440092379
13175.5452661977
13198.3701843592
  13220.15272395
13240.9239072565
13260.7135291095
13279.5486689479
13297.4554837407
13314.4575825292
13330.5779024572
13345.8369591978
13360.2548042059
 13373.849163139
13386.6374702274
13398.6349060536
13409.8565044517
13420.3151004475
13430.0235002987
13438.9923503656
13447.2323734413
13454.7521689366
13461.5604683664
13467.6638762221
13473.0692796308
 13477.781550541
13481.8055585974
13485.1439671031
13487.7978405879
13489.8143633237
13490.4507006655