0.237901700932787
0.237914591270849
0.237975424703316
0.238121208304425
0.238340858117805
0.238637980444312
0.239011886338734
0.239463232041566
 0.23999238372995
0.240599886866486
0.241286354684157
0.242052463481405
0.242898992792617
0.243826780087061
0.244836770591818
0.245929968578969
0.247107488640836
0.248370507687858
0.249720315507038
0.251158267791865
0.252685835985261
0.254304561572705
0.256016104951358
0.257822201140965
 0.25972470750806
0.261725561068028
 0.26382682485568
0.266030646991121
0.268339305479199
0.270755169217328
0.273280740986294
0.275918620581245
0.278671545735972
0.281542357561088
0.284534039119866
0.287649683359172
0.290892529027817
0.294265931285955
0.297773394626288
0.301418546345991
0.305205166096838
0.309137162399964
 0.31321859841302
 0.31745367166191
0.321846735571465
0.326402282579518
0.331124960932596
 0.33601956133621
0.341091028469318
0.346344451310584
0.351785068775869
 0.35741826384389
0.363249562671243
0.369284632623174
 0.37552927417284
0.381989422925098
0.388671133563939
0.395580585941146
0.402724060302117
0.410107947499671
 0.41773871470882
0.425622919822258
 0.43376716686527
0.442178124637674
 0.45086247106812
0.459826916192124
0.469078134748451
 0.47862279362918
0.488467472127798
0.498618694069483
0.509082835278289
0.519866160696637
0.530974718853486
0.542414384413001
0.554190739697467
0.566309123256138
0.578774498826915
0.591591510700833
0.604764340864137
0.618296772027692
0.632192034115257
0.646452876223672
0.661081403834241
0.676079159773539
0.691446954204701
0.707184959514412
0.723292533612892
0.739768310762093
0.756610021184387
0.773814653741767
0.791378267593796
0.809295866807167
0.827561140870601
0.846167607992007
0.865108694356244
0.884372390229501
0.903936920278165
0.923795350086661
0.943982070889052
0.964401227196551
0.984082414808124
  1.0165197011662
 1.02955700167807
 1.04219827066193
 1.05488229352855
  1.0675550896815
 1.08022061909234
 1.09290970472819
 1.10563036449661
 1.11837779688802
 1.13114807587194
 1.14393815462932
 1.15674390692761
 1.16956028783691
 1.18238216438367
 1.19520427157778
 1.20802127571694
 1.22082768429591
 1.23361803496418
 1.24638679364911
 1.25912849053391
 1.27183761242113
 1.28450873742337
 1.29713642796246
 1.30971535511469
 1.32224019395611
 1.33470574087549
 1.34710681281524
 1.35943835694234
 1.37169535467905
 1.38387292371523
 1.39596622757785
 1.40797056967446
 1.41988130901161
 1.43169394598911
 1.44340404480452
 1.45500731071531
 1.46649951960555
 1.47787658646237
 1.48913450252992
 1.50026939477908
 1.51127747102527
 1.52215507020734
 1.53289861579818
 1.54350465674664
 1.55396982946219
 1.56429088931185
 1.57446468141189
 1.58448816260965
 1.59435838126689
 1.60407248969325
 1.61362773305778
  1.6230214522771
 1.63225108214338
 1.26483625648786
0.674444930710475
0.647519734454028
 0.64058585066464
0.633770407413741
0.627224684595899
0.620934643078749
0.614889322951918
 0.60907876202246
0.603493916072338
0.598126514355924
0.592968997722161
0.588014402961468
0.583256332748666
0.578688857604964
0.574306508610964
 0.57010419031461
0.566077190299282
0.562221098788591
 0.55853183107903
0.555005551089961
0.551638703883587
0.548427941361468
0.545370162880265
0.542462441917646
0.539702073314062
0.537086500145621
0.534613366473823
0.532280443943761
0.530085689174111
 0.52802716979839
0.526103125776915
0.524311894720782
0.522651976611208
0.521121958404119
0.519720581437412
0.518446665159709
0.517299177640222
 0.51627715918225
0.515379792506076
0.514606323753037
0.513956143162634
0.513428713486712
 0.51302362205054
0.512740445431879
0.512579475044712
0.512532421690094