6628.41823367636
6628.53651426959
6628.89613800495
6628.96544497131
6628.90485644254
6628.66558877494
6628.26041215926
6627.68396455543
6626.93545947406
6626.01282985263
6624.91334311977
6623.63461143174
 6622.1731282158
6620.52581349843
6618.68841854628
6616.65710026454
6614.42684010996
6611.99297657329
6609.34966621506
6606.49136764251
6603.41135012826
6600.10312131181
6596.55898987004
6592.77143113512
6588.73170941697
6584.43117548913
6579.85995417883
6575.00816795837
6569.86469522664
6564.41831440739
6558.65653821145
6552.56667288424
 6546.1347335905
6539.34641372646
6532.18608643243
6524.63767921502
6516.68376646722
6508.30634504145
6499.48602254962
6490.20269000398
6480.43481058868
6470.15998605882
6459.35435062973
6447.99302851424
6436.04963757626
6423.49663621297
6410.30494147554
6396.44416448803
6381.88234785995
6366.58608999716
6350.52040682447
6333.64874670223
6315.93298174215
6297.33331660429
6277.80841501487
6257.31520747578
6235.80915894987
6213.24398244098
6189.57205414599
 6164.7440418965
6138.70947429769
6111.41629505933
6082.81159261342
6052.84109324191
6021.45005719705
5988.58272503163
5954.18338508483
5918.19578824502
  5880.564389501
5841.23374616139
5800.14993265768
5757.25993562389
5712.51323593265
5665.86121061975
5617.25886894821
  5566.664265738
5514.04036906032
5459.35448182368
5402.58020743972
5343.69686778272
 5282.6915215781
5219.55835415688
5154.30068847241
5086.93032207443
 5017.4694709156
4945.94998257575
4872.41510706088
4796.91867570798
4719.52675892414
4640.31624875955
4559.37583995533
4476.80626643895
4392.72277826987
 4307.2476081897
4220.50496231067
4132.64898554623
4043.89799814765
3954.40545855953
3864.08699051109
3773.44160596722
3687.13144381647
3549.49574864033
3495.09834014814
 3442.7232561415
3390.55034396848
3338.81603353345
3287.51554862141
3236.53638083278
3185.86008326028
3135.51928758847
3085.54207516124
3035.95207973061
2986.77611544827
2938.04334376187
2889.78195813548
2842.01930636636
2794.78161345431
2748.09428154734
2701.98117088842
2656.46496449957
2611.56667838684
2567.30605555683
2523.70110771642
2480.76851370405
 2438.5232217597
2396.97884349731
2356.14730121089
2316.03921022059
2276.66356970684
2238.02812880198
2200.13911739773
2163.00159221841
2126.61920508732
2090.99452600441
2056.12884635858
2022.02247661584
1988.67458213071
  1956.083453593
1924.24637320648
1893.15985654346
1862.81954700078
1833.22042818181
1804.35674469139
1776.22218459899
1748.80982479356
1722.11228347379
1696.12168844227
1670.82979991455
1646.22800028334
1622.30738783445
1599.05878665106
1576.47281207114
1554.53989952606
1533.25034277212
2164.62288601246
4375.01357795169
4522.58081188455
4548.58027101027
4574.46713054572
4599.26086874046
4623.02479364995
4645.80559176037
4667.64623214255
4688.58599807787
4708.66123423256
4727.90534716971
4746.34948501588
4764.02237872973
4780.95099748364
4797.16026492245
4812.67371458521
4827.51310394096
4841.69908479149
4855.25073092895
4868.18623256007
 4880.5223491485
4892.27513306395
4903.45931648419
4914.08906690142
4924.17731524989
4933.73654411673
4942.77806317363
4951.31282970573
4959.35067671587
4966.90116435877
 4973.9727656904
4980.57374729631
4986.71131723847
4992.39253120375
4997.62340751545
5002.40986001992
5006.75678339886
5010.66899409525
5014.15029398949
 5017.2044728446
 5019.8343434784
5022.04258699456
5023.83086131937
5025.20020882326
5026.16786030349
5026.46818760235