  0.4204253252673
0.420433337500085
0.420458554826278
0.420468722091667
0.420473581070888
0.420470187929948
0.420459335552491
0.420440722558437
0.420414328892899
0.420380063054259
0.420337796749358
0.420287428878479
 0.42022879438959
0.420161760617205
0.420086128173884
0.420001729023071
0.419908328355024
 0.41980572005649
0.419693631251893
0.419571814765793
0.419439956676792
0.419297765290121
 0.41914488210522
0.418980966936792
0.418805612645294
0.418618426029767
0.418418946669578
0.418206723229669
0.417981236748757
0.417741972007153
0.417488345586323
0.417219771963325
0.416935596655044
0.416635156718706
 0.41631771928248
0.415982536149853
0.415628788006493
0.415255632847896
0.414862156140734
0.414447412818874
0.414010383666211
0.413550010656765
0.413065159815558
0.412554649715033
 0.41201722106136
0.411451558202975
0.410856265682291
0.410229882663987
0.409570866686964
 0.40887760098136
0.408148385653216
0.407381437931268
 0.40657489101748
0.405726787388378
0.404835085548349
 0.40389764660616
0.402912249174056
0.401876569547738
0.400788205001271
0.399644648016581
0.398443318228975
 0.39718153127664
0.395856539649326
0.394465496853433
0.393005507399723
0.391473587096221
0.389866722369467
0.388181827593005
0.386415813857249
 0.38456554429934
0.382627912303075
0.380599795797197
0.378478144661725
0.376259934884759
0.373942264657239
 0.37152230910766
0.368997424177688
0.366365102364203
0.363623082963264
0.360769308895701
0.357802041382424
0.354719817319254
0.351521565643977
0.348206564782283
0.344774558152912
0.341225708523397
0.337560706761321
0.333780728852773
0.329887543630549
0.325883441216909
 0.32177130028095
0.317554613551443
0.313237665484924
0.308825130671102
0.304321745424823
0.299733864138834
0.295071641237982
 0.29034198695641
0.285538091433933
 0.28068424600412
0.276037744539207
  0.2686229230982
0.265675643259265
0.262825387014479
0.259973648581171
0.257133343561706
0.254304284269747
0.251480295923731
0.248660338073138
0.245846213152809
0.243039499963254
0.240241554531351
 0.23745393873848
0.234678377848697
0.231916574333136
0.229170214536576
0.226440952339814
0.223730425905834
0.221040215230694
0.218371862134513
0.215726840294999
0.213106576846854
0.210512423709068
0.207945679418966
0.205407563591286
0.202899238557593
 0.20042178617141
0.197976228884054
0.195563508918982
0.193184508550588
0.190840031537065
0.188530822404255
0.186257550077084
0.184020826004486
0.181821189917906
0.179659126656045
0.177535053977385
0.175449337965206
0.173402282816602
0.171394144728977
0.169425123585719
0.167495375246016
 0.16560500504646
0.163754078436274
0.161942616214723
0.160170603473363
0.158437986490856
0.156744679962269
 0.15509056547534
0.153475497023881
0.151899300992392
0.150361779965963
0.148862714153118
0.147401863518173
0.179198484525111
0.299353878326099
0.307431720154359
0.308689492576612
0.309947941497274
0.311151678576891
 0.31230409705444
0.313407663419465
0.314464644491699
 0.31547710682774
0.316446959308954
0.317375950940648
0.318265710215613
0.319117733924151
0.319933425614175
0.320714077253099
0.321460908080946
0.322175040355625
0.322857539390553
0.323509384246084
0.324131509424775
0.324724771145143
0.325289990959809
0.325827918106305
0.326339275173286
0.326824716933829
0.327284878086947
0.327720328922542
0.328131625097478
0.328519260445391
 0.32888371868846
0.329225423684818
0.329544792963138
0.329842185682783
0.330117957757146
0.330372407806738
0.330605833949537
0.330818477991086
0.331010582702159
0.331182334558305
0.331333924882595
0.331465491381143
0.331577169358552
0.331669036248495
0.331741129805286
0.331794604305923
0.331808765233136