 0.00161302048145513
 0.00161277951854487
  0.0016122973075564
 0.00161133322247076
 0.00160988850740641
 0.00160796450190051
  0.0016055630464368
 0.00160268656159817
 0.00159933793543754
  0.0015955204993541
 0.00159123805249764
 0.00158649486600416
  0.0015812956690228
  0.0015756456443175
 0.00156955042291534
 0.00156301608145126
 0.00155604913291118
 0.00154865652281318
 0.00154084561945558
  0.0015326242097483
 0.00152400048812065
 0.00151498305177755
 0.00150558088856701
 0.00149580337172742
 0.00148566024671538
 0.00147516162543042
 0.00146431797209007
 0.00145314009694249
 0.00144163914125824
 0.00142982657053649
 0.00141771415869278
 0.00140531398076786
 0.00139263839639269
 0.00137970004201031
 0.00136651181370258
 0.00135308685893764
 0.00133943855884529
 0.00132558051950457
 0.00131152655375659
 0.00129729067204903
 0.00128288706387663
 0.00126833008820169
 0.00125363425461328
  0.0012388142133452
 0.00122388473624534
 0.00120886070641499
  0.0011937570990797
 0.00117858897087626
 0.00116337144071569
 0.00114811967874676
 0.00113284888730072
 0.00111757428956268
 0.00110231111068598
 0.00108707456620536
 0.00107187984340676
  0.0010567420895187
 0.00104167639342084
 0.00102669777365229
 0.00101182116053938
0.000997061384062075
0.000982433156477982
0.000967951060090209
0.000953629530441078
0.000939482844026918
0.000925525102130836
0.000911770218531926
0.000898231904042153
0.000884923654259288
0.000871858734868301
0.000859050169488927
  0.0008465107257973
0.000834252903520537
0.000822288921428656
0.000810630705529509
0.000799289876978123
0.000788277740527233
0.000777605273387153
0.000767283113984094
0.000757321551830131
0.000747730516656607
0.000738519569230342
0.000729697890871665
0.000721274275582512
 0.00071325712018543
0.000705654416517449
0.000698473741538875
0.000691722254268535
0.000685406688666678
0.000679533338114604
0.000674108040441284
0.000669136213393281
0.000664622873264015
0.000660572487444459
0.000656988866548288
0.000653875696120437
 0.00065123692058374
0.000649074777761084
0.000647388292036576
0.000646180511052046
0.000645462987210616
0.000645200204577838
 0.00064525893640475
0.000645505636339143
0.000645903826400728
0.000646463459006915
0.000647185341947002
0.000648065625607558
0.000649103039088287
0.000650297390251975
0.000651647601043743
0.000653152099437107
 0.00065480935334275
0.000656617771783658
0.000658575561068149
0.000660680753456297
0.000662931247686677
0.000665324804961041
0.000667859039920786
0.000670531425340076
0.000673339296996397
0.000676279856371049
0.000679350172207999
0.000682547183953833
0.000685867704664378
0.000689308424459586
0.000692865913508243
0.000696536625660123
0.000700316901843401
0.000704202973809352
0.000708190967840116
0.000712276908599154
0.000716456723162994
0.000720726244956086
0.000725081218086424
0.000729517301347388
0.000734030072843977
0.000738615034043611
0.000743267614675639
0.000747983176813693
 0.00075275702003007
0.000757584385492661
0.000762460461354025
 0.00076738038684646
0.000772339257884095
 0.00077733213114028
0.000782354029839568
0.000787399947802254
0.000792464855401786
0.000797543703561993
0.000802631429854226
0.000807722962433572
0.000812813226248919
 0.00081789714690523
0.000822969656958754
0.000828025699693235
0.000833060235471662
0.000838068245415112
0.000843044737781733
0.000847984751537761
0.000852883362733897
0.000857735687958876
 0.00086253689068301
0.000867282184585529
0.000871966839834857
0.000876586186281763
0.000881135619645879
0.000885610604567526
0.000890006680670102
0.000894319465464231
0.000898544660255953
0.000902678052897594
0.000906715523512163
0.000910653047086082
0.000914486698980829
0.000918212657363357
0.000921827208476806
0.000925326748905128
0.000928707790575809
0.000931966962855671
0.000935101017259183
0.000938106829373551
0.000940981403249433
0.000943721873151859
0.000946325507604393
0.000948789710970395
 0.00095111202715042
0.000953290140971781
0.000955321881439167
0.000957205223007599
0.000958938288668052
0.000960519350832548
0.000961946833118033
0.000963219311812512
0.000964335520532723
0.000965294348812267
0.000966094833966836
0.000966736169135469
0.000967217740823588
0.000967539102518802
0.000967699839514956
0.000967780160485043