54.9337362124054
54.9336695802495
54.9333550762653
54.9326010741352
54.9314641983716
54.9299247430869
54.9279848529108
54.9256393284935
54.9228840877489
54.9197137217154
54.9161220607406
54.9121021856578
54.9076462012197
54.9027454556742
54.8973902580867
54.8915701131697
54.8852734245644
54.8784877232313
54.8711993673777
54.8633937625551
54.8550550575056
54.8461663544454
54.8367094014481
54.8266647916988
54.8160116525464
54.8047278322907
54.7927895862318
54.7801717494369
54.7668474201731
54.7527881169441
54.7379634598438
 54.722341310013
54.7058874496346
 54.688565701832
54.6703376102802
54.6511625374617
54.6309973452002
54.6097964691193
54.5875116018407
54.5640917414754
54.5394828797845
54.5136280225932
54.4864668859255
54.4579358863884
54.4279678491924
54.3964919668427
54.3634335240806
54.3287138236733
54.2922499346971
54.2539545848746
54.2137359403081
54.1714974647098
54.1271377407202
54.0805502975465
54.0316234863881
53.9802402794644
53.9262782148261
53.8696091715209
53.8100994021669
53.7476092910437
53.6819934961745
 53.613100699365
53.5407738830452
53.4648500835727
53.3851608314982
53.3015319215807
53.2137840481379
53.1217326068669
53.0251885590762
52.9239582811395
52.8178446921121
52.7066471659496
52.5901629556209
52.4681871804963
52.3405145758712
52.2069395626588
52.0672583435217
51.9212690534606
51.7687742122234
 51.609580943594
51.4435037776832
51.2703649090063
51.0899973247306
50.9022450705719
 50.706966655998
 50.504035218175
 50.293342151838
50.0747973432449
49.8483329402887
49.6139025611065
49.3714851343628
49.1210879653372
48.8627517255667
48.5965353752375
48.3225153123531
48.0408640465282
47.7519183755772
47.4558171084753
47.1520898292746
46.8422447905094
46.5412724962962
46.0406761384033
45.8380107699509
45.6407638218995
45.4421605003937
45.2430835386013
45.0435117207207
44.8429973624027
  44.64144892351
44.4389774080606
44.2356805585681
 44.031642500812
43.8269648209206
43.6217640300464
43.4161582127175
43.2102675907691
43.0042133670419
42.7981190325439
 42.592107186718
42.3863010352485
42.1808220633056
 41.975791639584
41.7713287208763
41.5675514626142
 41.364575105927
41.1625135690132
40.9614774666537
40.7615756579222
40.5629134099214
40.3655938870816
40.1697164601483
39.9753781240754
39.7826719570558
39.5916884558562
39.4025141483935
39.2152328362939
39.0299243639011
38.8466657587176
38.6655301587497
38.4865878423231
 38.309905314766
38.1355462199771
37.9635705866044
37.7940356146844
37.6269950807239
37.4624999937261
37.3005981579253
37.1413346935457
36.9847517553675
36.8308889146129
36.6797830310253
36.5314684933166
36.3859772420093
36.2433388668983
42.0887489140147
50.9228403326538
51.2573045092841
51.3419216617714
51.4244740117716
51.5031744887646
51.5782549067825
51.6499046413339
 51.718296497336
51.7835881751912
51.8459244245125
51.9054381599855
 51.962252146093
52.0164796435348
 52.068225797013
52.1175879518963
52.1646568484298
52.2095166995342
52.2522462575003
52.2929187138568
52.3316026816016
52.3683619591586
 52.403256456619
52.4363418535357
52.4676704881934
 52.497290930818
52.5252488486347
52.5515865105316
52.5763436364569
52.5995568456537
52.6212604960122
 52.641486085499
52.6602630852284
52.6776183008885
52.6935767012592
52.7081607480739
52.7213912230145
 52.733286522241
 52.743863475264
52.7531366399702
52.7611191400462
52.7678218486717
52.7732541426576
52.7774233779825
52.7803362923056
52.7819915507434
52.7828926560553