35.3445195240875
35.3464131757355
35.3553498482778
35.3767657251678
35.4090318503973
35.4526769405265
35.5075983644749
  35.57389070888
35.6516055574371
35.7408204184565
35.8416223277146
35.9541071384603
36.0783853970764
36.2145756658961
36.3628118084172
36.5232358061599
36.6960052479882
36.8812862457187
37.0792608077405
  37.29011989974
37.5140707012921
37.7513298445168
38.0021305139747
38.2667158845297
38.5453460374232
 38.838291621007
39.1458405500576
39.4682919125165
39.8059624174891
40.1591805714423
40.5282928370295
40.9136581020838
41.3156535080143
41.7346692347011
42.1711139532415
42.6254099493453
43.0979981507631
43.5893336109831
44.0998900566922
44.6301557524309
45.1806375079327
45.7518569428669
46.3443538878885
46.9586830666698
47.5954168180368
48.2551422101659
48.9384630043935
49.6459972137801
50.3783782222459
51.1362527967892
51.9202812687994
52.7311360062381
53.5695005577186
54.4360685882012
55.3315418812502
56.2566297396689
57.2120457379779
58.1985075884654
59.2167325352955
60.2674376873895
61.3513339487879
62.4691268234643
 63.621508784943
64.8091605655615
66.0327418833291
67.2928932403316
68.5902249478836
69.9253194766729
71.2987187537483
72.7109271313545
74.1623969721668
75.6535323347008
77.1846729167642
78.7560985923836
80.3680118466611
82.0205433396344
83.7137330369113
85.4475370195539
87.2218075870573
89.0363015597013
90.8906597057413
92.7844168431143
94.7169809787386
96.6876453551934
98.6955677789559
100.739785376964
102.819194356249
104.932565243262
107.078523682719
109.255575902778
111.462089860973
113.696285729782
115.956211107672
118.239889809904
120.545335241946
122.869911864685
125.209852226476
127.563217818396
129.932915937794
132.306618606089
134.572265590096
138.258427407006
139.723110022212
141.134037683736
142.540557967968
143.936639817874
145.322730720911
146.702179295481
 148.07579215989
149.442984105366
150.803278707551
152.156305577453
153.501592128163
154.838584257114
156.166735452083
157.485502574857
158.794352723021
160.092754285538
161.380196346993
162.656178275823
163.920223236578
165.171867178361
166.410671865929
167.636213935768
168.848096593663
170.045938942872
 171.22938673196
172.398102119324
173.551773458465
174.690105592628
 175.81282872041
176.919689293879
178.010457977572
179.084921205821
180.142888249822
181.184183479121
182.208652549853
183.216155406248
184.206571604224
185.179794081004
186.135733629374
 187.07431345638
187.995472824804
188.899162415319
189.785347152871
190.654002380528
191.505115889467
192.338684907059
193.154717350048
193.953229624187
194.734247120994
195.497802821507
196.243937057717
196.972696908763
164.483478023947
 96.473441333913
92.9257033977024
92.0064698410436
91.1007289842426
 90.228784560037
89.3890205975189
88.5802048240455
87.8012155266755
87.0510336937502
 86.328726054911
85.6334388407863
84.9643840065281
84.3208367323764
83.7021235388343
83.1076224888532
82.5367524355901
81.9889752451218
81.4637856951863
80.9607152572832
80.4793223366821
80.0191972913966
79.5799528132647
79.1612299510045
78.7626885036848
78.3840138746124
78.0249073963029
77.6850938819709
77.3643118334725
77.0623215857814
76.7788953724908
76.5138259750547
76.2669166341776
76.0379901406085
75.8268786003916
75.6334328734844
75.4575121778609
75.2989939370116
75.1577633335552
75.0337230944058
74.9267826531697
74.8368693701613
74.7639186941723
74.7078814098028
74.6687049564007
 74.646433844253
74.6402186401391