-0.000638190954773869
 0.000638190954773869
  0.00191457286432161
  0.00319095477386935
  0.00446733668341709
  0.00574371859296482
  0.00702010050251256
   0.0082964824120603
  0.00957286432160804
   0.0108492462311558
   0.0121256281407035
   0.0134020100502513
    0.014678391959799
   0.0159547738693467
   0.0172311557788945
   0.0185075376884422
     0.01978391959799
   0.0210603015075377
   0.0223366834170854
   0.0236130653266332
   0.0248894472361809
   0.0261658291457286
   0.0274422110552764
   0.0287185929648241
   0.0299949748743719
   0.0312713567839196
   0.0325477386934673
   0.0338241206030151
   0.0351005025125628
   0.0363768844221106
   0.0376532663316583
    0.038929648241206
   0.0402060301507538
   0.0414824120603015
   0.0427587939698492
    0.044035175879397
   0.0453115577889447
   0.0465879396984925
   0.0478643216080402
   0.0491407035175879
   0.0504170854271357
   0.0516934673366834
   0.0529698492462312
   0.0542462311557789
   0.0555226130653266
   0.0567989949748744
   0.0580753768844221
   0.0593517587939699
   0.0606281407035176
   0.0619045226130653
   0.0631809045226131
   0.0644572864321608
   0.0657336683417085
   0.0670100502512563
    0.068286432160804
   0.0695628140703518
   0.0708391959798995
   0.0721155778894472
    0.073391959798995
   0.0746683417085427
   0.0759447236180905
   0.0772211055276382
   0.0784974874371859
   0.0797738693467337
   0.0810502512562814
   0.0823266331658292
   0.0836030150753769
   0.0848793969849246
   0.0861557788944724
   0.0874321608040201
   0.0887085427135678
   0.0899849246231156
   0.0912613065326633
   0.0925376884422111
   0.0938140703517588
   0.0950904522613065
   0.0963668341708543
    0.097643216080402
   0.0989195979899498
    0.100195979899497
    0.101472361809045
    0.102748743718593
    0.104025125628141
    0.105301507537688
    0.106577889447236
    0.107854271356784
    0.109130653266332
    0.110407035175879
    0.111683417085427
    0.112959798994975
    0.114236180904523
     0.11551256281407
    0.116788944723618
    0.118065326633166
    0.119341708542714
    0.120618090452261
    0.121894472361809
    0.123170854271357
    0.124447236180905
    0.125723618090452
                0.127
    0.128276381909548
    0.129552763819095
    0.130829145728643
    0.132105527638191
    0.133381909547739
    0.134658291457286
    0.135934673366834
    0.137211055276382
     0.13848743718593
    0.139763819095477
    0.141040201005025
    0.142316582914573
    0.143592964824121
    0.144869346733668
    0.146145728643216
    0.147422110552764
    0.148698492462312
    0.149974874371859
    0.151251256281407
    0.152527638190955
    0.153804020100503
     0.15508040201005
    0.156356783919598
    0.157633165829146
    0.158909547738693
    0.160185929648241
    0.161462311557789
    0.162738693467337
    0.164015075376884
    0.165291457286432
     0.16656783919598
    0.167844221105528
    0.169120603015075
    0.170396984924623
    0.171673366834171
    0.172949748743719
    0.174226130653266
    0.175502512562814
    0.176778894472362
     0.17805527638191
    0.179331658291457
    0.180608040201005
    0.181884422110553
    0.183160804020101
    0.184437185929648
    0.185713567839196
    0.186989949748744
    0.188266331658291
    0.189542713567839
    0.190819095477387
    0.192095477386935
    0.193371859296482
     0.19464824120603
    0.195924623115578
    0.197201005025126
    0.198477386934673
    0.199753768844221
    0.201030150753769
    0.202306532663317
    0.203582914572864
    0.204859296482412
     0.20613567839196
    0.207412060301508
    0.208688442211055
    0.209964824120603
    0.211241206030151
    0.212517587939698
    0.213793969849246
    0.215070351758794
    0.216346733668342
    0.217623115577889
    0.218899497487437
    0.220175879396985
    0.221452261306533
     0.22272864321608
    0.224005025125628
    0.225281407035176
    0.226557788944724
    0.227834170854271
    0.229110552763819
    0.230386934673367
    0.231663316582915
    0.232939698492462
     0.23421608040201
    0.235492462311558
    0.236768844221106
    0.238045226130653
    0.239321608040201
    0.240597989949749
    0.241874371859296
    0.243150753768844
    0.244427135678392
     0.24570351758794
    0.246979899497487
    0.248256281407035
    0.249532663316583
    0.250809045226131
    0.252085427135678
    0.253361809045226
    0.254638190954774