568.055263201444
 568.05526342965
568.055263135467
568.055263620469
568.055262729375
568.055264428463
568.055261151152
568.055267494555
568.055255203678
568.055279024883
568.055094277676
568.054385340232
568.053255388885
568.051626181817
568.049504185493
568.046828086179
568.043559880227
568.039627135435
568.034944624956
568.029407308473
568.022866312124
568.015157266008
568.005997414689
567.995075661786
567.981822888827
567.965919002201
567.948380059277
567.929463557211
567.908772252234
567.886269978685
567.861645683915
567.834728754449
567.805229650439
567.772825316802
567.737197084727
567.697927766124
567.654547021199
567.606568477305
567.553320686672
567.494126814455
567.428201497091
567.354475470467
567.271907068769
567.179141932907
567.074529151086
 566.95630268005
566.822094307059
566.669203404294
566.494494113764
566.293678681343
566.061985042368
565.793384246405
565.479827931182
565.111937117235
564.677131115109
564.158751192199
563.535975803053
562.778715978843
561.846381324175
560.682128615971
559.193996735317
557.271408402025
555.019161493997
 552.56064849582
549.852176672851
546.886239363179
543.651904937272
540.136089788386
536.324586236817
532.196391072806
527.677645398157
517.724686394205
512.126151821996
506.318902979818
500.716544258282
495.950525569156
491.704041326203
487.821738713305
484.214841856166
480.828639419995
477.623276675442
474.571730716037
 471.65340354636
468.850897003113
466.152933241805
463.548728842881
461.029519464345
458.587772609767
456.217324067053
453.912525819016
451.669868846748
449.484575057104
447.353336182727
445.272248790745
443.238183057904
441.249952364538
439.304872663984
437.400410397291
435.534876565425
433.705982559814
431.912615066691
430.153430845535
428.426900907956
426.731473943871
425.066081775389
423.428895572798
421.820270763724
420.238130219416
418.682394787135
417.151359490988
415.644127616913
414.159596520479
412.698283545629
411.259570678106
409.842173440432
408.445459968579
407.068287693729
  405.7111748319
404.373026196074
403.053320840017
 401.75137639325
400.466463073017
399.198938188739
397.948070883826
396.713369303011
395.493714561511
394.289370463883
393.100593292986
391.926710036817
390.767132450979
 389.62152977745
388.489583285178
387.370544218628
386.264920453192
385.171997333815
384.091569239144
383.023368827553
381.967137633056
380.922213110342
379.888624210512
378.866314065382
377.855554331479
  376.8555906285
375.865818808943
374.886818428523
 373.91799376801
372.959130853976
372.009959766937
371.070089713017
370.139909522989
369.219050140608
368.307283153769
367.404444679648
366.509934437699
365.623630398615
364.746650093017
363.877985562024
363.017493648034
362.165034894998
361.320467700568
360.483269711919
359.654016409635
 358.83227569671
358.017924679861
357.210843466299
356.410598154661
355.617711166926
354.831401555689
354.051782117632
353.279359402618
352.513485149155
 351.75393552599
351.001037276267
350.254418089381
 349.51396619237
348.779639515181
348.051058605844
347.328714717611
346.612229908947
345.901519288161
345.196499776215
344.496709000069
 343.80219738085
343.113777900456
342.430734216401
 341.75299156942
341.080476712946
  340.4127855424
339.750448644473
339.093130230529
338.440762725776
337.793279888074
337.150476059693
336.512456455806
335.879244837104
335.250446772335
334.625994223269
334.006461069524
333.391227158529
332.780727820359
332.780727820362