1978855.75546873
1978855.64709791
1978856.08458186
1978855.10572571
1978857.07841899
1978853.21122799
1978860.73234678
1978846.13900536
1978874.43517576
1978819.58095124
  1979005.455681
1979077.17148742
1979202.94603144
1979288.33741778
1979392.49017225
1979480.99246161
 1979576.4170379
1979665.77480993
1979764.14875358
1979854.60713022
1979969.32140105
 1980060.2550384
1980227.45096884
1980327.02022156
1980624.23287691
1980591.98884202
1980252.76150466
1980055.70815961
1979738.83217578
1979449.72993777
1979107.35888617
1978733.16908172
1978331.12506557
1977881.80812539
1977381.49307764
1976842.70137285
1976228.34990753
1975555.32171381
1974816.02896282
1973962.46218675
 1973040.4531608
1971992.67549662
1970803.14164199
1969490.95572191
 1967979.5546578
1966274.70560874
1964354.06686805
1962113.58207089
1959589.37787024
1956671.12806456
1953256.04171209
1949344.13494622
1944726.60852775
1939279.09026089
1932887.44884748
1925156.53927723
1915909.70749846
1904650.26342145
1890646.82253271
1873215.24508787
1851398.18555381
1815496.54226748
1770112.33580334
1723419.66528942
1673665.14909184
1621002.84693641
1565513.97322779
1507271.77214135
1446402.53853423
1382998.55830743
 1316506.2206419
1191380.89503678
1125676.80448333
1060147.83286667
999529.699343522
950080.532091906
907628.341242048
870113.452396451
836346.984266505
805581.232097905
777276.617355721
751056.246775803
726631.383212475
703764.409935459
682286.322974864
662045.101614372
642915.664831693
624791.235633497
607582.544214754
 591210.05988886
575614.457136788
560731.371171199
546510.369535134
 532900.11636566
519857.361758442
507353.635943939
495352.609879489
 483820.90030513
472731.999909242
462057.244117142
451776.263433021
441868.350976606
432312.770379603
423089.682336927
414182.813199778
405572.617320776
397251.865380075
389201.079441876
381411.803819107
373867.824747177
366557.645356862
359469.276235653
352598.907078549
345937.491224916
339473.293210553
333198.049213193
327101.553908614
 321181.32159797
315427.907837389
 309834.71830011
304394.730898631
299101.004196778
293951.306019061
288939.047246231
 284058.84720978
279303.068572792
274669.734182397
270156.861496265
265758.999411116
261471.220042561
257289.722293678
 253210.87624561
249229.637187894
 245345.58449753
241554.005469253
237852.116023312
234237.007423435
230705.893050893
227254.734628009
223881.907062738
220585.542706559
217364.872015367
214215.880449637
211135.171599591
208123.124639998
205176.481376229
202293.250752807
199471.333788225
196708.339461786
194004.228889746
191356.752047597
188764.132675511
186224.829078489
 183736.12434274
181296.715951256
178908.721629397
176568.404080046
174274.475215031
 172025.69127887
169820.836005079
167657.738646276
 165537.11649882
163457.083190991
161416.589794655
 159414.62181788
157449.417189448
155521.601955625
153628.616918224
151770.126888632
149946.729691129
148156.280300678
146397.689901571
144671.166419747
142975.306719631
141309.338038942
139672.662421986
138063.947487618
136483.811116334
134930.950301099
133404.732105323
131904.542150615
130428.978207281
128977.755291931
127552.174754964
126150.336924136
 124771.71084815
123415.780528042
122081.378418422
120769.228060524
 119478.31575212
118208.180303254
116958.373146587
115728.187905473
114517.528224811
113326.142142011
112152.998800516
110997.702278133
109861.045919563
108741.614063225
 107639.94262662
107639.942626621