 2.89529574336675
  2.8952955856212
 2.89529622466227
 2.89529479421109
 2.89529767731369
 2.89529202522146
 2.89530301780797
  2.8952816886691
 2.89532304543492
 2.89524287225675
 2.89551416990247
 2.89561657079925
 2.89579656441291
 2.89591569230709
 2.89606051239674
 2.89618045760368
  2.8963084185138
 2.89642513229357
 2.89655236251794
 2.89666496178855
 2.89680946789242
 2.89691501385029
 2.89712695756606
 2.89723367420319
  2.8976212236954
 2.89751732372285
 2.89695850491853
 2.89660278600291
  2.8960654766031
 2.89556237166504
 2.89497381787777
 2.89433059638686
 2.89363748718197
 2.89286495201205
 2.89200642849713
  2.8910787690796
 2.89002609704647
 2.88887141217976
 2.88760127744823
 2.88614314919128
 2.88456132834128
 2.88276830200475
  2.8807371344774
 2.87849111177824
 2.87591269438542
 2.87300434551529
 2.86972540788328
 2.86591481834901
 2.86161494892397
 2.85665045402581
  2.8508557158845
 2.84421127973715
 2.83638663192382
 2.82717099081739
 2.81635893101496
 2.80332391185022
 2.78774731730531
 2.76881891779736
 2.74536216724556
 2.71623192573013
 2.67979949344959
 2.62179986830962
 2.54942751235208
 2.47498778476758
 2.39592566623937
 2.31256044455067
  2.2251049569232
  2.1337637766213
  2.0388225430992
 1.94051195263918
  1.8380658410635
 1.64566122902975
 1.54578465720556
   1.447094213396
 1.35661219472647
 1.28336837462515
 1.22090041166483
 1.16601884802231
 1.11688214230709
 1.07233028575175
 1.03152852902251
0.993892370234626
0.958974524995533
0.926408658142378
0.895931953737444
0.867310033526744
0.840350155995034
0.814888201459771
0.790786933643724
0.767924639686891
0.746209337134195
0.725543307707042
0.705849322259212
0.687049869842092
0.669079474057179
0.651893687109514
0.635437831665477
0.619661848290322
0.604525573391418
0.589986331217536
0.576013123677678
0.562574807614048
0.549640501339508
0.537180820877601
0.525171447509251
0.513583884733437
0.502406394999002
0.491610956066088
0.481184500216957
0.471103722700992
0.461351780522666
0.451911306146283
0.442775921632369
0.433932364299601
0.425363910586686
0.417058541465121
0.409001760197034
0.401189340022629
0.393607931750018
0.386248017415825
0.379099579754813
 0.37215277029735
0.365403965151007
0.358843871392919
0.352464828890158
0.346256280232303
0.340215098089756
0.334338168945087
0.328617893202361
0.323047391438894
0.317621281597689
0.312334432291682
0.307179909524801
0.302156787897338
  0.2972586104885
0.292481437968043
 0.28782119033861
0.283273964740744
0.278834268534432
0.274499732278415
0.270267687295567
0.266136884908337
0.262101929390048
0.258158238406564
0.254306073275344
0.250541052672965
0.246860429374056
0.243261330237472
0.239740522122376
 0.23629777690563
0.232930058295438
0.229634943457589
0.226410316687151
 0.22325258057934
0.220159942465979
0.217134945843973
0.214172721815198
0.211271513295768
0.208429625642847
0.205645405050551
0.202916000122262
0.200242207676644
0.197621544840571
  0.1950525904276
0.192533971396665
0.190063380139606
0.187641514362506
0.185265074346262
0.182933558368437
 0.18064763555073
0.178404539693674
0.176202834069175
0.174042707636396
0.171922336240812
0.169840688101892
0.167796952667857
0.165789405902792
0.163818759283775
0.161883330189243
0.159982274665157
0.158114774249328
0.156279033179993
0.154474648624294
0.152703189099391
0.150962246633298
0.149251117024649
0.147569116492504
0.145914755724488
0.144288890952054
0.142690226485554
 0.14111815321925
 0.13957207920188
0.138051095381786
 0.13655504828542
0.135083592869926
0.133635423993635
0.132210022388856
0.130808335867463
0.129428589121091
0.128071413626926
0.128071413626927