 0.0126676869774374
 0.0126676869774374
 0.0126676869774374
 0.0126676869774374
 0.0126676869774374
 0.0126676869774374
 0.0126676869774374
 0.0126676869774374
 0.0126676869774374
 0.0126664389107701
 0.0126563681273033
 0.0126301342633062
 0.0125867371599512
 0.0125260969436454
 0.0124479158845443
 0.0123517779714338
 0.0122371995154269
 0.0121035500784769
 0.0119500388038098
 0.0117757498311051
 0.0115795476899317
 0.0113600287234739
 0.0111150306024461
  0.010841849601945
 0.0105379662734194
 0.0102115037795424
0.00988116205049122
0.00955621847458255
0.00923671525935765
0.00892267671982377
0.00861401196101671
0.00831082302568169
0.00801308555949544
0.00772072956291645
0.00743384379842471
0.00715237190780922
0.00687632464305243
0.00660574764537147
0.00634054128923289
0.00608080274338706
0.00582653454069949
0.00557763314018986
0.00533420336948334
0.00509620448579448
0.00486361315859456
 0.0046364921745529
0.00441475750627327
0.00419847496254121
 0.0039876626833192
 0.0037822185747652
0.00358224480936945
0.00338771624824647
0.00319857274006405
0.00301490769038226
  0.002836652855161
0.00266382630841116
0.00249646999374857
0.00233448184975399
0.00217796402704665
0.00202690716433441
0.00188122783623049
 0.0017479327994247
0.00163683764338217
0.00154787296682239
0.00147640156256889
0.00141950408536381
0.00137508639692527
0.00134164980364917
0.00131815361687727
0.00130390668385065
0.00129852790337332
0.00130186861418882
0.00131400325615533
0.00133525741357055
 0.0013644965329771
0.00139727981830573
0.00143048525252585
0.00146408173265436
0.00149807182125679
 0.0015324506140764
0.00156721846230916
0.00160237929805217
0.00163792807126154
0.00167387145750453
0.00171020741628919
0.00174692763897585
0.00178403470165224
0.00182153131648775
0.00185941951354931
0.00189770224133019
0.00193637285150135
0.00197542782090488
0.00201487062093094
0.00205470552210389
0.00209494268811555
 0.0021355714336508
0.00217658105109843
0.00221797919964405
0.00225976755698802
0.00230194942775616
0.00234452486031301
0.00238748566939739
0.00243083106596683
0.00247456568608528
0.00251869093080084
0.00256321477630658
0.00260812739505129
0.00265342440122527
0.00269910850575366
0.00274517946596703
0.00279165103298206
0.00283853035403571
0.00288580300547011
0.00293344685815571
0.00298146996282446
0.00302988239709657
0.00307869403464244
  0.003127895080053
0.00317747565965784
0.00322744556886603
0.00327780847726299
   0.00332857343858
0.00337972955538395
0.00343126629449385
0.00348319088375738
0.00353552058753426
0.00358825754635744
0.00364137384335208
0.00369486184059024
0.00374873367003676
0.00380299482908664
0.00385764531773987
0.00391269626202654
0.00396813876174734
 0.0040239634810607
0.00408017932016591
0.00413678448887448
0.00419377898718641
0.00425117441073115
0.00430897522623182
0.00436716936204017
 0.0044257370611824
0.00448467879967732
0.00454402185482728
0.00460375431784192
0.00466386420166957
0.00472436404065406
0.00478525714699985
0.00484655327863988
0.00490824081304792
0.00497030737183422
0.00503276126532056
0.00509560448841026
0.00515885295367012
0.00522252211696579
0.00528656499338111
0.00535096612705044
0.00541575659032313
0.00548093638319917
0.00554650573198203
0.00561248054303294
0.00567884847340302
0.00574559361673104
0.00581272808966242
0.00588025189219716
0.00594817873334598
 0.0060164949823595
0.00608520250064582
0.00615432115188905
0.00622381378013856
 0.0062936769181519
0.00636394079877063
0.00643459132156179
0.00650562135849511
0.00657704466278974
0.00664885971516616
0.00672107866717828
0.00679368702705508
0.00686667022476423
0.00694004275207674
 0.0070138046089926
0.00708797634375478
0.00716257221412794
0.00723753716194461
 0.0073128569294401
0.00738856602653896
0.00746466445404194
0.00754117157642295
0.00761807204362583
0.00769534649117666
0.00777301026833085
0.00785106337508839
0.00792951453825117
0.00800836220486877
0.00808759055254918
0.00816721520833865
0.00824725837501677
0.00832767991838094
0.00840847521660375
0.00848964797525816
0.00857099304418041