568.055263201444
 568.05526342965
568.055263135467
568.055263620469
568.055262729374
568.055264428463
568.055261151152
568.055267494554
568.055255203677
568.055279024882
568.055094277675
568.054385340231
568.053255388884
568.051626181817
568.049504185493
568.046828086179
568.043559880227
568.039627135436
568.034944624956
568.029407308474
568.022866312126
 568.01515726601
568.005997414691
567.995075661788
567.981822888829
567.965919002203
567.948380059278
567.929463557213
567.908772252235
567.886269978686
567.861645683915
567.834728754449
567.805229650439
567.772825316802
567.737197084726
567.697927766123
567.654547021198
567.606568477304
567.553320686671
567.494126814454
567.428201497089
567.354475470466
567.271907068767
567.179141932905
567.074529151084
566.956302680049
566.822094307057
566.669203404292
566.494494113762
566.293678681341
566.061985042367
565.793384246404
565.479827931181
565.111937117234
564.677131115107
564.158751192197
563.535975803052
562.778715978841
561.846381324174
560.682128615969
559.193996735315
557.271408402024
555.019161493996
552.560648495819
 549.85217667285
546.886239363177
543.651904937271
540.136089788385
536.324586236816
532.196391072805
527.677645398157
517.724686394204
512.126151821995
506.318902979817
500.716544258281
495.950525569155
491.704041326202
487.821738713305
484.214841856165
480.828639419994
477.623276675441
474.571730716036
471.653403546359
468.850897003112
466.152933241804
 463.54872884288
461.029519464345
458.587772609766
456.217324067052
453.912525819015
451.669868846747
449.484575057103
447.353336182726
445.272248790744
443.238183057904
441.249952364537
439.304872663983
 437.40041039729
435.534876565424
433.705982559812
 431.91261506669
430.153430845534
428.426900907954
426.731473943869
425.066081775388
423.428895572797
421.820270763723
420.238130219415
418.682394787134
417.151359490987
415.644127616913
414.159596520478
412.698283545629
411.259570678105
409.842173440431
408.445459968578
407.068287693729
405.711174831899
404.373026196073
403.053320840016
401.751376393249
400.466463073017
399.198938188739
397.948070883826
 396.71336930301
395.493714561511
394.289370463883
393.100593292985
391.926710036816
390.767132450978
389.621529777449
388.489583285178
387.370544218628
386.264920453192
385.171997333814
384.091569239144
383.023368827553
381.967137633056
380.922213110342
379.888624210511
378.866314065382
377.855554331478
376.855590628499
375.865818808943
374.886818428523
 373.91799376801
372.959130853975
372.009959766936
371.070089713016
370.139909522988
369.219050140607
368.307283153769
367.404444679648
366.509934437698
365.623630398615
364.746650093016
363.877985562023
363.017493648034
362.165034894998
361.320467700567
360.483269711919
359.654016409635
 358.83227569671
358.017924679861
357.210843466299
 356.41059815466
355.617711166925
354.831401555688
354.051782117631
353.279359402617
352.513485149155
 351.75393552599
351.001037276267
 350.25441808938
 349.51396619237
348.779639515181
348.051058605844
347.328714717611
346.612229908947
345.901519288162
345.196499776215
 344.49670900007
 343.80219738085
343.113777900456
  342.4307342164
 341.75299156942
341.080476712946
  340.4127855424
339.750448644473
339.093130230529
338.440762725776
337.793279888073
337.150476059693
336.512456455805
335.879244837104
335.250446772334
334.625994223269
334.006461069523
333.391227158528
332.780727820358
332.780727820362