1475290.07614468
1475289.99535132
1475290.32150735
1475289.59174382
 1475291.0624396
1475288.17934493
1475293.78654084
1475282.90681314
1475304.00236761
1475263.10707101
1475401.68167072
1475455.14772919
1475548.91602742
1475612.57759775
1475690.22627156
1475756.20710359
1475827.34868631
1475893.96730363
1475967.30771888
1476034.74686647
1476120.26943419
 1476188.0629014
1476312.71195491
1476386.94350514
1476608.52351658
1476584.48472318
1476331.58163867
1476184.67308122
1475948.43353065
1475732.90005302
1475477.65324517
1475198.68470308
1474898.95009859
1474563.97226048
1474190.97396445
1473789.29028791
1473331.27478196
1472829.51420016
1472278.35161244
1471641.99467204
1470954.61219742
 1470173.4658275
1469286.63641302
1468308.36659189
1467181.57653416
1465910.56581169
1464478.67808255
1462808.33653397
1460926.47455536
1458750.84100241
1456204.80246926
1453288.37098377
1449845.88110916
1445784.61003546
1441019.46981672
1435255.86924248
  1428362.107976
1419967.89022475
1409527.94920432
1396532.24037367
 1380267.0369437
1353501.39831075
1319666.25432655
1284855.61527542
1247762.28809034
1208501.12843173
1167132.68381794
1123711.55974753
1078331.91242612
1031062.54346976
981490.721154503
888206.432681501
839222.269744041
790368.662673965
745176.217204419
 708310.53585381
676661.288202325
648692.931707099
623519.123459127
600582.429496452
579480.579539556
559932.589544587
541723.198220038
524675.255916099
508662.765637325
493572.391859622
479310.883323828
465798.634915629
 452969.09359947
440762.967113962
429136.026692437
 418040.28665845
 407438.14826178
397291.339238813
387567.615625081
378245.752443295
369298.665417115
360701.466430266
352434.393570508
344476.076628088
336811.329597183
329424.714942797
322300.773145827
315424.713471864
 308784.40347896
302365.271362408
296161.927470235
290159.850478536
284352.736445657
278728.497574933
273278.562641796
267993.993217435
262871.948617208
 257905.68431281
 253086.45120071
248408.088379616
243862.987506421
239449.295425921
235159.971051731
230990.098136264
226934.441524824
222987.826190441
219148.587986377
215411.814547389
211773.494440691
208227.933826634
204773.658684689
 201409.19097634
 198130.46675779
194933.812158967
191816.393360098
188775.504159252
185807.383589384
182911.718064758
180084.994137117
177325.136200282
174629.975713297
171997.435177107
169424.503947323
166909.970474208
164452.442375665
162051.345935909
 159703.68820798
 157406.93707723
155161.375228626
152964.573590627
150815.047777937
148711.232943508
146651.346517235
144635.359510247
142661.594468884
 140728.72714377
138835.608159907
136980.211985143
135161.567558093
133381.253699848
131636.484155104
129926.298619556
128249.769840112
126605.991057464
124993.343921179
123412.363194945
121861.642538014
120340.399946313
118847.879088876
 117382.76629432
115945.528296937
114534.257145793
113148.702948781
111789.311399947
110454.483325555
109143.406984272
107856.237390467
 106591.92846891
105349.904104579
104129.718505457
 102930.37834564
101752.344271621
100594.644856684
99456.8082296146
98338.3763548323
97238.3038324665
96156.3781997501
95093.5696483328
94048.4619215722
93020.6591810265
92009.7767356178
91014.9441489225
90036.7008403505
 89074.291067684
88127.3710014318
87195.6062226042
86278.4701084536
85375.8908236659
84487.6805233684
 83613.070676329
82751.7661119282
81904.3582899328
81069.7917966389
80248.4661729266
80248.4661729279