0.0577325720282617
0.0577325322421678
0.0577325835307848
0.0577324989741614
0.0577326543297011
0.0577323581056559
0.0577329294800147
0.0577318235504019
0.0577339663626227
0.0577298132610799
 0.057762015153933
0.0578854187218947
 0.058081566452872
0.0583632213500012
 0.058728047108158
0.0591849369225155
0.0597381861389662
0.0603972244814053
0.0611726651438743
0.0620771899555448
0.0631290052843169
0.0643466237628448
0.0657641537310854
 0.067415486645158
0.0693666127840993
0.0716381033021484
0.0740625990305357
0.0765917836403026
 0.079266180075502
 0.082076104537755
0.0850450544486232
0.0881765591793292
 0.091485932527207
 0.094988996154104
0.0986978321026777
 0.102631304557967
 0.106809228149777
 0.111248428929505
 0.115977639831714
 0.121019695018225
 0.126400351667221
 0.132160534463224
 0.138329610957258
 0.144950670829194
 0.152075521761862
 0.159749930766531
 0.168042936107447
 0.177024248103912
 0.186767448456683
 0.197383557540602
 0.208975909232896
 0.221673662147593
 0.235653510346243
 0.251092384873586
 0.268231240769404
 0.287378321989701
 0.308878404148953
 0.333243327336385
 0.361109989322017
 0.393317339281923
 0.431250827885261
 0.476192567161597
 0.524475231102952
 0.573140349802838
 0.623031064703547
 0.674194535022441
 0.726743878063675
 0.780824478637862
 0.836595209806068
 0.894307424669741
  0.95489760085466
  1.08122374866306
  1.14907083126049
  1.21764431742525
  1.28242242741798
  1.33668352338018
  1.38450122203079
  1.42786232395111
  1.46789840276018
  1.50530725386032
   1.5405911752642
  1.57409185602239
  1.60606800818864
  1.63673476210106
  1.66623428711073
  1.69469904645212
  1.72223621605397
  1.74893708712974
  1.77487613970141
  1.80012077449654
  1.82471382624524
  1.84871112920314
  1.87215168225343
  1.89508046592644
  1.91753352187188
   1.9395250418914
  1.96108541186174
   1.9822431379453
  2.00301716095675
  2.02343294278548
  2.04350271012685
  2.06324111525678
  2.08266480487362
  2.10179063288855
   2.1206299662655
  2.13920276230131
  2.15750416075852
  2.17555689677705
  2.19336094433039
  2.21093484934615
  2.22828795599517
  2.24543200888433
  2.26236001575707
  2.27907803194144
  2.29559989718764
  2.31193191706003
   2.3280864179481
  2.34405625486557
  2.35985321917396
  2.37548239718572
  2.39095082089841
  2.40626614196747
  2.42142305674447
  2.43642923719252
  2.45128954562769
  2.46601646536722
  2.48060584164751
  2.49505353525357
  2.50936668279235
  2.52355145785492
  2.53761093330424
  2.55154805898129
  2.56537113033287
  2.57907294003907
    2.592661400209
  2.60613815634205
  2.61950563981571
  2.63276619376731
  2.64592728205297
  2.65898770656548
  2.67194733702359
  2.68480185122666
  2.69755997861343
  2.71022863120098
  2.72279958212824
  2.73527965942573
  2.74767083491507
   2.7599758296208
  2.77219897161447
  2.78433445464932
   2.7963863319942
  2.80835685792738
  2.82024746319905
  2.83206537054396
  2.84381154461888
  2.85547045651636
  2.86705477281694
  2.87856573223286
  2.89000453952089
  2.90137244385168
  2.91267585911715
  2.92390638806415
  2.93506923943485
  2.94616546745709
  2.95719609931834
  2.96816648715498
  2.97906887961451
  2.98991343573375
  3.00069805667534
  3.01141514818329
  3.02207312128736
  3.03267455668946
  3.04321434846394
  3.05369716134977
   3.0641240430019
   3.0744950693289
  3.08481510481539
  3.09507668539918
  3.10528466342718
  3.11543975654782
  3.12554266667957
  3.13559956461742
  3.14560929271218
  3.15555964377015
  3.16546047248039
  3.17531240896469
  3.18511607044604
  3.19487692673907
  3.20458678940433
  3.21425013431168
  3.22386753019007
  3.23343953442185
  3.24296878225348
  3.25245331243047
  3.26189235977645
  3.27129141234276
  3.28065112159719
  3.28996248683639
  3.29923443032554
   3.3084600021108
  3.30846000211077