515945.254314432
515945.226618526
515945.339962036
515945.085934901
515945.598088621
515944.593965297
515946.546904354
515942.757548601
 515950.10504815
515935.861361009
515983.871312612
516000.831318225
516030.853359403
516049.121820656
516071.072947563
516087.584252768
516104.447595177
516118.098705864
516132.260687713
516142.261520589
516156.122810338
516160.918418273
516182.033339261
516181.195997091
 516226.15257106
 516178.73431326
516047.310598326
515949.574001947
515816.279813954
 515685.80362059
515536.273438818
515372.867359602
515195.917141885
514999.585068773
514782.135097519
514545.822392835
514279.864277589
513987.492064014
513665.121383954
513298.652789788
512898.140333395
512446.135513863
511936.032489983
511369.603548713
 510723.09088909
509993.889012629
509170.692274421
508220.306552598
507144.939745473
505906.249334532
504466.965351262
502813.695783629
500874.795791584
498598.023435352
495927.185646334
492725.971225933
488906.952819688
484283.192032607
478590.787836311
471552.216499471
462761.068951212
449637.551874705
433698.715960172
417313.543358706
400032.016411864
381958.869156103
363179.932554927
343781.296067312
323865.251596383
303521.658550231
282636.320381974
243594.623814376
223888.823401089
204868.224893895
187831.796937024
 174324.15022342
163011.149492031
153234.792423477
144614.904581276
136911.125627228
  129951.6282312
123615.406137337
117810.101463083
112460.917396222
107513.099662907
102918.790492522
98638.6834545086
94639.5105962226
90893.4409081814
87376.0588137858
 84068.332283377
80951.0413930008
78008.6706627151
75226.1843168027
72590.7950242861
70093.1588577483
67722.7558388567
 65470.045782282
63327.1681493175
61286.1429654414
59340.8373456132
57485.2701644888
55713.6621068899
54020.5951212303
 52401.476486673
50851.2795818376
 49367.321575391
47944.8515375588
46581.1861066042
45272.3852717035
 44015.436512367
42807.3337606257
41646.5312827575
40530.6522177635
39456.9440648316
38423.3016563206
37427.3632254827
36468.0749797742
35543.2971187637
34651.3999249172
33790.7291937019
32959.6866817815
32157.4442092789
31382.5229475955
30633.6660845146
29909.3066164119
29208.7677475465
28531.3861994675
27875.9993051961
27241.5496221134
 26627.169468315
26032.0359419313
25455.1411645474
24896.1622796299
24354.1719977889
23828.5366567009
23318.6187852234
22823.8116966384
22343.3484803577
21876.8111064234
21423.7565782199
20983.8998354063
20556.5229219684
20141.0064590829
19737.2474824753
19344.6618150356
 18962.844441909
18591.3842116034
18229.8401064324
17878.0842239219
17535.7058125753
17202.3628211521
16877.7495517392
16561.4174267096
16253.1046025856
15952.9815444788
15660.4859302685
15375.3696324371
15097.3944159925
14826.3296377109
 14561.832604254
14303.9165627833
14052.2802617537
13806.7282863837
13567.0726606916
13333.0400019905
13104.6434223045
12881.5214956764
12663.5790553556
12450.8305947452
12242.9728380237
12039.8294189188
11841.3752794448
11647.4019352779
11457.7758959158
11272.3854975999
11091.0383631038
10913.7631632336
10740.3741042349
10570.7626291899
10404.8238775301
10242.3682166493
10083.3310616183
9927.82096612454
9775.59810766839
9626.57401125245
 9480.6630986316
9337.71153386473
9197.76876944674
9060.69943897316
8926.42846037029
 8794.8831390312
8665.96489878127
 8539.6400237298
8415.85905604076
8294.49291770846
8175.47965377324
8058.87966067036
7944.52738642345
7832.45758764536
7832.45758764559