  2.15852068342452
  2.15852056582098
  2.15852104224324
   2.1585199758035
  2.15852212523387
  2.15851791144742
  2.15852610671569
  2.15851020527022
   2.1585410378491
  2.15848126659301
  2.15868352626924
  2.15875986888613
  2.15889405895595
  2.15898287199832
  2.15909083926198
  2.15918026163297
  2.15927565992579
  2.15936267318109
  2.15945752672809
  2.15954147250638
   2.1596492056852
  2.15972789302953
  2.15988590275798
  2.15996546287513
    2.160254391423
   2.1601769312049
  2.15976031678816
  2.15949511878944
  2.15909454021106
  2.15871946197692
  2.15828067933234
  2.15780114044747
  2.15728440893289
  2.15670846322967
  2.15606841090741
  2.15537681591422
   2.1545920206609
  2.15373117210222
  2.15278425257076
  2.15169717882055
  2.15051788892245
  2.14918113966559
  2.14766684975951
  2.14599237955637
  2.14407010018796
   2.1419018480482
  2.13945731204024
  2.13661641527016
  2.13341074720974
  2.12970958302125
  2.12538945021212
  2.12043584473448
  2.11460235978419
  2.10773185200106
  2.09967117123384
  2.08995321460009
  2.07834044530716
  2.06422881545531
  2.04674117836401
  2.02502380148868
  1.99786244541472
   1.9546221682229
  1.90066663445733
  1.84516981965776
  1.78622688834944
  1.72407587814415
    1.658875464903
  1.59077816348508
   1.5199969257698
  1.44670374202723
  1.37032741629984
  1.22688461408779
  1.15242394920893
  1.07884757459941
  1.01139080123744
  0.95678556756349
  0.91021402460102
 0.869298345941092
 0.832665613052012
 0.799451008264234
 0.769032203545614
 0.740973437053653
  0.71494124626904
 0.690662518495813
 0.667941317398694
 0.646602907698869
 0.626503595423737
 0.607521024945161
 0.589552882935185
 0.572508429190031
 0.556319088320724
 0.540912008727917
 0.526229614010349
 0.512214117675518
  0.49881670531102
 0.486004239892781
 0.473735958001103
  0.46197453898384
 0.450690039804736
 0.439850644545878
 0.429433243298469
 0.419414618002522
 0.409771745531444
  0.40048271934215
 0.391529409176879
 0.382890570129304
 0.374557451540013
 0.366509162077106
 0.358735959406282
 0.351220469210482
 0.343950134584493
 0.336912007564327
 0.330101333224928
 0.323508223881413
 0.317120211669995
 0.310928336082347
 0.304921789411307
 0.299097420494008
 0.293445277149616
 0.287958263480983
 0.282628911348022
 0.277449878452299
 0.272418463084747
 0.267527737121959
 0.262771989729243
 0.258143350073785
 0.253639486647432
 0.249258078239379
 0.244993459146889
 0.240840500575717
 0.236795190057919
 0.232853702006721
 0.229010866941949
 0.225265994953284
 0.221614272232977
 0.218052761904605
 0.214578422220634
  0.21118834349459
 0.207878430815928
 0.204646917702595
  0.20149181458417
 0.198412190538024
 0.195404022905105
 0.192463895432329
 0.189592002938875
  0.18678507903054
  0.18404107557708
 0.181357850574656
 0.178732993630002
 0.176166334671195
 0.173655610061211
 0.171199013512119
 0.168794967709109
 0.166440790690363
 0.164135145973642
 0.161879929804155
 0.159671512287672
    0.157508583471
 0.155389879952421
 0.153314168775262
 0.151279324146815
 0.149285940116782
 0.147332165636608
 0.145416941173658
 0.143539243088965
 0.141697350998712
  0.13989178506151
 0.138120085248207
  0.13638187751126
 0.134677660698854
 0.133005372535045
 0.131363941900478
 0.129753509669281
 0.128172715885297
 0.126620791328449
 0.125097131710629
 0.123600451716794
 0.122131281772198
 0.120688367437309
 0.119271079521737
 0.117878807839957
 0.116510213603375
 0.115164996489285
 0.113844325869327
 0.112546406535759
 0.111270713487561
 0.110016736947692
 0.108783366593803
 0.107571240769424
 0.106379393503147
 0.105207370690296
 0.104054731015318
 0.102920796755805
 0.101805453493107
 0.100708443988514
 0.099628795223883
 0.098566120071215
0.0975211251496992
0.0964924869193025
0.0954806761632152
0.0954806761632158