832.847546911503
832.847547580666
832.847546718041
832.847548140199
832.847545527263
832.847550509461
832.847540899478
832.847559500089
 832.84752345984
832.847593310198
832.847051580379
832.844972781695
832.841659460339
832.836882198496
832.830659970021
832.822813004952
832.813229891344
832.801698273751
832.787968292881
832.771732009848
832.752552983465
 832.72994937135
 832.70309226754
832.671069753619
832.632213529789
832.585585618834
832.534165471567
832.478708417559
832.418050331762
832.352085766693
832.279903571673
832.201004464161
832.114540762388
832.019566829845
831.915150222277
 831.80007017667
831.672950713232
831.532369540794
831.376362943522
 831.20295255878
831.009843474567
830.793911050116
830.552113948732
  830.2804982417
829.974245997995
829.628207894259
829.235479660958
828.788194829927
828.277227671203
827.690103276412
827.012958859478
826.228296959604
825.312777899284
824.239260478494
822.971383157538
821.461082840984
819.648460509221
817.447111004758
 814.74088580996
811.367787712826
807.066527254653
801.526448889857
795.060703640465
788.032701680526
780.326277434174
771.930723460571
762.827187358171
752.992632576812
742.403050205425
731.018192465914
718.657110473461
691.802428447483
676.921397289986
 661.65655314153
647.095257953169
634.835266001603
624.010489757437
614.195505900817
605.146504255492
596.712299616679
588.783054386849
581.283591675865
574.156492649025
567.353629166661
560.842836933638
554.593945055749
548.582314666472
542.786798779679
537.189951681254
531.775922300679
526.534186150569
521.451498810852
516.518279503974
511.723772211037
  507.0591996915
502.520378014469
498.099809385257
493.790473650065
489.587375673918
485.484267152335
481.477628219762
477.563489658494
473.737538834931
469.995485493114
466.334169249918
462.748818185569
459.239491101254
455.800970680889
452.432436971711
449.129582462715
445.889897593043
442.710469454137
439.591878284961
436.532286680447
  433.5284736879
430.578639228141
427.679935077827
 424.83302976766
422.035215679365
 419.28501597668
416.580638621423
 413.92021692144
411.304148279821
408.730590063643
406.198212372555
 403.70442188066
401.249471314505
398.833595166594
396.455145283991
394.112664354008
 391.80523026486
389.531955919709
387.291104731541
385.083465667081
 382.90738812781
380.762249478869
 378.64731208674
376.561864063981
374.504406867674
372.474814310375
370.472793737226
368.498696448958
366.550874146226
364.627987479461
362.731001758834
360.858603854673
359.010229158221
357.185211422887
355.382659645441
353.603181369689
351.845933634616
350.110349268578
348.395989083393
346.701592570721
345.026814055653
343.373644996973
341.740065496647
340.125695430378
338.530165183882
336.953104605385
335.393438488053
 333.85213968146
332.328305798631
330.821614123305
329.331750393352
327.857825466416
 326.40071362912
324.958894128208
323.532493020185
322.122353284097
320.727209219262
319.346576740282
317.980973465002
316.629648705976
315.292328206275
313.968865506103
312.658509218347
311.362075280392
310.078817711841
308.808519927367
307.550970338755
306.305284583504
305.071495480452
303.850986153371
302.642425438077
301.445624588071
300.260399005628
299.085984154693
297.923260689432
296.771585932477
295.630790745657
  294.5007096078
293.380935623377
292.271604981082
291.172711607544
290.083525773776
289.003886978735
287.934742640823
286.874978310154
285.825300835326
285.825300835333