32.7952913988105
32.7952688112854
32.7952979290703
32.7952499242357
32.7953381233225
32.7951699497871
32.7954943327908
 32.794866469872
32.7960829960401
32.7937251800771
32.8120069639359
32.8820659522278
32.9934229016397
33.1533227970776
33.3604380415714
33.6198156893155
 33.933891915166
34.3080168744327
34.7482114575616
35.2616694178237
 35.858718529031
 36.549857616189
37.3544337341582
38.2916644377928
39.3989751767362
40.6880011775795
42.0637331423726
43.4987305957272
45.0159590078029
46.6098928603264
48.2938245764733
 50.069712564095
51.9461909283953
53.9321707204225
56.0344305563131
58.2635789214915
60.6307440230456
63.1453389931677
65.8234946118923
68.6779661517189
 71.723124215131
 74.981870708279
78.4705022118042
 82.212997103501
86.2381548985131
90.5712301007862
95.2504489779299
100.314189656287
105.802731230387
111.777060910877
118.293318006407
 125.42149150478
133.257306481972
141.895304011298
151.464047513113
162.126995253419
 174.06409288657
187.542251866887
202.888340760586
220.526003010158
241.152874040573
265.368502572718
 291.09380299113
316.694803366177
342.574987062049
368.707713857629
395.095693710817
421.751480702509
448.686579746942
475.947183918851
503.878117615336
559.776226198551
588.469222984337
616.516335018359
642.130126136049
 662.92889594003
680.764846093604
 696.54228151305
710.778192953436
723.794838782706
735.822205146955
747.019496418564
757.507442389096
 767.38456136726
776.720000404736
785.575588754119
794.001735091454
802.041163221439
809.729243005036
817.097367531007
824.168254583034
830.967136313211
837.513300896174
843.826740702478
849.924074187115
855.815332344408
861.514377141116
867.033962044488
872.383831955724
 877.57497259467
882.614599426755
887.510244389269
892.269627982074
896.900214693949
901.407870655947
905.800263047522
910.078989265016
914.251962487542
918.321612804818
922.294478150748
926.174803548886
929.967214813703
933.672095265202
937.292652958139
940.833651213012
944.298095279618
947.690151757161
 951.00981703357
954.260987615919
957.446068782704
960.567783184507
963.628891086065
966.629513158122
969.572314785713
972.459334783207
975.294012057931
978.076515672227
 980.80702500594
983.487828262804
986.120966778454
988.707853813981
991.249842165745
993.749210879798
996.205404027171
998.620569928784
1000.99569412343
1003.33187482499
1005.63016709037
1007.89247600865
1010.11918163982
1012.31083895494
1014.46729176543
1016.59055899617
 1018.6823036258
1020.74167256257
1022.77028264691
1024.76892646274
1026.73849733495
1028.68012109931
1030.59330312564
1032.47910532508
1034.33828446949
1036.17145307583
1037.98009328134
1039.76470111305
1041.52328345392
1043.25811522861
1044.96971741629
1046.65859490229
1048.32524838603
1049.97091730552
1051.59467607306
1053.19757451382
1054.78004642246
1056.34251293275
1057.88599310952
1059.40965637713
1060.91517493159
1062.40249456282
1063.87081444553
1065.32152836059
1066.75521048505
1068.17139296486
1069.57092226976
1070.95414717499
1072.32128197173
 1073.6731628343
1075.00900709214
1076.32964169255
1077.63534504063
1078.92638843901
1080.20373075275
1081.46738693607
1082.71599076419
1083.95095372445
1085.17251493118
 1086.3809076938
1087.57695409639
1088.75979942027
1089.93013938765
1091.08818584439
1092.23414565212
1093.36846878348
 1094.4910536738
1095.60194254163
1096.70190751041
1097.79114326414
1098.86872727971
 1099.9358154099
1100.99172746697
1100.99172746698