0.000000000000000000e+00
9.298442211055275332e-04
1.859688442211055066e-03
2.789532663316582600e-03
3.719376884422110133e-03
4.649221105527637232e-03
5.579065326633165199e-03
6.508909547738693166e-03
7.438753768844220265e-03
8.368597989949747365e-03
9.298442211055274464e-03
1.022828643216080330e-02
1.115813065326633040e-02
1.208797487437185750e-02
1.301781909547738633e-02
1.394766331658291343e-02
1.487750753768844053e-02
1.580735175879396937e-02
1.673719597989949473e-02
1.766704020100502356e-02
1.859688442211054893e-02
1.952672864321607776e-02
2.045657286432160660e-02
2.138641708542713196e-02
2.231626130653266080e-02
2.324610552763818963e-02
2.417594974874371500e-02
2.510579396984924383e-02
2.603563819095477266e-02
2.696548241206029803e-02
2.789532663316582686e-02
2.882517085427135223e-02
2.975501507537688106e-02
3.068485929648240990e-02
3.161470351758793873e-02
3.254454773869346063e-02
3.347439195979898946e-02
3.440423618090451829e-02
3.533408040201004713e-02
3.626392462311557596e-02
3.719376884422109786e-02
3.812361306532662669e-02
3.905345728643215553e-02
3.998330150753768436e-02
4.091314572864321319e-02
4.184298994974874203e-02
4.277283417085426392e-02
4.370267839195979276e-02
4.463252261306532159e-02
4.556236683417085043e-02
4.649221105527637926e-02
4.742205527638190116e-02
4.835189949748742999e-02
4.928174371859295883e-02
5.021158793969848766e-02
5.114143216080401649e-02
5.207127638190954533e-02
5.300112060301506722e-02
5.393096482412059606e-02
5.486080904522612489e-02
5.579065326633165373e-02
5.672049748743718256e-02
5.765034170854270446e-02
5.858018592964823329e-02
5.951003015075376212e-02
6.043987437185929096e-02
6.136971859296481979e-02
6.229956281407034169e-02
6.322940703517587746e-02
6.415925125628139936e-02
6.508909547738692125e-02
6.601893969849245702e-02
6.694878391959797892e-02
6.787862814070351469e-02
6.880847236180903659e-02
6.973831658291455848e-02
7.066816080402009426e-02
7.159800502512561615e-02
7.252784924623115193e-02
7.345769346733667382e-02
7.438753768844219572e-02
7.531738190954773149e-02
7.624722613065325338e-02
7.717707035175878916e-02
7.810691457286431105e-02
7.903675879396984683e-02
7.996660301507536872e-02
8.089644723618089062e-02
8.182629145728642639e-02
8.275613567839194828e-02
8.368597989949748406e-02
8.461582412060300595e-02
8.554566834170852785e-02
8.647551256281406362e-02
8.740535678391958552e-02
8.833520100502512129e-02
8.926504522613064319e-02
9.019488944723616508e-02
9.112473366834170085e-02
9.205457788944722275e-02
9.298442211055275852e-02
9.391426633165828042e-02
9.484411055276380231e-02
9.577395477386933809e-02
9.670379899497485998e-02
9.763364321608039575e-02
9.856348743718591765e-02
9.949333165829143955e-02
1.004231758793969753e-01
1.013530201005024972e-01
1.022828643216080330e-01
1.032127085427135549e-01
1.041425527638190907e-01
1.050723969849246126e-01
1.060022412060301344e-01
1.069320854271356702e-01
1.078619296482411921e-01
1.087917738693467279e-01
1.097216180904522498e-01
1.106514623115577717e-01
1.115813065326633075e-01
1.125111507537688293e-01
1.134409949748743651e-01
1.143708391959798870e-01
1.153006834170854089e-01
1.162305276381909447e-01
1.171603718592964666e-01
1.180902160804020024e-01
1.190200603015075242e-01
1.199499045226130461e-01
1.208797487437185819e-01
1.218095929648241038e-01
1.227394371859296396e-01
1.236692814070351615e-01
1.245991256281406834e-01
1.255289698492462191e-01
1.264588140703517549e-01
1.273886582914572629e-01
1.283185025125627987e-01
1.292483467336683345e-01
1.301781909547738425e-01
1.311080351758793783e-01
1.320378793969849140e-01
1.329677236180904498e-01
1.338975678391959578e-01
1.348274120603014936e-01
1.357572562814070294e-01
1.366871005025125374e-01
1.376169447236180732e-01
1.385467889447236089e-01
1.394766331658291170e-01
1.404064773869346527e-01
1.413363216080401885e-01
1.422661658291457243e-01
1.431960100502512323e-01
1.441258542713567681e-01
1.450556984924623039e-01
1.459855427135678119e-01
1.469153869346733476e-01
1.478452311557788834e-01
1.487750753768843914e-01
1.497049195979899272e-01
1.506347638190954630e-01
1.515646080402009988e-01
1.524944522613065068e-01
1.534242964824120425e-01
1.543541407035175783e-01
1.552839849246230863e-01
1.562138291457286221e-01
1.571436733668341579e-01
1.580735175879396937e-01
1.590033618090452017e-01
1.599332060301507374e-01
1.608630502512562732e-01
1.617928944723617812e-01
1.627227386934673170e-01
1.636525829145728528e-01
1.645824271356783608e-01
1.655122713567838966e-01
1.664421155778894323e-01
1.673719597989949681e-01
1.683018040201004761e-01
1.692316482412060119e-01
1.701614924623115477e-01
1.710913366834170557e-01
1.720211809045225915e-01
1.729510251256281272e-01
1.738808693467336353e-01
1.748107135678391710e-01
1.757405577889447068e-01
1.766704020100502426e-01
1.776002462311557506e-01
1.785300904522612864e-01
1.794599346733668221e-01
1.803897788944723302e-01
1.813196231155778659e-01
1.822494673366834017e-01
1.831793115577889375e-01
1.841091557788944455e-01
1.850389999999999813e-01
